"","SRR16095325","SRR16095331","SRR16095334","SRR16095326","SRR16095336","SRR16095329","SRR16095340","SRR16095324","SRR16095339","SRR16095337","SRR16095341","SRR16095327","SRR16095338","SRR16095323","SRR16095345","SRR16095344","SRR16095330","SRR16095343","SRR16095335","SRR16095342","SRR16095328","SRR16095333","SRR16095322","SRR16095332"
"1883",346135,344251,321751,319575,318012,308062,302915,293345,292578,290202,287552,272737,270476,270285,270122,266038,260334,257028,255423,254415,253438,250123,246560,232051
"356",198150,202402,179698,173466,182082,192100,135230,172743,131113,130373,130725,166341,119219,126950,122993,126841,149935,123830,149512,125606,119321,145768,129672,150490
"80840",189449,161522,135604,137354,136922,135748,76228,152490,75593,72304,72401,121670,64612,76481,76604,78698,114679,77489,113492,78170,74993,121985,80149,92927
"286",152141,127295,131454,108695,129043,114196,81784,110047,80052,79356,78638,102691,71149,79871,77747,78641,92153,77969,103962,78915,76183,104844,79680,85459
"374",140909,144864,124008,119526,122682,136703,92108,124085,90708,90062,88356,117768,81935,89458,88232,90059,102708,87338,103076,89043,85215,101123,91997,102794
"661488",4112,4321,3769,2142,3600,11980,1069,3135,1057,1039,784,3392,810,1193,1260,1104,2597,820,3763,1130,1152,3275,1102,129626
"9606",108495,115175,73560,127798,81277,105856,49080,79474,49563,44293,46859,68649,37235,50321,54923,40416,70537,41623,74523,44835,46197,62855,45431,67774
"1658665",64085,79205,21137,123771,45874,35718,4232,30405,4075,4221,4063,16410,3724,4243,4238,4595,20602,5209,21725,4775,4130,15419,4505,8274
"2518343",9774,3446,24395,12226,114811,3315,1356,70930,1251,1389,1627,2453,1104,1235,1243,1252,1998,1221,11145,1157,1403,33748,1188,1723
"2487344",15469,5000,4518,2611,6827,14879,3151,4018,2463,2380,2046,2351,2778,3276,2754,1329,2719,1058,4219,1237,3474,5290,1213,112605
"34073",111960,56975,94955,50201,101974,42694,20052,67696,20363,19142,18589,54060,16952,20557,21744,22005,31614,20080,92922,20899,22613,70009,22222,48595
"3039158",99591,100700,59559,73118,59981,93180,64194,86116,43309,62147,59565,72360,58149,44910,45502,57759,49949,53205,44019,57108,43678,38547,49134,54868
"858422",97114,87604,72595,70161,71263,94224,44035,83022,45846,42559,37516,68707,41629,46950,48947,44171,44220,37463,51346,41844,43720,47917,33989,45952
"94132",88094,72616,62468,63372,59600,53564,31612,72095,27102,29393,28655,56145,26142,26884,27604,31296,46806,30189,53601,30525,29120,55648,29284,39566
"80864",81222,64463,61344,58537,77143,51869,25519,78793,24506,24207,23619,48882,21016,24472,25772,26614,42905,26486,49977,26565,25436,57443,27020,37172
"103731",9471,9890,8144,8374,8038,9407,8413,8203,7992,8169,7872,7441,7333,7456,7215,7246,7082,6987,6794,7128,6704,6243,6703,80413
"56",72623,74481,79675,58276,76521,62215,52471,66589,69298,51853,50541,58475,47603,69378,74715,51600,54455,51639,69220,52291,73870,75097,55284,50977
"13687",58523,53624,58429,47802,79645,51093,46878,52693,36069,42566,49070,51097,39252,36499,32068,31933,33883,29033,58177,29868,34086,43035,27082,38033
"85006",76237,74860,73819,72821,72222,66589,68336,63739,66638,64852,65072,60910,60348,61662,61391,58742,58218,56100,57293,55898,57800,57054,55129,51412
"41297",60520,57895,59827,51304,75996,52853,43288,56399,36079,39705,44260,54564,37004,35402,32414,32369,36543,30022,57419,30594,34136,46184,28675,39653
"68",53354,34165,63737,31226,70313,33461,22309,39637,24071,20835,22301,34054,19844,26900,23904,15422,19611,14983,52574,15114,23837,44688,15826,31050
"2951806",64217,63550,48248,49022,43000,63579,35523,67678,23709,34143,35957,53178,32554,23618,22465,26461,43931,32836,39913,30032,25323,24144,28760,48196
"32033",38783,33648,47846,31110,67610,35612,23164,38043,24718,21581,23040,36239,20350,26683,23832,17629,21838,17398,42923,17520,23999,41823,18176,30642
"3037797",56238,66404,37170,42524,33114,58680,15830,58176,13065,15123,14059,47492,12720,13427,14376,21466,48197,22293,31254,22030,13315,34889,21252,30210
"1855912",57991,63710,58768,48598,57580,57109,38641,49699,37578,37471,35207,49097,35068,38557,40106,43458,46365,42463,46605,44154,37790,50224,46038,45567
"2802971",60862,63186,58798,50938,58183,57773,41100,51647,39048,39632,36924,51128,36543,40043,41255,44777,46706,43571,46775,45714,38717,50914,47259,45921
"1873",63067,61168,58990,57733,57339,55702,58976,53298,58835,56549,56915,48433,53066,53326,53479,50597,44588,47753,47320,47667,50623,45324,44020,38204
"358220",7369,3245,13799,7472,62606,2940,1281,37669,1238,1256,1404,2211,1128,1175,1189,1246,1946,1199,6969,1240,1408,17917,1121,1680
"1573718",61640,1825,5888,1531,4475,408,263,1401,359,277,230,960,224,366,478,269,622,258,6422,245,528,7471,261,904
"2760713",58752,21268,38803,33947,18174,10393,571,35695,589,495,505,59119,389,730,693,583,11552,831,44546,747,713,60785,1019,13418
"2884022",45258,45242,39601,45716,36747,38821,54777,36459,52931,51769,51967,32135,49080,46151,46313,42412,36288,41260,30870,39927,43148,29518,37471,28077
"380",54494,21255,31905,36645,33292,18886,11490,35731,10407,11040,10853,36332,10500,10678,10396,8794,13049,8581,28698,8475,9716,24306,9061,14594
"1586287",48961,53844,38818,39324,33736,51972,29073,54374,19842,28357,26974,41964,29431,18897,18403,22065,36027,28036,31582,25105,21190,20755,23053,38347
"191495",44978,43746,39419,44790,36400,39000,54344,35650,51478,50660,50508,31796,48331,45717,45546,42783,35870,40627,30872,39735,42555,29265,37151,35602
"32008",52822,53735,45414,42799,43979,46822,34894,44104,34053,33899,33195,41538,30538,33769,33317,34434,40378,34045,37955,34195,32781,39656,34986,35149
"85698",12923,9915,7909,7721,8186,8392,5760,8143,5579,5512,5454,7094,4951,5469,5293,5520,6550,5349,7837,5306,5265,6852,5518,53310
"156977",3272,2965,3078,2832,3015,2840,2619,2498,2540,2456,2435,2503,2279,2481,2400,2222,2574,2204,2396,2166,2389,2442,2142,53091
"2933797",41653,41737,41674,45898,44400,37049,50376,31737,52609,45882,47995,29459,46008,44665,47434,42672,30119,37831,34128,38109,42088,29481,32049,24124
"83451",32909,41161,37628,43117,29754,36138,43430,30214,41529,41420,41909,26108,35596,36949,29803,52134,28709,39822,25184,45078,40227,24542,38207,25196
"106592",50828,26248,42428,24809,35186,21529,9266,28305,8345,7758,7773,24445,7462,9135,9358,7149,10709,6741,36953,7068,10084,26157,7883,30578
"119060",49520,48930,40561,37815,40665,42467,28548,40813,28938,27843,27691,36992,24650,29573,29201,29021,36592,29228,35218,29383,28766,36702,29884,31342
"407",42645,47557,38645,39844,37421,42566,34069,35894,33121,32879,33776,34664,30450,30867,30763,33770,34512,32720,32852,32741,30004,31566,32077,31484
"861299",46409,46848,44982,44471,45215,40940,45982,37308,43771,44326,42889,38533,39941,41043,39708,44139,38429,41466,36634,42628,40932,36624,39286,31158
"1839",41934,35127,44296,43784,45852,28484,42201,36327,42007,38456,41469,34267,36729,36449,38133,26914,24831,24936,31955,25305,34284,31908,24666,26994
"85023",45541,44418,44769,42348,44761,40300,36881,39702,36390,35132,34944,36055,32736,34329,34149,31112,33004,29796,34292,29854,32449,35403,30261,31852
"379",45371,41549,38025,36839,39707,41628,25301,37616,24159,24337,23897,34924,22390,23576,23359,23217,28942,22423,32063,22959,22923,30680,23818,31628
"204457",35226,35363,35567,30070,44556,31925,26536,32555,23138,24490,26890,32673,22548,22863,20992,20869,22777,19306,33501,19375,21677,27608,18410,24081
"1827",35103,35423,33821,32483,32956,33162,30903,29675,30785,29661,29515,28492,27477,28365,28404,26935,26992,26434,27109,26349,27152,26541,25689,44509
"2807101",40193,43743,32962,38971,31945,38355,24887,32320,27412,23882,23915,28893,23703,23089,23752,23245,26083,22506,28385,22866,23029,25112,22118,27527
"624315",29329,31214,23884,29075,25405,37149,43681,29110,29070,33024,32928,24457,28307,24147,26777,31427,17890,29527,16001,28735,21076,16335,21270,15643
"94625",1778,1785,1680,1469,1696,2100,1048,1396,1124,1097,1053,1443,1001,1033,1001,1089,1424,1046,1338,1029,986,1242,1119,43447
"1882682",40494,43056,32803,39962,31515,37417,27039,31849,28773,26033,26126,28120,25346,24318,24599,25747,27004,24301,28289,25146,24363,24418,24098,27389
"2812560",33264,33761,29050,34357,27143,28694,41811,26978,39711,39259,39587,24100,37069,34699,34737,32655,26940,31605,22714,30371,32078,22135,28708,21286
"453783",26735,24889,34365,14199,41316,20365,12533,17628,12904,11256,12230,13021,10488,15149,17722,8748,6983,5872,30494,6232,14336,23878,6368,17983
"106589",40374,35029,32098,29154,31735,30863,19587,31045,19628,19011,18378,28278,16697,19832,19294,19598,24990,19414,27748,19811,19222,27467,20159,21800
"946333",40182,22640,18524,20931,26425,20220,6926,26393,6790,6393,6260,14157,5611,6727,7287,6855,14311,6675,18486,6821,6636,17158,6843,9325
"164546",40088,19478,30470,18748,35636,17969,10937,21064,10805,10933,10233,19359,9785,10916,12070,11062,12893,10338,27040,10456,10993,21089,10696,12326
"217204",4041,3260,3349,2588,4421,10351,1966,2693,2003,1872,1981,2339,1869,2012,2088,1876,2425,1822,3126,1792,2017,2611,1918,40016
"386874",25533,19577,25047,18950,39977,18613,24417,19150,16687,21653,25165,20993,20432,16378,14220,13057,11979,11209,26471,11761,14063,17481,10075,13187
"2782641",39755,37531,33600,30444,32262,39259,20381,34366,18901,20271,19363,33248,18650,21662,20726,20283,21742,18548,25069,20666,19742,24328,20889,28052
"1353889",2449,2240,2008,1750,2212,2437,1367,1892,1407,1343,1350,1651,1172,1274,1380,1431,1709,1441,1918,1306,1324,1695,1305,39582
"1736675",29736,17712,28787,21912,39409,26511,6925,30527,6486,6227,6467,24251,5785,6659,6897,4894,14718,4932,26917,5205,6297,26006,6088,25684
"1894999",39183,36744,38135,30709,34490,36311,19445,33090,21082,18812,18076,33281,18340,20744,19882,19114,25648,18232,29296,18620,19281,29474,19914,35501
"2995304",31340,29812,38882,21214,27278,34157,17435,22183,18460,18034,17505,20689,16912,18358,18071,17601,20016,17110,22281,18080,22194,28202,19976,33470
"28056",38466,37049,35618,34653,34294,33637,36280,31803,35892,34721,35560,28719,32099,32511,32808,30528,26396,28720,28854,28681,31063,27034,26362,22548
"68287",35394,32395,33185,30330,37191,32594,22030,31251,21971,21000,21493,29756,19409,21103,20440,19315,23467,18489,27696,19130,19825,26265,19817,26377
"1861",31688,31184,30955,33992,32351,27908,36972,24020,37131,34726,36111,21851,34479,31394,33449,31354,22017,28107,24813,28289,30096,21342,24288,17660
"2997333",29907,30482,26367,30394,24820,25834,36800,24467,34927,34328,33837,21632,32536,30705,30775,28560,24123,27891,21048,26845,28669,20262,25134,19246
"1762",36399,35245,32264,31877,30654,32620,28659,28968,28260,27629,27312,27426,25841,26736,26353,24993,25824,24174,25573,24216,24341,25871,23956,25527
"450367",36237,5453,13559,9149,12609,6959,1980,7249,1982,1496,1418,9145,1242,1739,1649,959,4459,937,6562,1034,1300,6557,1073,4014
"138336",29487,29254,29157,32308,31185,25608,34940,22121,36137,31924,33576,20545,32130,30678,32799,29887,21225,26691,23590,26415,29510,20164,22751,17321
"85007",35633,35902,34346,33073,32992,33038,31290,30144,31114,30187,29998,28880,27729,28682,28670,27728,28191,26780,26655,26693,26966,26842,26470,25944
"589382",35893,34298,32039,28890,35369,26599,18624,30481,18440,18163,17428,23554,16357,17853,19392,12886,18908,12074,25779,12245,17275,25246,13235,23382
"1710",10360,9347,10963,8844,12649,14793,9540,8073,11089,8760,8778,7394,9093,10200,10643,6969,6513,6509,9129,6423,10241,8284,6466,35864
"33882",33509,31209,35751,28999,35030,28436,25238,26710,26277,24477,24038,24479,22128,24560,24840,21667,21812,20608,26402,20717,23487,26111,20961,23921
"2782665",35490,32835,28951,28609,27868,32756,19045,31377,16906,18865,17828,30394,17736,18460,18312,18006,18577,16850,21932,17969,17280,20510,17953,23134
"1231",15807,2914,19533,31187,35339,2355,32246,9600,26677,26178,30581,11143,29725,27415,18295,2104,1332,1843,17918,2157,21294,9486,2307,2527
"358",26251,9287,16802,8759,34855,8932,5066,8637,4703,4811,4769,10119,4462,4990,4945,5093,5878,4604,15121,4821,4554,9208,4812,8112
"1866885",34832,30586,28430,27342,28627,30811,24471,25822,23985,23135,22582,23060,22236,22945,22441,20841,20969,19532,22761,19515,21142,22753,19366,24111
"2528023",31414,34828,31326,29323,28092,32608,19785,27031,19498,18899,17494,25503,17209,18317,18239,21780,25372,20854,26594,20968,17785,24869,20253,25689
"674703",34651,34238,28020,27305,26191,31651,19442,30535,19648,18993,18304,29797,17895,20199,20222,19234,24695,18753,24266,19288,19114,24661,21108,24818
"1076124",23812,24835,19445,23734,20710,29302,34515,23449,22974,26133,26146,19406,22733,19330,20856,24908,14736,22699,13305,22778,16868,13068,17462,12196
"48",19175,24432,26086,34384,22703,18226,32424,17995,28487,27618,29114,14648,18763,24657,21027,32054,17617,24427,15649,27939,26530,16356,26566,14722
"1842533",6158,3319,8630,5535,33942,2970,1431,21300,1290,1310,1427,2459,1145,1325,1277,1376,2192,1340,5022,1349,1443,11145,1289,1728
"927083",30161,33705,29684,25972,26445,29142,22485,27805,23200,22188,21177,27912,19673,22828,23424,24539,25027,24257,24839,24696,23368,26037,25210,23566
"1176646",21591,16734,21439,15998,33662,15708,20238,16735,13994,18008,21453,17342,17120,13706,12049,11048,10324,9621,22421,10022,11917,14850,8628,11081
"165695",23402,17392,23865,17934,33657,16074,10473,20833,8690,9828,10193,17802,8825,8551,8107,8362,10974,7886,22263,7936,8394,16416,7713,11949
"43767",5251,4870,4589,4458,4624,5135,4165,4078,4270,4171,4232,4103,3672,4381,3949,3615,3968,3543,3770,3561,3794,3709,3556,31481
"496014",25373,25765,22657,25884,21148,21971,30865,20604,29287,29105,28885,18229,27588,25897,25869,24921,20488,23535,17498,22948,24148,16613,21204,16132
"2753607",29526,30784,16833,20764,15614,25465,7020,25863,6503,6835,6700,22842,5906,6545,6903,8039,22416,8517,16088,8366,6526,14794,8440,14381
"2949664",25113,25614,22255,26288,20928,22262,30695,20491,28861,28711,29115,19000,27256,25400,25934,24651,20763,23662,17770,22889,23845,16907,21518,16603
"2594473",19371,17885,22385,13846,29392,15703,10206,19371,7942,9310,10506,18475,8446,8371,7344,6163,9696,5618,22142,5892,8308,16058,5970,12667
"2865833",27696,24764,23786,28854,28385,23773,29129,29342,22721,25500,26683,23857,22957,20889,21742,21412,15699,17282,18106,18268,18487,16852,15671,14296
"222",20360,18726,16321,15058,16689,16483,11468,15806,11538,10829,10675,14507,9760,11249,11073,11259,13657,11120,13754,11133,11270,14159,11602,29293
"2904252",11802,11693,23904,9662,28970,8798,8790,11079,10954,7650,7474,9711,7515,12425,10890,4373,4405,4329,21654,4207,12201,17215,4472,9823
"1274631",27346,22507,16574,24860,14878,20400,14403,23937,10310,13984,13523,28735,12695,10222,10275,11885,12887,10902,12005,11780,9538,11004,11321,14487
"54571",25378,24619,25223,22674,23931,21795,21489,20471,20773,19942,20071,19103,19356,18999,19616,18986,18382,18556,19146,18050,18006,18252,17409,28686
"2567896",28579,24103,18957,17740,18893,20657,13489,21979,13281,13269,12719,20793,11821,13341,13721,16566,18309,17331,18961,17394,14042,19345,16482,24935
"338",20915,18564,22360,17178,28345,20241,12585,19204,12761,12140,12035,17573,11065,12924,12375,10686,13535,10759,19293,10982,12169,18680,10976,16114
"2978473",17754,19584,8143,27921,13004,10347,2434,9815,2415,2371,2379,6471,2057,2370,2398,2584,7035,2634,7304,2482,2264,6815,2795,3590
"191",25846,27797,23781,23593,23150,25449,19872,21763,19578,19211,19902,20888,17594,18524,17699,19276,19636,18810,19965,18615,17971,19602,18784,18932
"2899220",27727,9826,10345,14558,14533,7523,2620,15475,2453,2480,2532,5589,2317,2620,2468,2444,6123,2435,6820,2477,2482,8179,2418,3035
"382",22593,8450,20770,10954,27618,8010,6588,12781,7762,5814,5645,10276,6226,8008,8263,3757,4262,2995,15978,3285,7171,11764,3140,5697
"2865112",15203,12128,25068,12600,27325,11533,5835,20476,7001,5438,5532,16269,5177,8636,7267,3506,6503,3571,21299,3459,7749,17618,3994,10166
"40323",21128,17943,21567,15482,27060,21009,12098,18562,12361,11508,11938,16897,10586,12619,11962,10448,11930,10020,18785,10153,11587,18173,10504,16806
"1076",25689,26911,23156,22436,23073,24976,17787,22707,17813,16940,17174,21772,15618,17338,16934,17267,19755,16607,19195,16877,16090,19058,17161,19331
"34072",26684,22839,20866,18014,20080,17929,9108,22523,8825,8437,8493,16661,7719,9051,9236,9570,14256,9213,17209,9409,8954,17908,9390,17538
"1045317",17170,14664,17982,13654,26623,13941,16261,14122,12032,14698,17784,14678,14113,11489,10025,10004,9582,8835,18952,9150,10886,12574,7887,10449
"294",26498,7701,9212,7214,21402,8330,4963,9243,5037,4816,4804,12458,4400,4943,4697,4888,5528,4700,16843,4744,4612,11287,4763,5460
"2732067",19905,26417,19963,16078,17308,20988,13385,18358,13573,12860,12568,17907,11921,14263,14762,15487,18404,14690,17864,15040,14328,17498,15718,17098
"391953",26332,19662,16076,17598,15165,16196,6022,21143,5446,5690,5612,14905,4851,5561,5779,6455,13452,6444,12890,6441,5267,14491,6273,9226
"477641",22075,22417,21749,23892,22628,19835,25757,16956,25750,23931,24369,16127,23197,22315,23591,22158,16458,19700,17594,19756,21418,15468,17252,13347
"35754",25433,25732,22968,21039,22224,21679,23488,21288,21189,22025,21727,19020,19900,20245,21948,18312,17205,18683,20000,18208,19158,21079,16392,14823
"662548",25697,18702,18843,15316,18091,18008,5640,21432,5347,5377,4932,16258,4774,5472,5854,5649,9268,5224,14988,5493,5499,15879,5534,12300
"182640",25573,18624,21371,20412,24188,17858,16899,23249,15758,15923,15247,19822,14312,14864,15994,11502,12208,10048,16034,10075,12392,15378,8201,11214
"2070",25202,24607,22605,22626,22205,23387,24228,22835,22214,21974,22422,20116,21171,20524,20609,19891,18125,19075,17750,19476,19050,16704,17485,20792
"2763008",18816,14411,24477,22212,25192,9399,17691,16476,19934,16182,16544,15650,16059,16848,19331,9930,7877,8812,16617,9116,16919,15652,9639,11868
"204447",21251,24895,18927,20812,19638,22125,17989,16822,18587,17780,18701,15471,16814,17654,17541,18768,15078,18190,16861,18555,18169,15216,18218,16251
"96344",24858,14216,16678,10640,17730,9683,4552,14336,4217,4354,4239,11544,3938,4436,4375,4776,6431,4448,17005,4555,4546,11516,5017,7620
"106590",24633,13784,20109,13826,18318,11538,5574,14143,5285,5424,5077,15438,4653,5343,5209,5707,8302,5586,16905,5559,5349,13155,5965,8888
"3056648",24604,22069,20502,18671,20267,21681,13453,21400,12584,13035,12558,20154,12431,13156,13207,12332,12636,11442,15790,12278,12708,14658,12627,16614
"2478662",4320,2378,6337,3894,24603,2135,1005,16072,876,950,935,1663,729,886,921,898,1476,959,3463,897,974,7909,960,1301
"28105",24504,15077,19465,16226,22313,14042,9718,16589,9611,9078,9044,14752,8771,9486,9290,7744,9338,7219,16013,7428,8780,13374,7502,10181
"1881017",2870,1944,6544,5517,24415,866,737,2385,571,1162,817,2960,1223,532,566,631,667,544,14178,581,594,2952,526,654
"2071607",15753,14398,17516,11834,24150,12623,10387,14906,8282,9451,11267,15003,9146,8570,7396,6932,8204,6004,18154,6195,7988,12679,5994,10463
"2992573",12787,11065,18061,7851,24130,12791,6231,10627,6798,5622,5864,7744,5599,8241,8944,3471,4275,3340,15920,3285,7784,13798,3416,9255
"39643",22100,24108,20549,18202,19148,20483,15410,20253,15999,15052,14512,19362,13729,15508,15691,16070,17947,16112,17231,16428,15842,18898,16794,16029
"1437360",23381,24078,21047,19755,20320,23215,14773,20562,14804,14326,14126,19648,13231,14642,14569,14748,16859,13991,17266,14536,13837,17252,15138,17711
"332055",11519,4224,14658,6368,23889,4322,2010,8786,1627,1856,1918,5387,1664,1545,1597,1492,2509,1438,12411,1418,1595,6257,1371,3775
"2849093",14903,11641,6078,4817,5990,23612,2304,7649,2312,2246,2127,6616,2350,2774,3986,2561,5975,2393,7129,2723,2574,3491,3319,23828
"28068",23804,20838,15354,16585,14504,17335,6610,20840,6370,6670,6292,15785,5779,6482,6486,7530,14485,7597,12909,7497,6365,13840,7449,10272
"477697",16836,12331,21633,15984,23757,10139,6622,15950,7490,5990,6125,14719,5594,6586,7223,3959,7409,4378,13471,3994,5603,11564,3783,8125
"41294",22845,23552,20311,19642,20479,22675,14855,20373,14890,14534,14469,19702,13319,14321,14492,14249,17079,14166,16977,14231,13812,16568,15054,17401
"2714952",22795,16392,15177,17378,13760,12282,4484,16445,4370,4368,4382,10956,3796,4343,4526,4887,9908,4934,11060,4908,4543,12201,4888,6868
"2017486",17034,11793,21464,19988,22725,8578,14465,15096,15778,12954,13878,15371,12567,13235,14858,8402,7417,7330,14829,7776,12906,13869,7895,10315
"207745",22519,15927,16173,14095,15914,15223,5102,18845,4912,4881,4542,14707,4265,4896,5161,5162,8427,4827,12735,4851,4895,13866,5012,10928
"151783",10317,7190,5759,6630,6161,22498,4335,7201,3913,4572,3995,5220,5000,4025,4115,5074,5241,4100,5282,4221,3882,5176,4081,4944
"2742128",12089,8800,10206,9362,22426,8009,15573,8821,11760,13192,12282,8232,11913,11219,10355,7199,6593,6821,7892,6829,8925,9279,6421,5826
"1034889",22388,19073,17479,15362,16224,15416,7267,18801,6898,6954,6630,14411,6159,7110,7419,7639,12130,7554,14319,7628,7208,14964,7902,15579
"1268",22286,13527,17938,17998,20687,12498,11655,13778,11075,11212,11015,16978,10054,10340,10703,9492,11128,9076,15316,9273,9743,13605,9053,10378
"2774151",20231,22262,20821,18430,18319,20997,12137,17402,12316,11590,10773,17107,10484,11698,11463,12989,16165,12566,16222,13135,11299,16739,13127,16096
"435897",14554,10507,15537,9038,22139,11143,6567,12422,6647,6032,6543,10422,5671,7377,6852,5010,6439,5043,13635,4878,6774,12763,5166,11926
"303",22006,12472,13000,9988,11693,9703,7348,10003,7168,7112,7174,8886,6218,7075,6860,7074,8032,6937,9735,6984,7096,9685,7023,7571
"2740529",20588,21788,18120,20232,16874,18424,14892,15946,16426,14198,14110,13947,13915,13846,13790,13782,13273,12649,14926,12775,13696,13035,12027,13418
"2653851",16833,20336,12958,19707,12196,16792,21730,12525,19852,20387,20684,11162,18139,16561,16064,21134,16351,19643,10622,20342,15683,10777,17903,11338
"3002436",21715,13700,17982,16854,21491,13285,13592,18430,12704,12295,12375,16387,11074,12232,13487,8244,9108,7361,13815,7178,10385,12770,6528,8963
"354356",13127,21694,10424,9550,10941,18645,2989,17774,2576,2584,2287,12385,1974,2955,3412,2902,9245,3003,9536,3375,2604,8725,3739,9522
"758826",3966,2336,5706,3516,21669,2101,1008,13352,923,886,957,1751,766,938,953,930,1366,909,3219,1016,970,6880,943,1202
"49319",18496,20579,14605,19821,13572,17013,21481,13892,19655,20045,20292,12223,18390,17220,16938,19939,16890,18591,11804,19107,15977,12057,16891,11332
"2781735",10477,10855,9520,9401,11063,11330,9734,9534,9501,9077,9105,8590,8500,9783,8980,8374,7524,7756,8404,7825,8437,7253,7260,21462
"2062",20913,21429,19751,19992,19341,19271,19431,18055,18731,18284,18261,16845,17018,17163,17020,17159,16594,16539,15343,16169,16006,15385,15349,14277
"1813",21424,21161,19464,19125,19082,19341,20220,18768,18690,18875,18680,17236,17610,17545,17786,17232,15549,16369,15634,16501,16406,15020,15457,15122
"2527974",18844,21174,18113,18327,18405,19479,15181,15155,14873,14559,14481,15269,13803,13299,13346,14768,15441,14475,15302,14833,13012,14251,14063,14276
"2712222",21103,19728,19127,16360,17835,21153,8236,17786,7588,8122,7604,19705,7370,8049,7952,8646,15147,8435,14633,8843,7615,14380,9701,19513
"2732487",15827,21117,15643,12876,13647,16968,10603,14674,10587,10373,9998,14382,9421,11488,11564,11847,14648,11577,14502,11974,11352,14358,12585,13623
"2728827",19927,18578,20910,16232,17160,16008,16232,15209,18562,15781,15802,14669,14625,16488,17429,13057,12375,12738,15602,12578,14598,15352,12365,13071
"2898431",20834,17920,13954,14601,12911,14883,6431,17454,6092,6153,6053,13843,5609,6130,6304,6973,12307,6916,11707,6852,6075,12444,7021,9007
"1763",20338,20802,18976,18877,18172,18964,17170,17561,16929,16248,16008,15831,15214,15879,15365,15060,15805,14646,15170,14480,14706,15005,14647,14687
"1822464",20400,20681,17514,16199,16880,18347,12699,17484,12520,12289,12070,15974,10916,12551,12551,12682,15545,12423,14781,12715,12230,15284,12860,13293
"2763317",10481,9393,16992,8300,20408,8119,5806,11718,7051,5173,5462,9653,5015,8174,7106,3703,4640,3821,14746,3631,7620,12773,3967,7520
"75682",20388,9160,8428,10786,10526,7924,4595,10463,4574,4084,4145,6778,3535,4396,4541,4481,6515,4437,6931,4616,4517,7197,4619,5165
"1789672",16346,20369,14950,16535,15402,18268,14681,12524,16222,14814,15530,11887,14048,14991,14620,16086,11640,15406,13564,15933,15188,11718,15479,13041
"2764186",12892,11567,14062,10616,20113,10514,12550,10992,9487,11386,13928,11648,10948,9439,7857,7513,7296,6670,14258,6838,8313,9710,6113,7927
"1838286",15345,11703,12591,11788,12499,10569,3340,18956,3687,3202,3155,20031,2763,3420,3517,3296,10021,3430,11965,3392,3592,14749,3475,9755
"2807512",15589,19989,16901,14047,17323,15621,12887,13149,12097,11720,11771,11978,10627,11740,11353,12810,12124,12105,14658,12292,12176,13851,11517,11998
"370777",6378,6843,12609,5932,10308,4501,3491,6242,3833,3120,3240,5616,2738,4579,5240,2592,3062,2464,8917,2401,5738,19713,2592,5073
"2795387",8989,9522,19536,6356,16084,8285,3956,8607,4423,3655,3608,6863,3264,5531,5165,2559,3449,2363,15488,2430,6021,12909,2908,14398
"103733",11568,12060,10290,10279,10517,11349,10760,10619,10118,10052,10101,9340,9687,9490,9062,9520,8459,9014,8399,9045,8795,7912,8352,19501
"2714944",12282,10741,12967,9792,19436,10229,12325,10176,8784,11154,13175,10676,10689,8772,7481,7427,6802,6238,13659,6733,8069,9327,5796,7343
"2813578",17598,16715,19432,15253,15664,16009,13449,15607,17374,13916,13969,14512,13239,13713,13787,13544,11623,13068,13945,13509,14801,18345,13364,12730
"2722752",16379,16673,19353,16134,17447,14399,16967,14530,18488,16047,16061,13925,14880,16718,16405,13678,12517,13229,13924,13007,15445,13542,13200,11926
"69",17754,11068,19344,9348,18182,10696,7246,12015,7378,6892,7267,9976,6251,7751,7131,5956,6804,5537,13788,5578,7386,12255,5845,9947
"1850238",9565,8662,10488,8905,10011,8485,4723,19178,3659,4165,4529,15875,3862,3738,3331,3640,5549,3446,14377,3355,3534,6608,3454,6177
"406548",17406,19086,16312,16258,15407,18006,13030,14604,12278,11997,11916,14511,11426,11792,11395,13440,14770,12900,13389,13270,11088,13771,13050,13301
"69666",5952,6121,5556,4865,5840,18919,4113,5019,3788,3897,3866,4656,3550,3801,3694,4007,4494,3753,4797,3706,3898,4815,3621,4411
"2789776",16030,16994,18897,16289,16751,14792,15702,14273,17060,14954,15263,13748,14029,15796,15327,13537,12505,12644,13551,12789,14300,13673,13133,11556
"363835",12968,12156,13768,10453,18877,11037,11606,11493,8705,10535,12311,11784,9793,8694,7640,7576,7770,6850,14122,7046,8202,9733,6264,8216
"314722",7988,6927,11630,6590,18828,8284,5292,7353,6349,4939,5456,6897,4791,6176,5745,4037,4421,3877,8895,3981,6010,9001,4110,6630
"40324",16055,13231,13532,12288,18827,17161,7614,13913,7527,7054,7623,12219,6578,7508,7127,6405,8953,6250,11978,6231,7164,11238,6244,13429
"82115",18758,16679,15659,15553,16514,15841,10667,15458,10081,10043,10205,14294,9206,9839,9628,9382,11538,9228,13191,9457,9227,12488,9760,12216
"2932244",14017,10661,17450,10673,18748,9387,7207,11760,7789,7074,6657,10387,6424,7708,7928,5317,6833,5102,11140,4920,7026,10773,5189,10355
"2565556",5801,3483,4922,3404,18741,4984,2193,4480,2394,2121,2261,3220,1807,2293,2083,1748,1868,1375,4455,1470,1911,3153,1499,7673
"114",17433,18740,17005,15128,15789,17433,10493,14697,10665,9916,9300,14638,9040,9943,10109,11149,13701,10600,13888,11044,9720,14003,11147,13466
"262324",18685,1062,14846,3301,2829,1163,487,3215,505,461,531,2354,454,585,503,404,1415,394,9161,417,511,4370,463,2657
"157920",7057,7098,6664,6416,6809,6448,6210,5814,6382,5856,6037,5433,5427,5880,6000,5435,5267,5162,5438,5189,5865,5578,4885,18598
"2082387",6281,4473,5810,4492,6939,5222,2832,5190,3066,2761,2969,4624,2594,2922,2823,2386,3149,2287,4516,2224,2813,3924,2405,18562
"94254",9312,2733,6016,2819,18553,2888,705,2788,764,692,655,1845,608,858,970,773,1036,621,6293,722,802,4408,710,9865
"2775420",14887,18466,13761,14655,13710,16501,13390,11451,14159,13081,13836,10390,12436,13618,13225,14741,10730,13483,12288,14298,13832,10554,14290,11819
"940133",12060,9850,12369,9543,18447,8762,11899,9709,8959,10888,12788,10310,10550,8289,6797,6235,6051,5540,13157,5733,7471,8934,5048,6546
"1544730",18389,13474,15481,14891,17268,12871,11946,16745,11253,11287,10971,14511,9966,10712,11357,7788,8706,7068,11709,6974,8790,11336,6118,8281
"284016",14591,18368,13924,12287,14169,15146,9483,13035,8364,8884,8196,11457,8130,8126,8581,9432,10281,8278,12323,8615,9152,12511,7587,10800
"2598579",15666,18228,15187,14252,14077,16690,10149,13671,10045,9905,9279,13416,8959,9377,9130,10993,13276,10908,12639,10889,9106,12687,10716,12356
"35753",18228,16710,15948,15473,15889,15771,16021,14903,15558,15299,15836,13916,14693,14502,14780,13765,12231,13421,12659,13730,13839,12677,12380,10359
"434009",18134,13398,13348,11401,12640,12148,4485,15229,4129,4370,3879,11693,3617,4276,4630,4374,7161,4212,10455,4257,4403,11152,4323,9359
"165697",14883,14106,14092,11851,18019,13930,10406,12936,9038,9818,10590,12448,8852,9136,8507,8479,9082,7729,13237,7903,8637,10830,7542,14234
"190148",17923,17254,14019,13951,13758,16725,10154,15910,9205,10047,9594,14362,9353,9483,9737,9343,9528,8807,10640,9624,9097,9760,9141,10741
"2849779",14904,15987,17804,15549,16386,14036,15238,13650,16655,14485,14628,13542,13209,15058,14921,13009,11771,12188,13044,12124,14061,13238,12476,11244
"2804617",11969,11283,13019,9881,17791,10323,11337,10699,8305,10539,11939,10939,9523,8025,7184,7573,7009,6556,13681,6805,8124,9143,5943,7397
"2601898",17736,7510,5144,8388,7080,6809,2778,10043,2681,2568,2749,4594,2272,2678,2653,2680,5359,2716,4934,2748,2582,4884,2805,3223
"2219224",16051,13898,15463,14971,17511,12856,14004,15591,13720,13115,13472,13169,11983,13308,13010,10257,10125,10001,12426,10105,11515,11333,9639,10021
"434008",17493,12758,12991,11035,12221,11335,4584,14972,4336,4269,3930,11316,3855,4214,4609,4526,7060,4319,10410,4170,4447,10918,4428,9241
"2728835",17467,15631,15973,10239,15061,13696,1716,14895,1700,1598,1612,11113,1425,1758,1947,1674,9665,1696,13248,1602,1817,10548,1771,9481
"2843215",15738,17395,14576,16478,13558,14997,16460,13473,16272,16406,15494,12182,14685,14474,14358,14471,14729,14459,11676,13796,13578,11793,13773,11062
"1755504",6491,9494,6963,2659,4731,1540,837,3407,919,872,859,2336,754,978,930,907,1156,811,17263,785,881,6088,832,1544
"2884263",14955,16532,17235,14806,15505,13843,14167,13452,15958,13944,13867,12857,12830,14223,14514,12263,12086,11667,12817,11664,13471,12921,12272,11520
"196914",13663,15095,13439,13574,13328,11603,14798,11237,16125,14409,17226,10729,13898,14380,16382,12310,9453,11175,11159,11480,15613,9866,11178,8561
"2894081",14169,10705,16744,15916,17168,8046,12308,12502,12902,11018,11753,12129,10677,11061,12223,8026,6841,7179,11961,7049,10750,11258,7161,8515
"2496836",15219,13580,16102,16292,17107,13289,8559,15580,7479,7556,6939,15237,6490,7103,7464,6389,7844,6075,11293,5815,5919,9540,5294,8837
"2843216",15715,17075,14837,15943,13427,14989,16503,12966,15425,15664,15168,11747,14208,14043,14494,14201,14597,13880,11504,13674,13647,11494,13352,11226
"2849501",14388,11964,13167,14993,13494,10369,17074,11811,15092,15361,16914,10905,14790,13561,13044,10318,9006,9744,10142,9866,12248,9821,9791,8584
"2714942",10508,9997,11791,8344,17023,8693,8561,9552,6651,7914,8988,9529,7083,6810,5903,5934,5677,4968,12592,5272,6313,8568,4893,6788
"433659",14086,11639,12271,14587,13083,9571,16697,11263,14887,15332,16975,10456,14576,13673,12960,9806,8929,9345,9722,9385,11884,9463,9499,8561
"3018446",16929,9309,11494,11452,13645,11960,5497,15799,4319,5183,5354,9547,4352,4720,6307,4583,4457,3832,11195,4051,4241,9108,4595,11987
"2709380",10627,10295,8015,7407,7368,16923,5823,7519,5701,5728,5776,7030,5373,5703,5746,6402,7694,5940,6462,6035,5224,6297,6210,12292
"34029",16878,14644,11196,12022,10353,12099,4964,14233,4849,4811,4661,10965,4134,4823,4965,5249,10106,5345,9562,5223,4830,9793,5662,7168
"860235",12794,11865,9929,10227,11229,12037,16827,14895,13454,13898,14178,9092,11698,13068,12359,12968,7188,10366,7948,11153,11893,7333,8350,7635
"1235591",13682,13005,12285,11117,11588,16775,8250,11328,9367,7953,8436,11272,7285,8605,8424,7727,8777,7188,8813,7562,8307,8767,8569,15238
"29539",14136,15079,12147,14812,10951,12775,16688,11428,15396,15585,15623,10351,14223,13713,13298,13842,12903,13452,9593,13417,12749,9503,12924,9054
"2975441",16668,14224,9609,14473,9734,10344,2857,12541,2723,2708,2585,8908,2332,2767,2972,3302,8229,3398,8023,3351,2766,8196,3257,5133
"76731",11457,11716,5793,16573,8302,6622,1766,6838,1765,1727,1686,4449,1560,1770,1797,1887,4445,1989,4966,1799,1743,4900,1875,2504
"2978392",16535,6895,14177,8636,12255,8959,2268,11683,2121,2481,2153,9893,2278,2333,2251,1832,3782,1701,8079,1985,2226,9496,2487,7035
"1355477",16500,16376,13858,13556,14086,15414,10377,14247,10255,10082,9975,13289,9253,9944,10140,10232,11484,10017,11760,10312,9837,11539,10393,11526
"1357915",16439,4786,11904,12460,14476,4958,4624,8551,3591,4196,3822,13938,3965,3274,3730,2577,5102,2370,9981,2614,3115,8548,2515,4806
"1522432",16352,7041,7418,9395,9217,5897,3578,8384,3707,3472,3388,5529,3054,3633,3589,3570,4924,3447,5637,3461,3581,5987,3576,3807
"215580",16343,14759,11873,12525,10853,11620,5180,14199,4969,4985,4917,10859,4485,5106,5331,5627,10119,5615,9475,5505,4910,10159,5627,7118
"553814",5149,3323,5425,4262,16335,2887,1450,11123,1511,1446,1490,2634,1294,1488,1382,1474,2156,1538,3719,1545,1415,6368,1516,1938
"2879617",16296,5021,11933,12710,14488,5160,4497,8422,3696,4362,3872,13988,3980,3273,3715,2798,5343,2397,9985,2723,3157,8699,2491,4933
"384",16295,14491,13204,12860,13764,15507,8428,12853,8251,8125,8163,11951,7263,8028,7862,7899,10122,7791,11462,7814,7689,10397,8123,11728
"2986923",16281,7951,8851,10430,9732,7943,2526,8671,2391,2379,2324,7972,2278,2237,2319,2089,5317,2179,7483,2121,2289,6588,2354,5289
"467976",13556,14524,16134,13904,14653,12181,14004,11712,15580,13353,13640,11758,12380,14028,13971,11981,10383,11187,11739,10960,13069,11577,11731,10054
"2840469",16118,15223,14292,13090,13935,14696,9359,14230,9194,8785,8555,13447,8394,9210,9420,8739,10205,8461,11484,8953,8855,11832,9188,11499
"1824",16036,14765,15373,13413,14040,13457,12923,12920,13195,12540,12346,11977,11497,13000,13276,11449,11079,11064,11487,11028,13333,11248,10644,12354
"419479",14411,14171,12663,13663,11919,15946,14119,12502,12506,13561,12877,10493,12756,11329,11168,11071,9892,10103,9456,9745,10410,9539,8880,8587
"80816",14393,15931,13061,12096,11558,13410,10704,13335,10204,10605,10374,12984,9138,10364,10447,11686,12529,11999,10795,12094,10617,11665,12381,10784
"2904253",12219,6673,13036,6306,15910,7393,3872,14561,4229,3639,4080,7860,3544,5142,4463,2733,3523,2545,12336,2466,4506,10210,2660,11989
"3019553",15882,10947,11153,11767,9845,8409,3568,11543,3292,3429,3405,7705,3037,3430,3750,3789,7003,3802,8200,3769,3425,8837,3676,4733
"82633",15863,15160,13055,12348,13150,13415,9010,12842,8951,8703,8629,11921,7790,8858,8901,8944,11066,8999,11508,8973,8567,11376,9219,9983
"2711231",15844,12683,12405,11855,13208,10838,2538,15793,2405,2280,2177,12127,2050,2719,2935,2879,7516,2541,10778,2789,2923,10455,2855,9085
"1324796",5230,4107,8427,4422,15824,4171,3523,5760,4017,3088,3611,5823,3153,4812,3743,1864,2251,1825,7952,1850,3716,6942,1926,4276
"2782169",13003,7157,15812,6744,15796,12111,6111,7217,7673,5702,5266,5702,5824,8037,8026,3993,3737,3492,9920,3460,7372,8926,3887,11712
"2233999",13146,15686,11800,12955,12173,13997,11486,9665,12531,11389,12069,9009,10845,11674,11406,12632,9082,11906,10764,12234,11842,9054,11916,10050
"1906273",962,803,929,773,986,910,855,710,1020,743,790,687,725,956,893,655,613,611,796,621,1024,902,580,15676
"2045208",15559,7936,8371,9558,9457,6913,4979,9016,5232,4656,4644,6583,4005,5048,5115,4627,6012,4525,6508,4826,5272,6931,4759,4743
"149698",15522,8053,8071,9223,9517,6627,4356,8901,4285,4447,4233,6415,3808,4288,4073,4389,5527,4328,6394,4340,4386,6366,4227,4692
"204455",15173,15520,13671,14043,13702,13956,11428,12891,10925,10936,11065,12478,9944,10130,10001,10407,11641,9900,11378,10060,9928,11459,10479,10890
"2851567",13201,13337,13083,14470,13530,11779,15140,10114,15476,14375,14845,9657,14050,13083,14017,13142,9815,11876,10967,12089,12643,9334,10324,8116
"43",9192,10474,14866,9288,8165,9467,14937,8052,8559,9815,8987,8581,7610,9154,11344,9544,10464,8543,15429,8774,8585,7208,8432,8875
"2509455",15305,13952,14161,12519,14956,12027,9539,13424,9324,9388,8989,11694,8826,8966,9706,7443,9093,7002,11223,7071,8763,11017,7408,10087
"2565368",13879,1898,6113,2316,15304,3654,644,1261,697,723,1213,1533,458,737,746,382,724,301,3290,378,847,3394,316,884
"80878",3036,1946,4297,2974,15088,1662,813,9989,746,748,757,1463,715,722,771,783,1265,783,2628,764,803,5162,865,1035
"1909395",14555,13608,13666,13864,14991,12417,13286,13763,12921,12771,12700,11696,11349,12186,12466,10286,9937,10032,11019,9779,11067,10771,9675,9943
"2602016",14986,14731,14280,12741,13820,13588,10704,13054,10420,10408,10469,13074,9405,10147,9477,9145,10742,8837,12008,8808,9601,12173,9505,10599
"335929",10299,10941,11517,9089,14950,9675,7186,10446,6980,6672,7437,11354,5912,6859,6384,5201,6514,4786,11113,4954,6552,8504,4793,7391
"3039386",14898,7925,7437,9206,8612,6706,4309,8449,4328,4143,4174,6062,3764,4263,4272,4178,5544,4235,5801,4314,4130,6371,4268,4426
"2836373",14291,14841,13730,12990,13729,11760,13789,11530,14775,12794,13874,10550,11995,13273,13532,11965,10033,10946,12611,10749,13366,10065,9818,8793
"2914710",14824,11735,9987,10618,9242,10014,4494,12246,4191,4241,3997,9231,3911,4262,4408,4568,8371,4661,8081,4487,4233,8839,4693,6129
"914",8468,1985,11004,14780,9911,1393,7795,5458,7450,7022,8039,6248,7132,8597,6442,1240,920,1079,9048,1247,6988,4993,1356,1770
"2918170",13235,14610,11864,11481,11186,13601,10022,11016,9573,9815,9787,11097,8733,9508,9178,10965,12181,10995,9909,10900,9590,10569,11144,9935
"2714943",9386,8258,10048,7616,14604,7452,8518,8141,6240,7805,8967,8167,7001,6214,5240,5348,5045,4835,10542,4981,5628,7124,4259,5736
"871742",14484,6956,6957,8851,8700,5779,3904,7909,3816,3604,3711,5362,3280,3912,3694,3817,4957,3698,5417,3809,3885,5834,3706,3953
"1798224",14053,13304,13101,13374,14337,14412,13402,12244,12698,13147,12647,10552,12302,11628,11523,10398,9494,9730,9749,9514,10569,9924,8718,13238
"217203",10676,5435,6156,4239,14347,4587,3509,4685,3682,3405,3222,4057,3295,3707,3527,3090,3768,3018,6782,3056,4448,5583,3070,6794
"94",13755,14338,12307,11911,11874,13152,10347,11966,10106,9827,10164,11433,8973,9645,9356,9677,10729,9328,10458,9745,9157,10637,9915,10139
"93944",13914,12478,13462,12726,14310,11392,12439,13197,12324,12018,11975,10936,10685,11500,11713,9530,9282,9001,10310,8926,10220,10135,8901,9388
"1817965",12013,14248,11027,11968,10864,13115,10476,9232,11193,10575,11034,8337,10086,10732,10586,11651,8621,10992,9650,11299,11008,8495,11260,9474
"1597781",14246,11143,9783,10617,9800,9071,4594,12432,4149,4109,4223,8453,3569,4135,4365,4660,7777,4641,7951,4620,4072,8413,4757,5507
"12916",3570,2238,4201,2932,14205,1832,786,9270,706,752,777,1618,612,710,744,871,1303,773,2563,846,787,4963,830,1014
"2681552",14167,7193,8958,5892,6919,5708,2868,7404,2958,2793,2746,5542,2536,2857,2997,3158,4552,2923,6502,2961,2984,6437,3236,7294
"1892855",11717,11938,11299,10796,14141,11077,12601,10178,9532,11307,12241,9949,10141,9365,8603,10795,8217,9131,9876,9278,9407,8290,7879,7625
"2938948",10179,9777,10612,8146,14082,8391,9067,8641,6845,8354,9507,8959,7581,6556,5875,6259,5771,5669,11147,5757,6479,7692,5139,6222
"2782168",9588,6970,14053,6737,13556,6393,5005,6481,6289,4604,4573,5110,4596,5885,6765,3404,3354,3072,9096,3161,5687,7402,3472,7295
"404386",13184,12106,12703,12409,14047,11079,12262,12647,11945,11385,11758,10288,10621,11360,11523,9188,8828,8811,10586,8686,10251,9774,8495,9135
"946334",12639,12520,12387,11158,12659,9441,11946,9721,14041,11494,12344,8731,10932,12937,12715,10343,7909,9714,12495,9525,13537,8985,8738,7491
"3018929",14032,7097,9588,10591,12012,8132,5009,6605,4540,4743,4500,9382,4370,4437,4808,3522,7760,3415,9031,3573,4109,6425,3033,5118
"2653852",12078,13403,9484,12998,8941,11354,14028,9217,12923,13433,13378,8199,11987,11235,10931,13108,10956,12365,7912,12606,10156,7954,11174,7637
"56438",12956,13238,11607,12134,11694,10913,13341,10377,13304,12439,13996,9476,11624,11823,12247,11048,8769,10206,9647,10219,11948,8350,9244,7606
"160791",11166,11535,10908,9741,12012,10272,7191,13965,6219,6974,7078,12737,6426,5918,5465,6043,7451,5633,11833,5703,5894,7799,5417,7561
"2736640",13353,13876,12262,12389,13008,12627,12454,11847,11926,11806,11880,10976,11026,10763,11028,10800,9570,10164,9662,10092,10210,9070,9553,8537
"2840457",12607,11221,13859,12641,13809,8842,12541,10773,13410,11550,12226,9871,11456,11925,12209,8432,7828,7895,10109,7959,10819,10005,7851,9055
"413882",13792,11907,9586,10740,9152,9566,4785,11378,4276,4379,4265,8371,3980,4285,4289,6295,7959,5469,7943,5774,4486,8228,5016,5794
"2789216",9383,5692,6076,4686,4814,8533,3705,4725,3564,3529,3458,4339,3383,3412,3309,3738,4166,3472,4093,3413,3209,3999,3358,13733
"2014920",10556,9780,12508,13242,12711,9584,6684,13712,6416,6173,5653,11955,5189,5869,5704,4839,7974,5567,9022,4968,4962,8892,4530,6871
"41275",10908,10893,10163,9451,11220,10890,8528,9469,7720,7948,7941,8879,7218,7347,7121,7655,7915,7416,8356,7156,7441,8606,7184,13597
"2045",13523,12869,13372,13037,13417,11628,12078,11686,11691,11686,11476,11058,10861,10580,10994,9867,9511,9351,10607,9273,10271,10159,9073,10264
"2053",12961,13520,12577,12259,11971,11983,11445,11187,11173,10855,10953,10806,10046,10345,10408,9962,10145,9777,9727,9912,9705,9624,9649,9277
"41",11926,12548,12200,11074,9938,13308,9261,11302,8371,8620,8230,9307,7269,7897,8006,10122,9337,9386,8788,10162,8397,8915,8895,10617
"1643322",12432,11085,12348,12929,12318,9377,13176,10597,13062,12018,12735,9996,11272,11800,12239,9098,8116,8589,9394,8816,11004,9422,8532,7825
"1866",11193,11169,11223,9989,11341,8687,11023,8856,13157,10379,10888,7722,9817,11455,11643,9239,7214,8862,11440,8526,11918,7999,7765,6613
"2954771",13157,11764,11528,10205,11274,11716,7234,11371,7432,7107,6718,10912,6374,7371,7340,6851,7579,6634,9343,6897,7027,8865,7027,8952
"2714939",11036,10423,10693,11520,10536,8031,13000,8811,13138,12148,12800,8447,11501,10836,11506,9420,7261,8430,8387,8698,10467,7588,8698,7836
"135621",13054,12716,11842,10498,11612,11398,8133,11188,8227,8163,7837,10259,7357,7851,8024,7867,9604,7738,9753,7840,7777,9925,8259,8632
"1605891",5916,5282,8448,4773,12931,5307,3946,6294,4508,3562,4132,5456,3554,4809,4026,2564,3002,2400,7644,2480,4019,6813,2578,4749
"2925843",7683,7639,12133,5427,12930,7868,3368,7248,3879,3379,3442,5848,3188,4491,4309,2323,3145,2334,9898,2262,4266,8865,2395,7178
"1391654",12346,12929,11506,9526,10101,11792,7654,11064,8058,7532,7264,11086,6766,7855,8143,8730,9721,8853,9611,9422,7829,10260,9688,10250
"1867715",12929,9083,9824,9211,11145,11373,4592,10297,4271,4558,4278,7731,3965,4425,4852,4900,5704,4249,8307,4341,4201,8224,4650,9209
"68270",7213,7285,6625,6361,6828,6667,7547,6023,6359,8138,6916,5632,12918,5753,5942,5677,5426,5563,5612,5521,5608,5150,5556,5168
"135614",11236,10487,11295,8884,12878,9873,6656,10226,6543,6336,6084,9638,5538,6977,6532,5915,7289,5966,9707,6088,6597,9994,6295,7957
"941907",9846,10373,9889,9272,12862,9364,11395,8506,8378,10351,11802,8717,9408,8375,7376,7941,6829,7126,9111,7390,8432,7394,6412,6662
"453304",12255,10584,12283,10133,12850,9042,6899,11021,6758,6708,6448,9417,6050,6718,6831,5050,6623,4744,9080,4830,6246,8740,5243,8277
"639200",12802,11022,8701,9243,7913,8887,3885,10617,3801,3790,3610,7911,3323,3776,3852,4059,7293,4163,7038,4141,3730,7597,4144,5310
"85015",12552,10892,12502,12474,12733,9403,11683,10321,11722,10923,11375,9916,10177,10489,10414,8486,8307,8022,9361,7854,9651,9377,7810,7772
"2745",11993,12692,10922,10379,10573,11404,8921,10398,8657,8500,8286,9933,7663,8371,8012,8415,9381,8212,9109,8299,8041,9267,8511,8391
"66880",5221,4025,6186,4236,12639,3676,3703,5505,4083,3464,3343,5569,3335,4034,5209,2887,2719,2737,6585,2789,3717,4071,2794,2507
"33877",12619,10956,11903,9927,12528,8926,6659,11324,6782,6356,6107,9357,5988,6445,6704,4567,6367,4624,8706,4550,6133,8852,4818,8028
"240495",12194,12606,11209,11446,11613,11518,11670,10992,11110,10989,11174,9839,10238,10353,10348,9908,9194,9428,9109,9445,9557,8572,9026,8068
"113562",10235,11616,10984,10267,10457,8006,10159,8213,12603,9777,10651,7683,9245,10850,10825,9517,6883,8176,10128,8121,11597,7838,6965,6309
"39689",12571,7272,9700,9697,8983,5497,8234,8984,9232,8032,8645,7065,9134,8283,8708,4315,4036,4152,6821,4593,8029,7375,5305,7281
"649831",12081,12555,11017,11382,10783,10343,12046,9684,12401,11031,12511,8800,10727,10940,11480,10282,8485,9507,9271,9384,11301,8057,8609,7224
"196162",12076,10492,12384,12447,12544,8745,12005,10204,12473,11146,11922,9323,10801,11138,11342,8259,7373,7517,9183,7457,10345,9257,7653,7349
"1993",11672,10512,11067,11654,12480,9506,11539,9974,10806,11198,11781,9303,10134,9968,9577,8429,7886,8057,8751,7743,8654,8986,7540,6792
"88688",12113,12439,11397,10007,11689,12297,8104,10474,7661,7774,7642,9907,7079,7351,7397,7794,8817,7219,9659,7261,7237,9890,7027,8764
"2518370",11006,9474,11251,11480,11873,7817,12282,9265,12403,11230,12394,8681,10902,10867,11296,7990,6825,7500,8442,7704,10350,8125,8053,7350
"2602015",12299,12018,11656,10499,11213,11333,8660,10860,8332,8161,8490,10556,7469,8543,8046,7385,8908,7487,9668,7231,7673,9926,7783,8767
"642",11136,12231,9790,10033,9888,9837,7515,9309,7415,7430,7535,8980,6594,7333,7368,7358,8327,7289,8144,7382,7018,8399,7442,7507
"204441",11757,12226,10846,10376,10333,11353,8832,10123,8589,8471,8654,9717,7648,8234,7747,8272,8914,7860,9080,7916,8125,9002,8291,8705
"331696",11710,12208,10349,9886,10174,11475,8292,10328,8406,8005,8077,9802,7282,8329,8192,7952,8809,7703,8756,7863,7668,8979,8322,9068
"29580",12203,6676,6464,7771,7720,6042,3809,7159,3669,3710,3702,5045,3388,3638,3627,3690,4983,3723,5220,3636,3630,5333,3897,4129
"298654",10309,12168,10004,10037,9340,10601,9504,9118,9282,9225,8962,8593,8447,8635,8506,8682,8742,8390,7842,8274,8148,7768,8126,7580
"2942996",8070,7852,8802,6755,12140,7202,7199,7168,5339,6545,7483,7252,6207,5454,4806,4776,4752,4140,9017,4384,5291,6498,3981,5457
"2576891",10819,6013,8753,6328,7813,5096,2411,12133,2512,2299,2332,8917,1870,2525,2402,2245,4135,2303,10734,2308,2691,9035,2299,4279
"2728021",12131,4092,4584,6521,6208,3428,2034,5256,2038,1804,1938,3052,1670,1973,1997,1951,2817,1819,3397,2018,1989,3506,2027,2277
"2937800",10549,10500,9127,10676,8479,9281,12112,8571,11625,11381,11359,7580,10690,10432,10251,9449,8582,9405,7238,9203,9315,7018,8777,6623
"404589",11056,12071,9601,9853,9292,11451,8502,9158,8059,8324,7962,9027,7413,7914,7671,9153,10533,9357,8446,9329,7918,8681,9371,8241
"588932",2511,2701,2498,2197,2736,2642,2120,2163,1909,1929,1920,2047,1770,1770,1806,1838,1927,1770,2008,1855,1831,2004,1794,12060
"34071",12058,6544,6323,7132,9458,5640,3747,7608,3668,3519,3434,5337,3140,3466,3431,3644,4606,3307,5159,3591,3461,5163,3471,3868
"3049772",12042,11961,10443,10162,10316,11293,7406,10664,7548,7221,7071,10086,6688,7529,7455,7293,8270,6925,8591,7180,7159,8284,7296,8615
"1387353",10908,12033,10248,9837,10188,11263,8024,8814,7626,7662,7261,9022,7026,7103,7324,8094,9278,7821,8669,8275,7016,9034,8149,8547
"1315974",6231,3084,7724,4059,12011,3112,1542,5206,1333,1606,1596,3568,1346,1305,1264,1311,1880,1223,6638,1223,1268,3968,1266,2548
"84531",7770,5958,9734,5266,11998,6191,3948,7595,3900,3587,3930,6227,3403,4267,3945,2824,3669,2842,8538,2926,3950,7623,2871,6436
"2937801",10283,10588,9654,11044,8609,9295,11979,8701,11453,11523,11209,7786,10677,10454,10178,9648,8945,9226,7242,9313,9589,7122,8818,6594
"114616",10685,11957,9373,10185,9218,10913,8880,8920,8534,8453,8563,8057,7766,7719,7743,8794,8962,8346,8234,8520,7564,7769,8252,8022
"1707785",11950,6533,6494,7212,8041,5368,3837,7151,3689,3677,3615,5047,3146,3490,3388,3678,4444,3540,5159,3630,3539,5155,3496,3902
"2895565",9127,7903,11033,9865,11923,6595,7555,8418,9002,7046,7221,8744,6616,7480,7726,5174,5500,4720,8138,5062,7190,9029,5056,7768
"1404",11911,5302,5452,4323,5480,5157,1803,3188,1285,1771,1564,3599,1556,1330,1298,1173,3027,1062,3679,1357,1144,3447,1557,2909
"119045",10592,11901,9557,9751,9121,10376,8542,8661,7803,7941,8017,8330,7442,7497,7244,8213,8259,7746,8162,7859,7167,7523,7745,7521
"2931390",10483,11881,11235,10618,11175,7616,9964,8955,10376,9520,9915,8399,8885,9241,9699,7102,6594,6633,8125,6779,9000,10324,6459,6909
"28095",11874,11736,10138,9728,9642,10216,7571,9891,7665,7566,7669,9095,6805,7504,7359,7804,9063,7496,8513,7511,7189,8600,7463,7675
"921",7480,6552,6393,5622,5754,7427,4752,5707,4998,4579,4615,5014,4169,4822,5397,4411,4753,4207,5054,4285,4316,4882,4403,11838
"1882749",11188,9767,8887,8598,8458,8286,4121,11837,4106,3830,3749,11409,3284,4166,4143,4130,7468,4112,7832,4228,4402,8814,4203,7080
"1389020",11821,10932,10717,9710,11584,8935,6944,10034,6653,6654,6441,8166,5905,6559,6598,5053,6670,4907,8342,4725,6272,8475,5308,7807
"1287736",365,383,285,235,328,488,211,261,206,198,200,291,193,203,185,222,308,239,355,201,193,251,237,11801
"1716",11061,11789,10456,10630,10154,10411,9932,9429,9285,9696,9123,9178,8278,8834,8838,8803,9282,8503,8306,8580,8454,8746,8452,7938
"48736",11782,10727,9371,8784,9060,9419,6246,9864,6391,6112,6010,8235,5553,6181,6282,6407,8073,6311,7653,6343,6221,8185,6207,6863
"1526658",11013,11186,9338,9073,9141,11770,6927,9113,6458,6598,6342,8258,5942,6379,6332,6689,7861,6493,7866,6424,6093,7694,6616,9668
"1141883",11753,6490,6441,7018,10053,5428,3677,7444,3614,3530,3454,5305,3214,3538,3493,3613,4455,3537,5101,3589,3510,5277,3600,3668
"2712223",11100,9804,11658,11299,11721,8682,10375,9994,10339,9888,10191,9190,9266,9563,9543,7788,7271,7052,8748,7065,9076,8488,7077,7186
"83618",7136,6076,8677,5533,11662,8939,4164,6631,4332,4004,4067,6233,3675,4508,4106,3370,3766,3134,7442,3220,4169,7130,3197,7146
"110319",10342,9042,10911,11150,11652,7362,8390,9401,8933,7808,8152,9179,7127,7804,7766,5720,6072,5187,8296,5257,7323,8931,5511,7713
"2528024",10518,9204,11309,10298,11631,8319,7632,10117,7407,6937,7263,10249,6299,7720,7158,5234,7080,5296,9615,5323,6809,9117,6036,7339
"2079227",11608,4593,7073,9671,9774,3788,3792,5233,2717,3326,2810,8419,2938,2528,3038,2856,3802,2005,7792,2354,2803,4362,1827,3400
"2108445",7746,5216,8002,6409,11570,5915,3726,6569,4405,3652,3592,6323,3630,4235,4005,2650,3440,2484,7042,2542,3678,5784,2629,5730
"2591633",6051,4800,8098,5151,11543,4819,2986,6752,3297,2734,3023,6069,2688,3786,3072,1830,2627,1949,7222,1799,3002,6704,1842,3890
"2822368",4734,4214,6629,3962,11543,4010,3971,4750,4408,3460,4189,4190,3492,4635,3817,2064,2317,1883,6170,2000,3629,5694,2106,3507
"53359",11533,10987,10436,9907,9983,10315,10603,9887,10233,10240,10284,9149,9327,9511,9775,8845,7934,8621,8434,8824,8948,8459,8074,6881
"2917724",10879,9658,11161,11243,11508,7990,10079,10031,9950,9315,9754,9155,8920,8807,9148,7177,7056,6697,8078,6447,8389,7980,6437,7215
"2001",10554,10581,10333,10184,11458,9423,9339,9214,9673,8758,8997,8231,8229,9062,9182,7891,7848,8052,8801,7623,8441,9113,7341,10462
"1219491",11456,9026,9390,9236,9560,8218,10976,8360,9135,9868,9925,7984,10050,9562,9222,7407,7006,7107,6877,7084,7748,7227,6595,6170
"1836",11354,11451,10560,10897,10273,10680,10802,10090,10229,10047,10048,9099,9474,9419,9365,9268,8783,9133,8391,9073,8923,8136,8545,7934
"1636152",10212,11424,9589,9623,9689,10437,7709,8408,7535,7516,7148,8438,6915,6911,6804,7957,8459,7614,8122,7463,6778,8146,7525,7986
"2995138",8694,8289,4364,11419,5868,4975,1395,5131,1302,1408,1319,3355,1172,1345,1397,1506,3646,1415,3676,1434,1357,3474,1497,2076
"2824561",10321,6180,9717,6345,8151,5250,1473,11418,1625,1404,1487,5448,1377,1563,1633,1471,4428,1463,6475,1475,1567,7417,1727,3994
"107709",11102,9762,8816,8817,10365,8877,5693,11401,5753,5300,5264,10528,4659,5675,5729,5539,7071,5350,8401,5472,5825,8485,5451,6650
"2080742",10724,8733,10585,8546,11394,7821,5529,9770,5695,5498,5117,8392,4870,5569,5792,3935,5417,3813,7760,3762,5177,7829,3936,6771
"1632864",11178,9964,11291,9358,11352,10131,6180,9433,5961,5845,5749,8125,5530,5844,6003,6187,7534,5900,9450,6121,6112,8952,6265,9334
"2315862",5146,8163,4429,4629,4584,11352,1308,5034,1351,1222,1118,4439,979,1569,1580,1353,4555,1468,5264,1647,1533,3855,1789,7204
"36863",11343,8792,7416,8033,6872,6861,2573,9694,2438,2514,2481,6209,2270,2486,2554,2802,5665,2719,6189,2682,2513,6450,2754,3736
"457921",11336,5858,6907,6739,7665,5160,3872,6333,3682,3893,3434,5228,3099,3410,3453,3673,3782,3414,5255,3548,3725,4906,3105,3371
"3064139",6898,7964,8690,6488,11298,6696,4505,7873,5413,4070,4966,8232,3783,5245,5010,3204,4338,2748,8370,3009,4770,6354,2894,5338
"52",10680,11237,8958,8393,8746,9539,6832,9393,6714,6682,6476,9342,6188,6752,6568,7370,8468,7612,7578,7575,6473,8367,7766,7849
"2650471",10527,9344,10860,10157,11166,8464,7649,9748,7852,7000,7391,9723,6562,7849,7345,5586,6903,5244,9403,5296,7147,8384,6238,7371
"161492",10494,11163,9228,8815,8545,10217,8243,8742,7560,7886,7469,8567,6793,7322,7296,8486,9165,8463,7441,8553,7164,8167,8357,7512
"465721",10357,10634,9851,7513,11114,9233,5927,9484,6298,5708,5715,8324,5291,7123,6937,5005,6362,4906,7850,5020,6484,7761,5087,6508
"3064278",11084,5707,5694,6812,6668,4927,3341,6532,3297,3262,3197,4437,2893,3220,3129,3127,4020,3260,4500,3198,3235,4817,3034,3344
"265",11051,11016,9889,10142,10349,9920,8467,9321,8025,8060,8252,8793,7352,7545,7562,7492,8029,7452,8386,7475,7260,8128,7492,7633
"1926868",7076,5392,5868,5345,11028,4548,2427,10445,2316,2423,2283,4230,1914,2282,2374,2463,3722,2484,4701,2341,2267,5998,2461,3507
"2899123",10131,9691,8651,7664,10822,10998,7188,8764,6090,6565,7219,7795,5975,6102,5579,5800,5648,5056,8196,5198,5730,6830,4900,6634
"466153",8752,9572,8527,7950,8629,10986,6057,6924,5929,5861,5462,6887,5243,5616,5524,6330,7124,5926,7203,6231,5492,7211,6226,8122
"47858",6560,6568,8398,6058,10983,5827,6316,5520,9382,5864,6078,4987,5783,8081,8255,5506,4487,5141,6589,5125,7804,6016,4797,4228
"1858609",2608,1664,3219,2208,10972,1464,721,7250,653,693,717,1297,576,702,692,752,1025,696,2027,665,763,3950,700,937
"2202249",10956,10719,10108,10063,9997,10112,9395,9913,9436,9125,9111,8420,8388,8878,9088,8091,8547,8336,9299,7918,8055,9009,7741,8970
"376175",10921,9610,7423,7981,7076,7775,3649,8891,3483,3518,3387,7180,3020,3648,3499,3744,6491,3886,6359,3795,3526,6684,3844,4820
"2738142",10889,2509,3343,5736,5422,2159,1115,4312,1082,1058,1081,2129,917,1066,1098,1119,1725,1097,2332,1094,1042,2730,1074,1346
"2202148",9980,10878,9010,9301,8897,9876,7819,8312,7708,7596,7825,7918,7050,7267,6836,7381,7598,7439,7649,7241,7073,7529,7248,7251
"3040509",10295,10524,9778,9511,9819,8291,9823,8124,10860,9300,9976,7575,8638,9582,9687,8732,6985,8074,9102,7996,9915,7007,7069,6228
"397260",10828,8538,8070,7287,9799,8923,6260,7700,5382,5893,6475,7513,5294,5413,5041,5044,5648,4865,7187,4904,4978,6206,4498,6174
"270351",9868,10820,8794,9122,8556,9890,8017,8239,7670,7824,7583,7837,7061,7169,7185,7779,8009,7550,7526,7466,6836,7324,7313,7160
"192",9844,10813,9004,9340,8762,9970,7964,8368,7842,7725,7878,7727,6913,7356,6995,7734,7854,7460,7829,7597,7088,7499,7190,7213
"321985",10776,4714,5041,6179,6256,4076,2578,5472,2497,2631,2514,3640,2306,2571,2602,2633,3403,2475,3973,2529,2694,4009,2548,2732
"2983246",3501,2534,5799,7650,8067,3689,1729,2013,4706,1899,1618,1568,1251,3126,3330,1538,1331,1291,3348,1394,3114,10652,1299,2223
"2290922",6018,5734,8133,5033,10540,5215,4236,5890,4415,3849,4221,5411,3511,4649,4179,2904,3365,2750,7292,2807,4235,6650,2925,4353
"1871086",2983,2945,2698,2564,2969,2873,2181,2518,2135,2076,2068,2200,1813,1919,1902,1958,2151,1857,2208,1807,1968,2256,1803,10537
"2918171",9028,10533,8220,8175,7826,9846,7426,7715,6886,7028,7053,7616,6276,7082,6781,8129,8824,8051,7075,8050,6827,7174,7728,6968
"122358",10390,10492,9732,9186,9711,8890,9526,8279,10444,9260,9844,7574,8684,9529,9681,8527,7148,7873,8800,7844,9452,7313,7259,6244
"2774189",1486,1415,1451,1206,1428,1522,1051,1259,1024,976,1055,1169,909,974,880,971,1083,886,1147,942,1006,1129,840,10484
"1842727",10476,8659,7748,7582,8194,7137,3712,9007,3607,3580,3500,6748,3093,3514,3663,3839,5839,3858,6522,3884,3661,6842,3839,5065
"151416",10471,7404,7913,7310,8397,8874,4047,8142,3876,3998,4021,6230,3680,3695,4126,4219,4891,3620,6594,3869,3724,6348,3981,7115
"2599640",7471,7190,7266,6088,7649,7575,4433,6012,4536,4332,4361,5354,3998,4369,4574,4438,5009,4137,5843,4333,4468,5370,4340,10438
"1473598",10153,10429,9018,8513,9143,9956,7029,8289,6485,6933,6268,8526,6030,6648,6472,7280,8256,7458,7459,7462,6150,8194,7928,7534
"46165",10272,10357,10380,9757,10409,9133,10049,8816,9672,9428,10123,8277,8871,8988,8736,8073,7684,7761,7614,7609,8093,7624,7463,6738
"186817",10408,4642,5811,4694,5709,4326,1950,3841,1935,1771,1793,3945,1620,1816,1726,1468,3498,1468,4153,1694,1657,3965,1809,3455
"1593482",10388,4156,4457,6105,5890,3503,2282,5295,2281,2248,2227,3392,1971,2148,2206,2214,3036,2203,3406,2158,2160,3756,2285,2387
"1708",9835,10244,10378,9403,10048,8564,9945,8476,10120,9027,9235,7931,8928,9056,9564,8005,7432,7370,7872,7460,8593,7998,7399,7458
"2604421",3102,2946,2692,1429,4395,10326,705,2321,741,644,571,1588,598,878,810,740,1324,585,1914,661,788,2069,655,6392
"2004797",9689,10317,9280,8297,9054,9519,6093,7954,6175,6213,5687,8329,5585,6007,6398,6837,7827,6855,7488,7225,6039,8222,7801,7333
"2584466",7720,6221,8056,6556,10293,6696,4401,6846,4930,4083,4369,6716,3995,4603,4265,3393,4409,3258,6952,3322,4173,6480,3532,6253
"80865",10088,7935,7862,7394,10284,6690,4074,9711,3842,3808,3897,6213,3473,3768,3760,3931,5565,3855,6308,3859,3783,7270,3990,5170
"1865",9531,10136,9087,8540,9266,7890,9399,7398,10256,8688,9341,6762,8346,9212,9239,7857,6400,7335,8552,7211,9269,6478,6305,5621
"33050",7682,6251,6786,5129,9153,6833,4217,6361,3672,3967,4248,5278,3573,3575,3463,3262,3766,3250,6176,3303,3580,5208,3107,10240
"37326",10078,10234,9115,9014,8860,9139,8557,8517,8066,8275,7895,8011,7646,7805,7569,7649,7533,7205,7456,7342,7262,7202,7078,6917
"864828",10234,4871,4919,6234,6356,3832,2581,5455,2645,2525,2472,3831,2250,2563,2522,2701,3188,2539,3803,2594,2791,3848,2464,2620
"1867",9838,10168,9255,8807,9358,7934,9314,7632,10129,9040,9524,7024,8452,9509,9467,8199,6558,7472,8773,7629,9469,6855,6750,5991
"37928",7142,2964,6632,5671,10088,2728,8924,4170,5384,6572,5483,4842,7356,4599,4712,2238,2319,2073,5427,2114,4840,4718,2095,2237
"47420",10066,8312,7456,7073,7824,6690,3272,8850,3102,3188,3066,6420,2732,3113,3213,3458,5492,3426,6007,3485,3275,6656,3370,4646
"46429",6058,3120,6743,3825,9993,3011,1378,5024,1095,1290,1285,3574,1171,1150,1116,1135,1781,1057,6048,1073,1025,3396,961,2236
"2202149",4250,2825,6843,3047,9983,2921,2346,3840,2651,2213,2337,4187,2093,3077,2540,1628,1797,1567,5938,1595,2436,4925,1530,2836
"2769491",9965,5775,5648,6421,6871,4809,4181,5660,3753,4232,3372,4292,3164,3390,3276,4098,3924,3762,4794,3902,3624,4453,3326,3345
"517",9811,9945,8291,7727,8345,8428,6275,8065,6106,5930,5980,7598,5386,6151,6284,6242,7349,6209,7248,6134,6065,7616,6384,6412
"321984",9940,4197,4290,5611,5505,3423,2231,4939,2119,2132,2215,2987,1875,2251,2014,2200,2789,2066,3248,2192,2212,3711,2044,2399
"2591108",9130,8083,9095,8434,9931,7546,8860,7681,8580,8907,9278,7367,7999,7769,7933,6831,6252,6535,6838,6471,6903,6968,6225,5468
"2775403",9929,6384,9093,7954,9890,5920,3150,9540,3201,3012,3118,6313,2945,3103,2982,2486,3741,2276,7109,2542,2977,6554,2522,5063
"179636",9879,8713,7898,7666,9913,7374,4571,9845,4212,4227,4151,6671,3827,4110,4207,4514,6099,4454,6457,4459,3996,7030,4396,5223
"2651334",8692,9889,8106,8711,7519,8517,7114,7005,7301,6895,6972,6465,6608,6391,6241,7040,6981,6709,6796,6829,6362,6066,6231,6437
"2897332",8511,9886,7468,8189,7654,8929,7134,7327,6794,7104,7079,6930,6435,6237,6169,7352,6881,7102,6425,6860,5961,6252,6669,6425
"1327635",9879,6940,7060,7055,9407,7490,4512,9171,3666,4334,4463,6194,3763,4086,4907,3689,3844,3270,6836,3413,3692,5875,3651,7455
"2898796",9217,8177,9646,9410,9831,6732,9313,8171,9367,8603,8797,7462,7948,8178,8573,6397,5695,5800,7119,5834,7585,7071,5683,5996
"3015177",7300,8189,6902,5873,8605,8016,4653,6094,4225,4541,4278,5576,4181,4162,4063,4561,5157,4045,6417,4118,4492,6156,3924,9825
"2681549",8486,8569,8002,7598,9821,8122,6855,7859,5656,6167,7030,7800,5731,5491,4884,5433,5761,5071,7382,5109,5179,6071,4784,5902
"2728020",9805,5683,5903,6336,6573,5027,3471,6189,3489,3372,3287,4575,2859,3317,3171,3335,4053,3153,4516,3281,3249,4820,3269,3506
"2686094",7165,8448,5236,5526,5316,9804,3682,7113,3889,3675,3888,8028,2962,3719,3407,3564,7957,4086,4411,3890,3616,4552,4563,6642
"200618",9047,7433,9053,8158,9796,6444,7302,7431,7507,6633,6804,7029,6414,6613,6909,5353,5334,4902,7295,4912,6250,6660,4999,5633
"1675686",9112,9750,8393,7783,7865,8690,6510,7659,6454,6386,6257,7593,5702,6376,6332,6281,7585,6471,6798,6332,6272,7258,6707,6523
"1521768",9530,9744,8286,8279,8179,9345,6192,8423,6211,5845,5724,7975,5542,6021,6006,6013,7172,5996,6751,5999,5670,6600,6252,6971
"443156",8685,7134,8523,8677,9734,6081,6579,6989,6902,6092,6230,7393,5923,6192,6686,5263,5116,4707,6849,4841,5872,6063,4836,5221
"1938607",9730,6768,6493,6672,8700,6982,4356,9248,3392,3933,4140,5864,3549,3749,4705,3581,3450,2916,6183,3148,3465,5629,3395,7325
"2716225",9716,8538,7220,7046,7081,6698,3722,8201,3528,3502,3424,6411,3095,3532,3537,3726,5838,3836,5797,3882,3642,6461,3770,4682
"2736",4216,3582,5185,2902,3693,9709,1539,3163,1460,1431,1294,2750,1282,1640,1500,1616,2629,1547,3345,1648,1738,4334,1743,4670
"212767",9702,9433,6211,8583,5679,8288,5704,8163,4993,5630,5479,7050,5433,4721,4833,4833,5852,4360,5481,4610,4356,4670,4476,6012
"93064",7156,5527,5557,4708,7092,9695,3990,5618,3504,3669,3953,4824,3341,3382,3380,3521,3422,3063,5270,3067,3357,4511,2862,8239
"32",8718,9693,8963,7951,7719,8683,7224,7670,7472,6990,7125,7401,6194,6785,6963,7463,7048,7352,6733,7695,6808,7618,7310,7205
"3044187",8642,7058,9072,8175,9677,6346,7196,7240,7015,6580,6688,6788,6402,6221,6508,5190,5172,5078,7282,4988,5746,6282,4788,5407
"1325100",9638,9158,8462,7743,8301,8941,5760,8362,5664,5451,5328,8134,5166,5623,5793,5592,6277,5210,6790,5668,5179,6374,5553,6899
"34070",9613,4299,4498,5602,5733,3626,2372,5128,2321,2357,2289,3323,2068,2267,2287,2340,3175,2326,3514,2210,2293,3708,2377,2411
"399",9560,6911,7990,6589,8963,7163,4632,7111,4534,4386,4371,6601,4093,4366,4152,4187,4893,4011,6922,4296,4153,6124,3959,6414
"69277",8817,7694,8423,7512,9559,7653,5322,7453,5291,4856,5152,7410,4580,5085,4918,4540,5327,4224,7222,4326,4674,6257,4663,6525
"1848900",7911,5867,9344,6546,9555,5166,5096,5668,4906,4873,4962,4908,4673,4703,4850,4372,4207,4242,8302,4353,4242,4671,4084,4084
"745310",7806,7640,7416,6705,9497,7190,5724,7620,4549,5200,5465,7381,4935,4349,3963,4255,4794,3954,7162,3964,4212,5468,3802,5258
"283",9488,7672,7499,6998,8950,6548,3633,8943,3689,3669,3532,6052,3175,3622,3594,3690,5422,3696,5849,3722,3552,6580,3887,4706
"37331",8964,9464,8168,8309,8451,8555,8606,7933,7996,7889,8054,7169,7179,7249,7358,7312,6487,6833,6613,6702,6755,6119,6585,5845
"2675225",6102,5870,6619,5641,9446,5094,4818,5572,4984,4625,5465,5893,4295,4936,4491,3079,3797,2759,7027,2949,4567,4770,2838,4049
"2582905",9129,7993,9295,9169,9443,6752,8709,7995,8607,8017,8601,7494,7566,7898,7996,6293,5858,5888,6931,5876,7406,6742,5700,5815
"2013",9242,9433,8568,8940,8200,8503,8279,7828,8279,7984,8112,7355,7415,7599,7515,7629,7152,7352,6803,7221,7114,6796,6901,6327
"858423",9376,9395,8373,7989,8193,9203,5956,8344,5948,5729,5840,7785,5314,5812,5746,5795,6784,5705,6878,5805,5660,6579,5926,6934
"504468",8442,9368,7659,7752,7642,8484,6677,7158,6688,6516,6685,6893,6097,6050,5943,6661,6713,6349,6653,6422,5969,6451,6263,6266
"2749991",8628,9056,5879,6176,5714,6283,7131,6731,6166,7899,9364,5133,7141,6001,6672,6047,4777,4773,4369,4913,5559,4785,4431,5113
"2970925",5038,2637,6211,3383,9347,2547,1246,4286,1061,1200,1210,3633,1060,1011,990,1077,1662,938,5419,988,1009,3334,921,2034
"1795631",9324,7749,7080,6060,6791,6210,3048,7676,2917,2780,2748,5707,2437,2813,3016,3060,4824,3020,5818,3021,2922,6138,3207,6566
"2801335",5669,3554,6339,5395,9318,3590,1986,6979,2317,1734,1852,4508,1711,1878,1796,1567,2088,1415,5164,1480,1922,3798,1442,2307
"2745198",9306,1493,5702,2618,4787,1475,704,2321,512,555,519,2463,470,521,552,163,976,179,3020,201,341,3186,293,1270
"1105204",9294,7240,6380,6106,5894,6466,2001,7518,1909,1973,1790,6792,1768,1883,1925,2096,4148,2073,4968,2101,1935,5419,2258,3997
"2575374",9291,3373,6912,7295,8123,3495,2780,4884,2527,2693,2498,8111,2328,2283,2439,2007,3370,1844,5829,1904,2196,5160,1855,3113
"87883",9033,9289,7908,7721,8013,8100,6332,7992,6090,6028,5960,7254,5478,6193,6083,6176,7021,6021,6796,5975,6002,7088,6072,6190
"338584",9283,9218,8763,8882,8396,8650,8846,8147,8641,8453,8687,7422,7728,8039,7951,7532,6670,7141,7100,7476,7582,6416,6790,5857
"497727",8337,6350,6377,9269,5681,5550,7611,6006,6933,6693,6840,5847,5356,6176,5343,4523,6559,4704,4370,5116,5293,4780,6173,4254
"266062",3377,2896,5500,2732,9241,3431,2145,3146,2684,2060,2141,3043,1861,2835,2566,1623,1735,1552,3875,1662,2605,4184,1623,2870
"161493",8214,9238,7776,7446,7223,8379,6681,7302,6269,6541,6303,6980,5595,6261,6003,6978,7409,6933,6415,6756,6142,6580,6769,6148
"3068633",9233,4893,5206,5494,5952,4038,2951,5512,2801,2894,2706,4072,2517,2815,2699,2815,3361,2847,3957,2794,2828,3984,2710,2996
"2562284",8367,9221,7704,7208,7636,8306,6060,7682,6075,5636,5786,7259,5245,5971,5811,5727,6518,5594,6575,5801,5621,6397,6027,6585
"2802641",8914,9203,8247,8291,8111,8376,8415,7988,7962,7893,7768,7222,7247,7301,7016,7408,6645,6898,6580,6875,6985,6377,6600,6405
"795665",9193,7377,6224,5937,7105,6000,3268,7537,3022,3032,2956,5598,2732,3034,3088,3239,4953,3165,5481,3180,3001,5665,3331,4544
"404405",8803,9187,7555,6858,7074,7778,5747,7410,5795,5585,5587,7085,5008,5868,6011,6030,7265,5791,6501,5935,5971,7062,6280,5827
"1792",3606,3481,4370,3128,9186,3223,2797,2779,3740,2793,2677,2635,2549,3454,3066,2475,2549,2311,2959,2408,3144,5955,2287,2547
"31",8287,9169,8109,7419,7165,8350,7055,7478,7022,6719,6728,6996,6000,6272,6433,7249,6914,7029,6257,7257,6761,7063,6887,6481
"2072590",9147,3984,4174,5516,5413,3467,2219,4805,2197,2089,2078,3106,1885,2152,2098,2222,2847,2065,3329,2138,2038,3513,2071,2329
"2742131",8157,7603,7389,6834,7127,6594,9118,6803,6539,7178,6851,5940,6272,6387,7174,5871,5351,5609,5662,5570,6113,5473,5140,5230
"91347",9115,8654,7859,7478,8101,8025,5648,7598,5488,5383,5306,7344,4787,5698,5512,5486,6661,5333,6779,5337,5242,6843,5747,6149
"316612",9104,8001,5976,6304,5618,6292,2498,7330,2420,2334,2277,6145,2173,2327,2670,2698,5092,2618,5049,2699,2311,5249,2672,3925
"1940610",8570,9079,7421,7481,7485,8535,6029,7442,5876,5901,5906,6920,5171,5657,5514,5906,6625,5886,6298,5863,5477,6136,6037,6582
"68895",9054,8086,7218,6926,7300,7334,4517,7316,4493,4578,4341,6756,4009,4754,4505,4719,5723,4620,6145,4544,4493,6341,4746,5181
"2498704",8944,8158,8615,7489,9048,7001,5666,7826,5483,5370,5161,6879,4978,5324,5607,4361,5252,4247,6510,4158,4995,6579,4244,6031
"2772401",7093,2163,5779,4669,9044,2355,2123,3114,2283,1929,1984,5109,1823,2266,2656,1447,2268,1372,6565,1496,2416,4338,1455,2391
"2760705",8352,7118,8723,8787,9033,6045,8239,7221,8291,7542,8143,6777,7166,7254,7702,5541,5212,5218,6571,5212,6913,6202,5263,5502
"2806262",8994,7507,6465,6463,6700,5975,3343,7601,3115,3137,3065,5628,2909,3226,3371,3466,5152,3373,5399,3351,3391,5634,3403,4522
"1707",8617,8979,8849,8398,8294,7679,8358,7465,8187,8066,7920,6858,7387,7262,7401,7037,6579,6778,6655,6555,7198,6993,6292,6194
"487316",237,8949,376,137,3803,558,48,77,43,58,56,141,29,51,49,59,652,106,276,67,65,273,75,319
"31989",8916,8850,7972,8249,8087,8170,6874,7447,6631,6824,6916,7267,5994,6164,5781,6303,6429,6193,6647,5883,5859,6502,5945,6332
"2585717",7736,6284,8173,6359,8912,5890,4164,7267,4487,4109,3893,6032,3723,4347,4572,3075,4146,2906,5835,2982,3915,5970,3187,5028
"286802",1254,1384,1203,1213,1178,1191,1150,1002,1017,960,1031,990,938,955,921,1047,1074,978,949,974,972,936,1055,8902
"2795690",7182,7377,6688,6241,7297,6703,4954,6349,4934,4973,4782,5910,4546,4707,4598,4553,5342,4404,5658,4428,4676,5550,4687,8888
"3047874",8877,2594,6492,4248,6449,2087,747,2719,870,615,600,3367,521,744,684,284,1918,315,4340,325,687,4835,428,1663
"2136401",5173,5223,4886,4872,4720,4576,5232,4443,4448,5767,4761,4086,8867,4112,4146,4121,3841,4007,3928,3997,3869,3627,3719,3503
"101571",8709,8859,7573,7197,7364,7932,6103,7573,5720,5852,5572,6895,5345,5714,5743,5848,6943,5700,6508,5816,5661,6419,5923,5753
"296591",8853,6656,8020,7593,6181,5681,2637,8696,2456,2473,2434,6238,2107,2430,2466,2768,4686,2622,6575,2650,2480,6523,2884,3863
"211114",8810,8833,7014,6744,7472,6966,6805,6365,6460,6354,6488,6198,5818,6143,6101,6003,5714,5758,5241,5908,5777,5576,5877,7124
"2070761",8829,5758,6150,6516,5823,4470,1872,6561,1763,1753,1747,3969,1587,1865,1854,1912,3472,2005,4529,1888,1704,4987,1979,2408
"44249",8819,7697,6958,6613,6787,7002,5128,6406,5031,4997,4864,5925,4257,4749,4757,4768,5925,4724,5344,4989,4413,5581,5129,5279
"287",8815,8081,7174,6944,7381,7051,5387,7011,4936,5140,5088,6147,4641,4884,4898,4785,5653,4934,6239,4945,4605,6409,4994,5219
"2303331",8639,8802,6911,6454,5635,7397,3855,8064,3764,3630,3582,7751,3397,3979,3906,3926,7257,4072,6015,4123,4013,7333,4296,5855
"1210884",8285,8801,8235,7493,7585,8785,4970,7244,4949,4538,4335,6998,4301,4663,4649,5269,6632,5079,6700,5354,4630,6915,5346,6591
"2872154",7775,6770,7883,8492,8257,5704,8801,6771,8649,8110,8626,6112,7688,7617,7705,5359,4870,4988,5873,5104,6766,5923,5111,4798
"2034",8540,8800,7973,7924,7727,7752,7374,7100,7414,7358,7152,6918,6576,6757,6725,6679,6654,6396,6390,6388,6440,6285,6398,5864
"2518371",6785,5621,7833,7270,8800,4525,6731,5971,7162,5952,6400,5633,5913,6433,6691,4275,3983,3913,5534,4043,6148,5765,3976,4316
"2932773",8798,8627,7977,8004,8006,8022,8603,7619,7742,7928,7761,7122,7174,7102,7294,7013,6531,6769,6519,6749,6726,6144,6297,6069
"3014784",7893,7203,6894,6459,8791,7257,5294,7479,4418,4886,5260,6355,4332,4513,4566,4324,4520,3905,6354,3967,4268,5489,3806,5806
"2762322",8788,6284,6580,5256,6341,5227,2401,6680,2476,2372,2257,4691,2105,2277,2562,2548,3706,2505,5551,2458,2455,5360,2586,6685
"80867",8280,7104,6255,6300,8413,5775,3260,8784,3156,3111,3085,5507,2710,3101,3251,3266,4575,3306,5786,3281,3024,6119,3219,3912
"467094",8102,8676,8769,8201,8113,7658,6783,7297,7204,6861,6507,7076,6164,6677,6707,5956,6685,5911,6904,5679,6295,6681,5995,6504
"2651199",8756,2515,5854,5956,8174,2393,2100,3820,1924,1950,1921,6295,1814,1728,1962,1380,2360,1251,5473,1308,1758,4754,1238,2319
"2996826",8295,7542,8654,8505,8745,6415,8280,7242,8187,7663,8066,6819,7292,7415,7552,6009,5413,5660,6304,5517,6679,6316,5552,5351
"2760089",8363,7569,8486,8679,8743,6269,8532,7279,8341,7724,8001,6881,7357,7506,7573,5928,5411,5550,6439,5527,7061,6418,5270,5448
"700274",5071,3033,3177,2716,4006,2709,2972,2827,2989,2669,2826,2918,2419,2433,2534,2547,2122,2191,2430,2346,2303,2098,2155,8743
"335406",8405,8742,7994,7257,8626,7996,6670,7124,5886,6363,6504,7170,5658,5672,5563,5779,6107,5543,7077,5491,5575,6752,5229,5908
"1750527",8063,8731,7036,7059,6963,8171,6457,6802,6008,6251,6262,6344,5772,5687,5637,6626,6070,6199,6052,6455,5373,5963,6016,6095
"546871",8579,8382,8155,8455,8092,7090,8726,6913,8666,8201,8149,6009,7480,7760,7988,7420,6262,6562,6328,6716,7358,6207,6272,5307
"2995142",4224,2841,5938,2581,7242,6220,2229,3168,2054,2427,2030,3204,2302,2161,1932,1367,1745,1378,4081,1442,2009,3744,1675,8713
"2799326",3852,3445,4796,3322,8706,3228,2848,3965,2948,2705,2950,3772,2578,3233,2812,2029,2278,1999,4399,1976,2687,4175,2061,2776
"2801030",6835,5826,4984,7393,5830,4074,4404,8699,4622,4731,4358,6630,4157,4153,3791,2974,3138,2770,4098,2983,3820,4383,3157,4084
"2928472",8066,8699,7345,7336,7003,8003,6329,6669,6135,6114,6339,6656,5526,5778,5618,5943,6418,6081,5946,5882,5381,6094,5799,5930
"1849032",8690,4576,6965,7076,8677,4812,3651,4666,3355,3622,3488,6558,3321,3492,3470,2860,4638,2476,6273,2905,3407,5469,3575,5312
"53358",7997,6705,8281,8061,8686,5613,7183,7032,7771,7050,7073,6388,6724,6957,7095,5051,4762,4644,6377,4618,6491,6657,4531,4418
"2981138",8661,8486,7635,7669,7500,8034,7873,7577,7138,7334,7330,6839,6962,6743,7014,6665,6181,6464,5957,6498,6472,5734,6097,6091
"47857",8638,7377,7669,7766,7972,6873,8659,7320,8313,8206,7975,6154,7846,7238,7322,6181,5260,5821,6017,5851,6615,5815,5587,5265
"2203219",2041,1281,1999,812,8638,3434,506,1339,833,499,422,981,577,887,537,399,684,331,1868,347,624,3097,368,6161
"715475",8565,8469,7834,7807,7636,7633,8564,7584,7524,7666,7480,6866,6949,7180,7131,6731,6297,6346,6047,6478,6631,6098,5978,5678
"223967",7890,8539,7255,7076,7044,7667,6123,6623,5913,6141,6006,6273,5472,5573,5647,6095,6290,5936,6014,5892,5284,5909,5821,5874
"2698682",3514,3054,5077,3017,8520,2985,2443,3681,2690,2218,2486,3663,2164,3120,2609,1408,1763,1439,4800,1471,2519,4524,1499,2765
"2732249",8518,8180,7873,7419,7651,7430,6844,6682,6739,6630,6380,6984,5945,6741,6340,6698,7275,6507,6137,6838,6261,7152,6606,5622
"3019544",8108,8512,7358,6768,7545,8015,5281,6706,5427,5185,5363,6813,4563,5415,5236,5183,6434,4807,6139,4985,5213,5519,5511,7569
"588673",7145,7310,6044,7303,5669,6201,8506,5657,8049,7923,7948,4984,7700,7177,6981,6789,5988,6568,4655,6347,6437,4677,6071,4386
"3056937",8317,3853,7197,3337,8499,6161,3209,4784,3652,3119,2972,3302,3160,4116,3515,2223,2163,1851,4652,2012,3988,5623,1974,3382
"32002",5502,5318,4399,4356,4663,4681,3378,4490,3339,3371,3288,4206,3010,3313,3246,3296,3910,3264,3917,3166,3218,4113,3312,8496
"506",8486,7915,7193,6178,6661,6662,4655,6973,4763,4610,4544,6242,3859,4792,4968,4651,5805,4633,5943,4738,4786,6371,4962,5187
"2082386",8481,7430,6000,6160,5258,6186,2494,7461,2256,2349,2259,6019,2039,2378,2547,2613,4939,2755,4876,2634,2252,4998,2765,3772
"37919",8477,8427,7840,7525,7584,7614,7364,6962,7369,7146,7078,6713,6470,6597,6646,6593,6430,6341,6193,6212,6202,6050,6037,5939
"310581",4651,3573,4100,3005,8473,4630,2315,3519,2149,2117,2302,2876,1973,2118,1949,1913,2148,1734,3457,1769,1943,2818,1712,5305
"408",7698,8453,6775,6832,6600,7218,5666,6320,5436,5621,5579,6049,5117,5296,5335,5531,5943,5531,5798,5541,5217,5623,5666,5535
"613",8452,7918,6830,6182,6808,7001,5212,6457,4937,5024,4801,6295,4475,5057,4767,4981,5816,5690,5758,5262,4876,5655,5376,5216
"2527983",7591,8078,8190,7540,8441,7217,4935,6592,5034,4661,4453,6489,4373,4963,4958,4664,5568,4214,7222,4571,4710,6756,4707,6149
"2768066",7516,8423,7024,5654,6024,6077,5085,5581,4802,4764,4664,4592,4378,4447,4364,4288,4681,4165,4525,4221,4091,4517,4056,7054
"675281",7985,7561,7684,7179,8421,7669,5500,7162,5380,5240,5392,6914,4712,5302,5012,4876,5559,4677,6375,4594,4889,6018,4911,5850
"2528009",8398,8420,8101,7695,8096,7687,6041,6936,5845,5703,5643,7113,5227,5827,5507,5620,6936,5393,6533,5379,5254,6733,5584,5968
"13690",6922,5832,6641,5398,8416,5570,3636,6173,3086,3382,3419,5472,3120,3050,3040,2987,3899,2895,6055,2950,2938,4862,2963,4022
"110321",6939,3471,6560,4167,8410,3328,2631,4581,3000,2425,2450,3922,2488,2882,2938,1794,2136,1647,5076,1779,2733,4094,1822,2571
"715472",8300,8160,7625,7240,7285,7315,8408,7326,7105,7292,6942,6524,6581,6677,6849,6178,5914,6234,5844,6130,6326,5535,5821,5607
"2986920",8392,4140,4729,5202,5143,4220,1516,4544,1653,1553,1530,4231,1462,1485,1466,1418,2807,1327,3870,1404,1417,3415,1520,2815
"449461",8244,7621,8231,7994,8390,6619,7519,7125,7200,6957,7092,6800,6289,6538,6638,5630,5470,5270,6552,5413,6280,6171,5205,5692
"2861283",8389,3534,3683,5020,4773,2921,1824,4105,2058,1920,1871,2633,1628,1931,1884,2008,2560,1982,2889,2002,1990,2989,1798,1998
"722472",8203,8386,7461,6878,7272,8013,4913,7210,4876,4837,4766,7199,4418,4933,4813,4895,5939,4614,6170,5026,4843,5776,5137,6186
"2651974",8332,6939,6401,5773,6820,5689,3198,7068,3057,3036,2918,5143,2680,3049,3125,3151,4750,3080,5424,3195,3028,5977,3198,4084
"198618",1572,806,8313,824,5100,678,505,715,548,459,446,1165,449,611,630,443,542,418,3272,467,959,5058,516,893
"1971",8307,8204,7988,7791,7817,7848,7419,7208,7198,7292,6832,6577,6607,6666,6706,6589,6539,6543,6197,6238,6341,5990,6186,5866
"2558918",7991,7141,8284,8130,8305,6139,8209,6775,8160,7436,7739,6509,7083,7352,7483,5575,5254,5492,6231,5452,6734,5979,5319,5228
"215691",3847,3269,5004,3113,8304,3283,2603,3567,2747,2356,2568,3587,2387,3021,2433,1741,2036,1764,4454,1787,2551,4115,1805,2819
"1483604",8063,8278,7569,7279,7014,7628,7329,7102,6909,6822,6947,6643,6531,6593,6483,6359,6032,6308,5932,6205,6117,5656,5855,5756
"42253",8272,7002,7433,7063,7095,6413,6269,6306,5388,5901,5989,6027,4976,5629,5399,5201,5970,4788,6711,5357,5277,5854,5506,4659
"715473",8035,8270,7354,7461,7187,7342,7667,7060,7330,7154,7291,6433,6796,6983,6762,6493,6227,6375,5991,6326,6343,5810,5939,5761
"128785",5206,4226,6737,3917,8255,7551,2926,4819,2935,2695,2689,4324,2572,3164,2769,2290,2722,2222,5343,2136,2769,5218,2306,6470
"2830997",8041,4256,6287,6774,8250,4454,3449,4118,2985,3180,3132,5924,2994,3045,3163,2625,4175,2379,5627,3096,3158,5186,4338,5083
"2762611",3667,3144,5146,2980,8237,3160,2540,3761,2717,2348,2654,3582,2320,2993,2536,1462,1836,1413,4773,1426,2622,4486,1465,2779
"356302",8222,7907,6638,6640,6539,6919,4947,6637,4963,4792,4725,6058,4317,5075,4885,4869,5968,5180,5784,5064,4933,6060,5303,5088
"659012",8158,7427,7793,6781,8210,6450,5360,7307,4993,4985,4826,6148,4486,4879,4882,4118,4810,3987,5868,4049,4654,5848,4070,6639
"85009",8068,7364,8204,7757,7903,6685,7784,6771,7656,7463,7519,6276,6786,6896,6998,6031,5735,5766,5940,5669,6500,6017,5592,5020
"357",8200,6041,5941,5406,7248,5899,3750,5648,3513,3672,3622,5015,3319,3495,3357,3398,4250,3397,4793,3473,3208,4408,3461,4337
"2593653",7795,8192,7114,7083,6568,7251,6093,6426,5699,5878,5891,6379,5237,5417,5194,5458,6270,5322,5810,5431,5091,5713,5715,5815
"47760",8154,7871,7924,7635,7994,6985,6940,7176,7013,6516,6474,6720,6108,6153,6347,5946,5720,5633,6275,5669,6178,6021,5617,5135
"3039159",8153,8149,6726,6932,6609,7518,4979,6907,4840,4936,4840,6668,4495,4907,4713,4986,5556,4795,5579,4967,4538,5292,5102,5617
"3047871",8153,3132,4553,3099,4456,2213,877,2282,654,725,762,2173,605,589,578,415,1545,445,3301,521,572,3291,554,1828
"2567941",8150,2556,4514,2379,3437,2398,627,2091,385,549,432,2075,501,339,338,311,1089,314,2605,383,292,2253,347,1235
"2750812",8141,8011,8106,7799,7777,7031,7756,6879,7578,7670,8090,6448,6739,6917,6889,6459,6112,5930,6110,6091,6282,5951,5659,5330
"1286181",8116,5860,6443,6270,4831,4988,5804,5553,5203,5157,5439,4600,5018,4741,4836,4115,3878,4854,4358,4276,4446,4382,4043,5485
"2878388",7479,8116,7197,7325,7120,7262,7211,6683,6737,6739,6876,6340,6263,6415,6322,6367,5934,6044,5731,6026,6028,5667,5794,5289
"1357916",7066,4013,6703,3313,7545,4399,2759,5798,2312,2484,2660,3534,2301,2432,2231,2326,2510,2134,8102,2159,2323,3715,2030,6102
"2806347",8102,6562,6026,5841,6357,5335,2685,7483,2614,2562,2544,5139,2211,2575,2552,2685,4495,2649,5022,2724,2496,5478,2689,3680
"2898149",7795,8098,6906,6479,6859,7882,5074,6839,5014,4847,4866,6455,4567,4792,4831,4952,5712,4722,5593,4826,4664,5471,5197,5719
"42684",8028,6436,7787,7289,8069,5850,6858,6541,7179,6574,6592,6136,6109,6178,6426,5126,4718,4687,5991,4666,5567,5641,4614,4504
"2202825",7209,8063,6514,6935,6423,7302,5878,5796,5750,5808,5827,5835,5387,5200,5216,5985,5968,5771,5779,5718,5106,5379,5523,5419
"316",8050,7919,7167,6641,7051,7017,5382,6848,5368,5216,5394,6278,4847,5186,5221,5118,5692,5115,5959,5107,5014,6229,5374,5341
"2830667",6790,3312,4961,2633,6126,6585,1819,3814,1587,1687,1809,2292,1599,1686,1607,1627,1862,1395,4142,1396,1654,3710,1371,8025
"2675222",7796,7708,6948,6968,6690,6884,8011,6448,6981,7404,7392,5831,7158,6569,6542,6200,5245,6106,5721,5914,6115,5398,5478,4637
"2663857",7564,6991,7782,7753,8008,5833,7704,6493,7554,7126,7406,6202,6692,6637,6978,5460,4917,5107,5726,5136,6196,5787,4934,4898
"2268449",8006,7857,7161,7922,6932,7112,7880,7049,7031,7569,7640,7081,6903,6639,6757,6694,5631,6280,5869,6272,6276,5405,5745,5742
"2969621",6096,5780,5948,4995,6526,6137,3696,5031,3711,3445,3615,4519,3300,3751,3881,3730,3966,3578,4684,3625,3681,4678,3798,8006
"2778070",7923,7978,7212,7305,6935,7426,7364,6862,7034,6986,7105,6337,6556,6748,6513,6575,6115,6222,5853,6248,6055,5695,6015,5567
"304895",7720,7978,7381,7213,6851,6929,6736,6532,6605,6504,6436,6281,6072,6157,6093,6011,5977,5905,5732,5853,5745,5675,5784,5117
"186650",7149,7968,6478,7197,6059,6716,5416,5771,5673,5016,5032,5012,4854,4843,4853,5211,5141,4906,5281,4656,4861,4573,4760,4904
"3015152",7946,7660,7207,7549,7047,6912,7967,6780,7494,7218,7465,6237,6808,6781,6834,6433,5692,6045,5875,6152,6642,5599,5635,4776
"216778",5992,5505,6455,4612,7959,5774,3548,5334,3530,3276,3443,4294,3131,3729,3429,2988,3302,2978,5231,2933,3359,5151,2969,4623
"343",6207,5580,6230,4966,7952,5914,3906,5549,4002,3679,3738,5067,3464,3926,3817,3470,4021,3291,5459,3395,3687,5504,3325,4842
"56458",6245,5752,6499,4987,7929,7688,4058,5801,3889,3846,3866,5116,3394,3996,3845,3568,7949,3623,5612,3593,3713,5584,3443,4869
"117567",7931,4470,4289,3130,4011,2510,2740,3560,2498,2542,2233,2326,2790,2738,2760,2001,1558,1376,2882,1529,2473,3799,1529,3935
"105560",7911,6894,5300,5827,4956,5767,2454,6795,2161,2260,2276,5448,1996,2189,2316,2465,4699,2460,4415,2537,2260,4677,2434,3461
"1855352",7403,7908,7072,7136,6906,6860,7035,6531,6602,6666,6764,5868,6384,6196,6230,6016,5786,5942,5461,5907,5931,5435,5623,5217
"288000",7588,7906,6728,6524,6621,7059,5032,6709,4969,4779,4699,6013,4271,4677,4667,4628,5268,4547,5441,4651,4500,5130,4733,5554
"125216",7130,7889,6357,6652,6327,7174,5580,6030,5447,5584,5481,5727,5128,5013,4975,5714,5338,5364,5376,5452,4855,5284,5275,5051
"375",7597,7878,6762,6480,6764,7371,5014,6692,4909,4828,4804,6450,4410,4786,4715,5002,5436,4761,5601,4730,4735,5454,5069,5640
"83637",7856,7509,6828,6474,6744,7346,4745,6901,4517,4552,4479,6532,4307,4564,4765,4638,5182,4334,5608,4605,4578,5450,4703,5312
"1630693",7473,7823,7510,6683,6811,7854,4309,6432,4343,4208,3958,6250,3871,4263,4201,4741,5961,4618,6185,4746,4193,6233,4718,6110
"2714941",7059,7832,7221,7309,7454,5743,6448,6045,6924,6306,6265,5602,5754,6523,7021,5556,4974,5041,5813,5145,6415,5723,5318,5000
"339",5816,5328,6175,4648,7825,5434,3600,5375,3656,3440,3438,4906,3199,3673,3349,3105,3637,3075,5311,3022,3321,5566,3188,4399
"2653857",7722,7749,6831,7050,7319,7208,7820,7276,7086,7166,7214,6388,6591,6496,6502,6233,5509,5791,5799,6034,6231,5350,5372,5561
"2745196",7817,7653,7064,7001,6897,6990,7414,6626,6805,6803,6774,6227,6334,6339,6265,6318,5674,5891,5705,5992,5862,5596,5583,5373
"1914233",6942,7798,6778,6057,5998,7155,4086,5798,4116,4010,3806,5768,3730,3873,3794,4475,5733,4497,5579,4668,3706,5670,4432,5504
"1858653",7744,7160,6980,6486,7463,6168,5050,6717,4984,4893,4861,5852,4483,4677,4878,4089,4793,3922,5398,3838,4510,5463,4229,4875
"1817",7739,7361,7187,6920,7275,7014,6633,6674,6487,6269,6417,6125,5777,6009,6135,5808,5590,5626,5658,5477,5760,5493,5479,5244
"1795",7734,5573,5239,4615,5372,4776,4583,4560,4373,4176,3990,3898,4280,4424,4214,3580,3328,3097,4128,3207,3831,3999,3093,4154
"2594003",7093,6917,6291,5771,5524,5626,4222,7729,4615,4199,4115,6787,3589,4106,3564,3167,4785,3321,5762,3345,3829,5504,3462,4313
"1389922",7715,2545,3186,1914,3829,2157,1494,3197,1740,1501,1513,1860,1489,1821,1787,1535,1748,1425,2762,1477,2296,2200,1560,2522
"2074",7658,7715,7025,7015,7245,7214,7029,6477,6829,6702,6838,6267,6406,6250,6274,6067,5518,5904,5778,5862,5877,5426,5405,5075
"2976823",4852,7708,3351,3749,4755,6737,2993,4560,2795,2810,2510,3605,2574,2832,3533,4327,3757,4456,2981,4094,2986,2784,3137,3091
"114615",7312,7704,6462,6186,6308,7063,4697,6474,4871,4683,4588,6218,4275,4770,4666,4838,5133,4531,5410,4656,4400,5311,4770,5417
"2973977",6416,7042,7683,7238,6725,5515,7409,5426,7104,6921,6759,4989,6963,6486,6486,5537,4565,5299,5389,5240,7208,5154,4953,4583
"2321403",5634,6350,7670,5069,5947,5426,2086,6317,2399,1928,1880,5784,1676,2597,2510,1924,4176,1800,6240,2017,2357,5505,2246,5638
"1813871",6776,7446,5626,5318,5261,7645,661,6850,746,615,553,7446,446,802,767,739,4568,847,4983,889,762,6565,1315,5052
"1437009",7171,7634,6577,6479,6384,7158,5487,6425,5392,5374,5424,6007,4818,5005,5179,5163,5792,5157,5458,5083,4922,5302,5210,5585
"2903901",6444,7634,5983,5611,7372,7038,4299,5734,3821,4063,3982,5246,3641,3771,3810,4112,4669,3741,5508,3939,4001,5308,3636,5267
"904039",6817,7627,7079,6940,7064,5763,6366,5692,6546,6066,5835,5310,5553,5953,6464,5388,4916,4982,5391,4901,5911,5514,5042,4908
"1842539",7569,7605,6362,6356,6315,7506,4750,6169,4740,4582,4558,5602,4363,4460,4478,4681,5189,4485,5202,4620,4243,5175,4518,6982
"3043848",7395,6554,7504,7179,7605,6808,6473,6382,6408,5978,6386,6041,5737,5924,5956,4906,4858,4734,5720,4754,5562,5332,4659,7484
"28214",6300,6108,6106,5375,7594,5862,4547,5907,3871,4414,4592,5496,3954,3824,3676,3644,4072,3405,5782,3584,3770,4826,3391,4523
"2970464",7588,3696,4026,4397,4880,3179,2237,4115,2187,2254,2040,3146,1848,2002,1942,2271,2504,2184,3170,2182,2097,3059,2013,2242
"2854170",7582,7303,6405,6988,6692,6901,5570,6359,5490,5330,5432,6049,4941,5025,4934,5189,5706,4837,5678,4966,4621,5528,5122,5357
"2792008",7563,7581,6692,6870,6991,7033,6734,6476,6730,6524,6559,6032,6061,5979,6068,5914,5380,5823,5348,5716,5681,5108,5396,4725
"293",1399,1494,1292,1253,1480,1346,1023,1238,1013,972,994,1092,918,965,935,920,1038,920,1051,904,1005,1106,858,7581
"459526",7580,1905,3957,2070,1463,1068,173,2652,591,209,153,188,162,421,760,83,171,46,3488,84,338,2059,85,508
"1411117",7561,7348,7260,7173,6769,6686,7010,6413,7092,6711,6766,5997,6241,6944,6565,5922,5615,5780,5446,5661,6038,5431,5339,4835
"3012344",6081,6123,5843,5390,7557,5814,4974,5808,4035,4509,4859,5408,4214,4015,3700,3868,4133,3654,5583,3619,3867,4603,3337,4165
"47989",7546,7214,7068,6803,6805,7062,7254,6638,6840,6937,6988,6121,6419,6406,6613,6077,5349,5897,5509,5984,6103,5614,5417,4524
"1871048",6141,4693,5881,5438,7540,4922,3040,6502,2957,2796,2892,5435,2592,2733,2553,2415,3325,2221,5276,2273,2579,4326,2409,3524
"3016000",6959,5884,7207,5777,7516,5623,3988,7412,3812,3691,3707,6145,3349,3496,3536,3620,4100,3440,6432,3406,3577,5871,3531,4898
"56730",7504,5549,5012,5277,4972,7132,2017,6565,1849,1976,1856,5446,1839,1868,1794,2010,3269,1709,4529,1773,1667,3693,1821,3654
"323415",7450,6825,6763,5657,7499,6529,4416,6254,4379,4346,4153,5848,3826,4489,4430,4358,4818,4206,5780,4243,4731,5870,4329,5799
"758802",7490,6870,6179,6281,6119,6849,5893,5724,5725,5639,5520,5256,5125,5218,5168,4921,4866,4787,4933,4634,4940,4895,4549,4903
"135487",7477,7172,6961,6938,7144,6677,6528,6687,6264,6422,6302,6244,5728,5946,5776,5733,5496,5560,5635,5544,5542,5679,5257,5001
"55508",7465,3310,3395,4312,4069,2862,1786,3618,1807,1771,1710,2450,1524,1730,1732,1682,2364,1656,2499,1753,1722,2636,1830,1781
"2082949",7133,7462,6155,6892,6035,6678,5696,5389,5840,5108,5289,4947,4985,5150,4951,5335,5177,4981,5276,4996,4917,4783,4808,4772
"2024580",7455,7143,6756,6928,6547,6466,6804,6308,6850,6525,6720,5680,6228,6163,6175,6057,5026,5609,5619,5522,5907,5315,5105,4576
"83453",6750,7446,6594,6760,5750,6805,6304,5951,5950,5868,5909,5657,5018,5407,5264,6818,5653,5905,5251,6395,5797,5401,5925,5259
"2528964",7042,7409,6257,6217,6254,7102,5278,6003,4926,5068,4939,5782,4571,4782,4751,5023,5539,4765,5187,4842,4548,5259,4870,5252
"1868589",6814,7400,6068,6258,5990,6949,5255,6098,4877,5144,5037,5904,4494,4759,4737,4873,5477,4845,5346,5014,4479,5014,4773,5287
"43357",7269,7394,6774,6653,6415,6702,6666,6365,6479,6252,6320,5847,6050,6057,5833,5655,5577,5798,5260,5601,5337,5186,5339,5597
"1176533",3463,3190,4476,2999,7366,3025,2770,3497,2978,2500,2624,3478,2331,3008,2589,2072,2263,1884,3915,1917,2496,3835,2034,2550
"2799325",3111,2793,3819,2713,7363,2696,2250,3224,2453,2108,2313,3129,2027,2449,2213,1493,1746,1527,3738,1578,2240,3653,1507,2317
"2057",7347,6842,6384,7121,6325,6480,6502,5952,6190,6356,6244,5921,5967,5632,5423,5416,5817,5651,4959,5600,5090,5312,5687,4844
"543",7337,7024,6244,5840,6529,6647,4702,6084,4732,4538,4195,5632,3829,4590,4318,4380,5312,4250,5425,4399,4408,5585,4829,4939
"1847",7325,7174,6548,6622,6714,6816,6849,6409,6397,6387,6591,5683,5902,5962,5796,5757,4979,5374,5087,5352,5375,4756,5058,4471
"29449",7319,5685,5173,5390,5152,6742,2617,5973,2234,2474,2336,5086,2287,2214,2306,2344,3429,2273,4470,2319,2224,3890,2278,4041
"1813468",6190,6263,5947,5241,7309,5697,4747,5753,3754,4298,4469,5517,4027,3710,3390,3602,4017,3535,5477,3494,3607,4322,3178,4139
"2509614",7290,6042,5314,5361,5699,4978,2658,6368,2451,2476,2444,4689,2233,2418,2597,2672,4258,2691,4744,2589,2584,5038,2851,3409
"400770",4743,3241,4668,4353,7278,3324,2154,5306,2190,1918,1955,3751,1825,1879,1856,1600,2230,1511,4014,1583,1796,3194,1613,2334
"470",6406,7275,3767,6394,4353,5750,295,5892,195,383,938,4939,243,443,464,139,4416,723,2133,304,371,2218,318,4741
"2896848",6840,6906,6688,6520,7262,6277,5980,5950,6226,5795,5641,5396,5451,5790,5761,5102,5200,5177,4998,5067,5316,5369,4780,4543
"160826",7004,6565,6950,7129,7250,5430,6955,5932,6953,6496,6723,5824,6085,6115,6175,5094,4729,4993,5306,4819,5941,5357,4612,4751
"305",7247,6747,5659,5533,5719,5660,4058,6248,3908,3930,3900,5265,3482,3955,4112,3869,4844,3789,4861,3910,3868,5016,3918,4248
"29448",7244,7070,6241,5864,6327,6803,4861,6259,4640,4512,4416,5944,4095,4452,4360,4476,5036,4216,5310,4383,4232,4972,4414,4967
"307121",7090,7241,6619,6560,6160,6400,6807,5773,6621,6273,6572,5410,5997,6030,5997,5792,4971,5438,5287,5419,5659,5185,5288,4417
"115808",7238,7238,6225,6135,6158,6826,4762,6618,4445,4593,4503,6030,4092,4422,4416,4415,5060,4479,5155,4331,4375,4911,4590,5180
"2567934",6031,5208,7236,4749,6985,4560,3769,4364,4184,3611,3618,3854,3507,4145,4307,2944,3031,2852,5303,2865,3929,4869,3052,4672
"659352",7015,7229,6513,6832,6371,6377,6588,5882,6288,6226,6097,5642,5732,5784,5971,5447,5475,5435,5225,5375,5421,5175,5234,4758
"2762323",7226,5972,5406,4878,5457,4785,2397,6044,2322,2280,2124,4583,1977,2320,2334,2502,3709,2365,4682,2469,2428,4747,2455,4557
"292",7225,7201,6089,5879,6046,6317,4668,5957,4620,4506,4467,5522,4257,4527,4585,4586,5431,4518,4968,4667,4354,5171,4742,4728
"2528022",6921,7224,6971,6674,6830,6510,5164,6140,4988,4736,4820,6170,4380,4891,4754,4534,5713,4428,5393,4496,4565,5693,4795,5271
"2973976",7221,2050,4438,4728,6430,1864,2368,3154,1965,2284,1820,4411,1979,1800,2133,1386,1830,1270,4615,1296,1921,3048,1186,1937
"2483798",6842,6289,6886,6859,7215,5354,6979,5805,6612,6294,6930,5647,5993,6138,6198,4892,4483,4748,5230,4599,5581,5156,4481,4450
"3074855",6046,5246,6100,5144,7207,5380,3829,5422,3865,3521,3605,5127,3448,3653,3737,3040,3873,2957,4969,2974,3466,4743,3191,4609
"2940492",4627,3632,3940,3678,7201,2957,1580,5872,1554,1462,1428,2660,1389,1563,1516,1596,2359,1650,3066,1538,1555,3926,1558,2075
"162426",6380,5560,7196,5274,6981,4963,4302,4935,4589,4109,4090,4335,3939,4234,4490,3561,3629,3347,5168,3401,4091,4923,3467,4800
"1653480",7184,6780,6318,6280,6113,6108,6875,6238,6165,6231,6187,5696,5753,5917,5771,5512,4977,5240,4941,5241,5354,4655,4818,5129
"2051553",6609,7181,5883,6047,5762,6483,5270,5360,5039,5039,5051,5322,4760,4673,4642,5224,5085,5005,4962,4908,4537,4657,5002,4608
"1664560",4528,2599,6801,2441,5881,5217,1736,3054,1871,1819,1838,2832,1639,1969,1826,1390,1565,1318,4204,1287,1782,3621,1263,7163
"419476",7132,6441,7133,7068,7146,5451,7044,5931,6748,6682,6691,5632,6195,6210,6237,5248,4820,4989,5338,4980,5803,5231,4801,4589
"1541170",6290,6182,5886,5691,7132,5969,5075,5718,4226,4826,5052,5492,4354,4127,3725,4132,4140,3819,5553,3828,3947,4575,3601,4128
"2861282",7104,3651,3898,4167,4504,3173,2154,3816,2151,2169,2027,3128,1964,1980,1959,2079,2434,2068,2977,2073,2004,2927,2061,2118
"1801",6865,3966,5629,3140,7092,3180,3052,2986,3954,2878,2856,2739,3194,4114,3973,2196,2162,2082,4364,2123,4873,4183,2154,3416
"290399",7083,2586,4813,5351,6140,2554,2146,3537,1933,1949,1897,5548,1889,1661,1856,1486,2624,1410,4358,1480,1765,3794,1382,2365
"83461",6711,7076,6153,6009,5837,6594,5530,5757,5556,5332,5223,5423,4680,5069,5170,5828,5423,5602,5070,5763,5266,5575,5321,5271
"1702325",6460,7072,5775,5824,5818,6543,4973,5630,4879,4826,4788,5312,4458,4639,4533,4678,5285,4397,4818,4570,4330,4804,4547,4818
"85030",6214,5946,6113,6671,6214,5290,7071,4557,7009,6444,6882,4116,6531,6086,6654,6094,4341,5390,4821,5364,5794,4310,4593,3527
"2488560",6973,7064,5946,5548,5469,6071,4264,5782,4326,4204,4189,5405,3789,4483,4325,4306,5323,4304,4988,4469,4338,5339,4539,4650
"2528021",6937,6825,7033,6304,7060,6290,3851,5753,3831,3664,3544,5924,3397,3829,3861,3594,5355,3429,6041,3510,3641,5928,4022,5237
"1515612",4103,3245,3535,2462,4340,4954,1923,3063,1734,1735,1835,2383,1550,1607,1607,1595,1809,1418,3262,1444,1592,2683,1357,7058
"1969",7055,6278,6550,6469,6736,5449,5675,6162,5111,5186,5226,5741,5091,4712,4769,4637,4569,4438,5215,4215,4465,4765,4162,4006
"218821",6891,6893,6344,6284,6350,6241,7031,6320,6076,6016,6005,5641,5684,5847,5807,5578,5125,5216,5118,5328,5381,4828,4895,4847
"2872652",6244,6366,5811,5303,7003,5714,5022,5605,4223,4446,4903,5340,4195,4049,3570,3927,4307,3603,5515,3689,3965,4659,3570,4169
"204525",6612,6994,5595,5901,5688,6394,5211,5396,4967,4982,5267,5201,4687,4552,4295,5006,4844,5057,4875,4778,4548,4837,4686,4521
"47872",6817,6561,6276,6255,6023,5972,6993,5739,6308,6742,6494,5209,6152,5594,5782,5431,4849,5192,4840,5160,5500,4660,4916,4181
"1774216",6850,5935,6834,6975,6908,5020,6859,5789,6778,6530,6763,5466,5881,5941,6128,4711,4374,4584,5124,4556,5533,5019,4379,4390
"89966",6902,6971,6160,5860,6161,6417,4847,5727,4580,4637,4458,5372,3975,4485,4377,4818,5180,4698,5164,4869,4273,5292,4589,4912
"2010972",6323,5931,6969,4812,5399,6647,3111,4842,3093,3126,3079,4799,2699,2824,2829,3159,4411,2991,4499,2889,2976,5471,2760,4622
"436515",6898,5375,5757,4394,5207,4563,2466,5453,2295,2227,2295,4066,2057,2282,2391,2525,3403,2278,4463,2453,2383,4446,2304,6965
"72557",2081,1869,1729,1553,1750,1766,1168,1594,1259,1242,1179,1509,1079,1275,1147,1236,1297,1170,1429,1140,1168,1438,1148,6965
"2823693",6264,6954,5800,5428,5897,6447,4314,5445,4087,4112,4131,4961,3618,3799,3843,4167,4689,3975,4990,3994,3889,4961,3776,4750
"2830998",6935,3399,5246,5505,6161,3407,2778,3886,2559,2682,2494,5598,2324,2318,2511,2067,3032,1939,4533,2059,2367,3983,2240,2869
"2653203",6129,5819,5648,4919,6928,5489,4564,5359,3859,4369,4585,5172,3950,3987,3596,3695,3951,3363,5275,3434,3732,4425,3172,4046
"913",4489,2598,5376,6911,5339,2326,5816,3207,4708,4376,4698,3210,4369,4638,3976,1691,1754,1610,4812,1628,4127,2576,1645,1821
"1275",6906,5228,6073,6243,6435,4396,6238,4592,5808,5850,5812,4808,5228,5089,5180,4510,3963,4283,6021,4369,5355,3955,4308,3966
"2698679",5534,5393,5489,4763,6902,5205,4502,5171,3601,4135,4595,5007,3794,3766,3199,3381,3720,3156,5056,3267,3453,4187,3076,3788
"184914",6395,6892,6554,5667,6056,6208,5226,5619,5529,5078,5145,5280,4662,5104,5046,5548,5057,5179,5087,5411,5324,6126,5208,5123
"76892",5965,6878,5815,5191,6212,6699,4268,5397,3977,4012,4003,5108,3476,3757,3594,3881,4570,3670,4997,3820,3760,5025,3554,4625
"255045",6877,6715,5958,5634,5978,6497,4197,6108,4235,4045,4112,5599,3649,4100,4031,4007,4588,4124,4928,4136,4118,4853,4194,5003
"3052846",5891,5653,5634,4849,5169,5069,6876,4933,4749,5251,4924,4530,4514,4777,5053,4311,3788,4058,4121,4131,4378,3922,3968,3831
"53462",6451,5586,4766,4656,5155,6872,4217,4802,4218,4161,3942,4036,3832,3725,3733,3682,3905,3293,4058,3409,3613,3964,3422,4000
"352475",6871,6043,5921,5600,6546,5687,4131,5648,3909,3897,3908,4959,3563,3746,3721,3698,4123,3548,4892,3627,3555,4690,3514,4524
"2741720",6852,5413,4921,4903,5079,4484,2190,5979,2148,2083,2009,4298,1831,2078,2345,2355,3705,2315,4111,2363,2222,4567,2357,3180
"257708",6350,6851,5651,5995,5549,6212,5162,5377,4758,5005,5039,5065,4571,4494,4370,5107,4821,4866,4830,5177,4419,4825,4823,4554
"2590772",5690,5386,2774,3222,3206,6850,2517,3486,1899,2340,2382,3383,2116,2094,2052,2683,2705,2656,2396,2782,1984,2351,3545,5734
"2589074",6523,5948,6635,6241,6845,4872,6005,5713,6040,5827,5851,5183,5279,5337,5421,4385,4404,4147,4785,4202,4924,4812,4027,4301
"450734",6640,5903,6825,6699,6845,4970,6478,5822,6388,5998,6141,5240,5678,5687,5712,4795,4177,4331,5057,4325,5373,5088,4459,4246
"227318",6816,6842,6444,6206,6106,6163,6378,5698,5981,6051,6152,5510,5560,5680,5676,5500,5222,5314,4981,5223,5287,4980,4939,4490
"2486273",4505,3874,4228,3042,5131,4168,2523,3825,2255,2247,2507,3230,2186,2352,2184,1978,2308,1899,4058,1962,2043,3012,1899,6836
"68246",6830,6762,6397,6143,6239,6199,6024,5657,5996,5665,5608,5260,5510,5423,5582,5408,5278,5094,5040,5387,5101,5013,4970,4717
"1463158",3259,2599,4514,2663,6813,2695,1914,3111,2147,1768,1905,3183,1679,2299,1999,1329,1731,1336,4181,1330,2015,3585,1459,2342
"2714938",6013,5417,6501,6432,6811,4556,5878,5462,5920,5480,5728,5258,5152,5426,5431,4205,3820,3596,4665,3950,4972,4822,3897,4292
"546874",6810,6495,6399,6476,6375,5885,6428,5565,6478,6299,6394,4997,5806,5954,6135,5519,5134,5295,5316,5200,5539,4912,5078,4410
"2865832",6804,6556,6369,6018,6030,6288,6249,5718,5928,5846,5800,5411,5401,5711,6076,5370,4872,5076,4862,5196,5314,4938,4842,4540
"1616117",6788,6747,6223,6219,6236,5943,6075,5717,5873,5791,5756,5336,5493,5279,5435,5169,5295,5235,5132,5193,4927,4972,4849,4545
"193462",6664,6782,6229,6418,6261,6060,6138,5830,5966,5761,5803,5428,5395,5493,5598,5388,5128,5111,4973,5007,5227,4888,4960,4550
"1413221",6205,4730,6141,5727,6775,3901,4119,5968,3922,3927,3795,5172,3602,3669,3701,3094,3343,2939,4351,2963,3292,4004,3012,3050
"2033",6774,6462,6705,6148,6653,5780,5023,5246,5033,4977,4595,5026,4410,4704,4838,4391,4571,4214,5083,4226,4552,5123,4205,4666
"1725411",6773,6303,5891,5763,6458,5510,5345,5563,5236,5112,5277,4988,5026,4899,4871,4665,4513,4529,4800,4478,4502,4568,4377,4090
"1766",6071,3871,5099,3639,6772,4980,3308,3865,3494,3129,2893,3257,3050,3747,3586,2692,2585,2430,3873,2452,3503,4545,2395,3567
"2819978",5107,4626,6770,5229,5420,3986,4832,4266,5154,4700,5179,3961,4743,4637,4755,3554,3298,3664,4346,3580,4672,6415,3880,5020
"2735134",5625,5592,5472,4887,6765,5085,4317,5222,3594,3907,4232,5264,3619,3562,3165,3305,3775,3078,5271,3199,3396,4145,3059,3955
"67304",6751,6516,6145,6140,6409,6009,5424,6021,5311,5125,5154,5237,4923,4949,5002,4769,4633,4496,4939,4620,4601,4585,4611,4484
"455432",6507,6744,6020,6153,5858,6135,5931,5753,5482,5636,5527,5233,5021,5098,5243,5356,5125,5131,4799,5095,4877,5001,4875,4693
"1827580",6480,4069,5534,4589,6742,3439,6315,4479,5376,5265,4812,4256,4749,4942,5327,3023,2847,2943,4509,2921,4153,4340,2893,2796
"83656",6654,6738,6294,6265,6088,6239,6005,5675,6090,5625,5662,5379,5429,5449,5444,5265,5120,5107,4959,5312,5126,4875,4956,4541
"2015316",5590,5480,5118,4518,5553,5665,3479,4500,3551,3348,3393,4135,3167,3310,3339,3461,3970,3270,4412,3391,3423,3921,3265,6719
"28447",6467,6709,6149,6116,5922,5971,5527,5511,5524,5654,5345,5233,5133,5082,4978,5252,5051,4977,4756,4991,4783,4871,4875,4481
"3073064",5598,5831,5529,6054,5178,4788,6707,4625,5528,6300,6213,4356,5689,4959,5345,5453,4337,4869,4479,4902,4698,4067,4563,4013
"2482763",4334,3679,4554,3012,5330,4306,2711,3416,2380,2455,2642,3090,2347,2395,2240,2213,2464,2064,3901,2056,2328,2910,2114,6705
"3068632",5613,4894,5313,4037,6703,5075,3042,4058,3140,2985,3052,3733,2780,3221,3190,3073,3412,2824,4299,2969,3273,4090,2891,6335
"2592334",6429,5319,6308,6321,6696,4497,6099,5330,6033,5544,5939,5192,5239,5425,5413,3903,3788,3603,4690,3647,4747,4685,3712,4246
"1804986",6498,6694,6017,6013,5873,6305,6172,5779,5813,5944,5952,5330,5647,5491,5406,5321,4886,5065,4815,5270,5118,4656,4647,4587
"2202828",5951,6686,5464,5509,5435,6019,4891,5220,4863,4783,4835,4722,4232,4458,4486,4759,5037,4682,4807,4609,4345,4465,4666,4376
"442121",6440,6682,5969,5847,5927,6488,4724,5646,4602,4418,4708,5309,4099,4465,4327,4343,5092,4461,4884,4382,4174,4903,4440,4871
"2548456",6445,6047,5708,5644,6680,5049,4770,5956,4403,4380,4394,5213,4139,4035,4343,3991,4163,3981,4755,4018,3844,4413,4141,4031
"1690815",6645,6674,6031,6348,6108,6376,6433,5778,6147,6080,6013,5642,5607,5611,5440,5495,5025,5250,5088,5241,5150,4798,5110,4451
"44255",6504,6671,5826,5439,5695,6236,4365,5599,4248,4306,4263,5473,3850,4168,4125,4252,4852,4079,4822,4201,4066,4694,4390,4627
"1333996",6244,6670,5526,5249,5392,6263,4407,5327,4444,4159,4215,5280,3646,4174,4263,4032,4753,4035,4519,4223,3952,4654,4275,4728
"2697032",6664,6073,5239,4863,5101,4850,3295,5533,3167,3141,3070,4608,2772,3034,3164,3143,4279,3314,4428,3140,3139,4663,3218,3705
"1663",6661,4578,5714,5691,6328,4153,4018,4517,3707,3767,3713,5207,3629,3395,3594,3154,3628,3019,4669,3177,3319,4359,3224,3278
"75",6088,6649,6010,5201,6117,6659,4065,5513,3865,3887,3816,4938,3476,3520,3562,3965,4547,3657,5014,3607,3745,5072,3602,4452
"2078691",6426,6654,6033,6143,5809,5874,5948,5408,5664,5661,5594,5146,5194,5276,5314,5215,5007,5082,4868,4863,5024,4609,4809,4573
"1582356",4906,4672,5289,4215,6651,4209,3931,4454,3163,3740,4146,4494,3495,3237,2919,2867,2958,2721,5142,2733,3083,3878,2478,3288
"33886",6540,6645,6209,5921,6113,5935,5696,5471,5456,5311,5473,5295,5059,5006,5131,4978,5085,4813,4962,4861,4782,4843,4756,4359
"2940488",3904,3046,3618,2900,6638,2457,1315,5478,1298,1275,1357,2254,1136,1234,1283,1346,1923,1245,2485,1280,1285,3519,1353,1734
"117157",6636,6544,6346,6384,6101,6105,6055,5509,6202,5848,5782,5448,5422,5468,5522,5409,5127,5176,4927,5181,4972,4816,4721,4253
"2984843",5761,6620,5237,5178,4958,5722,4512,4766,4340,4413,4525,4528,4109,4049,4069,4592,4741,4359,4228,4426,4081,4302,4339,4300
"2991075",5891,5117,5033,4743,6620,5428,4134,5644,3232,3878,4017,4426,3349,3326,3349,3233,3166,2940,4800,2949,3034,4093,2924,4270
"748247",6617,6274,5152,5044,5055,5631,3628,5224,3779,3583,3477,5018,3002,3740,3732,3706,4851,3808,4458,3734,3513,4782,3842,3701
"2305220",6582,4895,5089,4753,5546,4375,4092,4604,3880,3920,4040,3942,3598,3578,3891,3708,3768,3438,3912,3458,3462,3600,3418,3715
"2528010",6022,6580,5855,5659,5920,5777,4126,5049,4003,4015,3758,5314,3544,3951,3855,3834,5220,3700,5013,3871,3775,5105,4346,4751
"3061627",6573,6420,6246,6220,5946,5857,6264,5488,6247,6128,6289,5012,5670,5660,5696,5459,4854,5016,5066,5119,5489,4745,4639,4113
"2020412",5293,4909,5133,4095,5999,4795,3093,4053,3154,2906,2923,3620,2691,3099,3209,2986,3329,2916,4029,3025,3122,3807,2979,6542
"2761107",2884,2534,3710,2485,6536,2358,2249,3014,2378,2038,2265,2968,1916,2534,2096,1457,1634,1377,3332,1476,2013,3294,1506,2272
"390989",6509,6533,6091,6068,6010,5619,5835,5464,5826,5780,5646,5084,5382,5339,5484,5282,4825,4950,4762,5019,5075,4850,4658,4180
"47865",6523,6497,6262,6029,5860,5878,6211,5605,6106,5925,6080,5045,5575,5559,5527,5333,4662,5016,4930,5082,5115,4529,4723,4064
"1670830",5970,6522,5631,5864,5226,5664,5518,5094,5268,5197,5272,4825,4732,5017,4772,4868,5085,4913,4460,4944,4535,4416,4740,4032
"374606",4618,3917,5614,3898,6514,3936,2771,4203,2919,2615,2621,3980,2517,2906,2695,2229,2767,2121,4890,2228,2671,4652,2360,3713
"2736757",6229,5527,6332,6320,6509,4732,6242,5447,6006,5765,5922,4838,5332,5424,5650,4495,4010,4170,4650,3977,4966,4654,4051,3977
"2925842",3636,3266,4246,3051,6507,3073,2485,3429,2471,2303,2502,3341,2181,2698,2401,1904,2284,1862,3701,1979,2278,3752,1914,2638
"642780",6461,6135,6208,6502,6174,5338,6349,5374,6233,5863,6296,5228,5712,5826,5603,4907,4507,4782,4943,4755,5454,4822,4745,4381
"1353891",4542,4030,3705,3322,3680,3671,2627,3479,2664,2412,2577,3137,2296,2490,2488,2504,2959,2565,3076,2545,2410,3181,2580,6494
"2057741",6494,5979,5524,5140,5646,5979,3855,5669,3899,3810,3643,5255,3612,3816,3870,3831,4064,3582,4622,3543,3596,4335,3727,4599
"225991",5305,4263,4351,3971,6494,3577,2035,5589,1989,2012,1900,3242,1714,1933,1957,2078,2945,2015,3423,2095,1933,4032,2033,2494
"2136173",6488,6405,6004,6012,5956,5843,5730,5455,5967,5781,5547,5073,5246,5233,5263,5034,4746,4852,4769,4885,4854,4690,4710,4440
"46913",5065,3655,4559,4419,6456,3896,2085,5659,2165,1924,1962,4652,1837,1954,1857,1635,2509,1541,4275,1664,1812,3469,1714,2700
"2099695",6448,3747,3465,2643,3277,2169,2229,3126,2095,2003,1914,1838,2385,2343,2248,1719,1354,1247,2409,1404,2107,3241,1407,3301
"67385",6445,6162,5914,5890,5756,5858,5564,5355,5392,5257,5274,4965,5089,4874,4955,4919,4927,4937,4453,4825,4750,4703,4469,4468
"2203204",6369,4209,5096,4416,6424,3878,5007,4325,4826,4662,4478,3903,4509,4681,5150,3298,3217,3291,4018,3153,3888,3695,3046,2862
"364317",4834,4111,4225,3882,6417,3580,2139,5630,2015,2028,1958,3272,1766,2052,1987,2084,2903,2175,3360,1963,2004,4021,2192,2656
"1896164",2875,2637,3526,2670,6411,2619,2414,2844,2279,2032,2318,2864,2078,2318,2071,1637,1916,1602,3164,1634,2075,3111,1652,2073
"1608957",5878,6408,5735,5959,5318,5437,5601,5061,5532,5532,5485,4843,4927,5023,4892,5036,4970,4879,4397,4840,4687,4499,4725,4097
"2027911",6402,4146,4758,3980,5188,3851,2046,4097,1943,1989,1933,4126,1773,1989,1963,2050,2762,2088,4313,2131,2009,3456,2244,2607
"282217",6402,5125,4678,4283,4308,4137,2050,5082,1979,1921,1813,4278,1674,1897,2104,2031,3306,2066,3699,2020,2003,3989,2030,4015
"1670831",5826,6397,5761,5930,5198,5745,5433,5067,5097,5351,5119,4943,4736,4849,4830,4811,5255,4929,4377,4801,4466,4532,4849,3931
"82541",6396,5884,5179,4737,5037,5377,3689,5086,3650,3513,3398,4703,3020,3550,3574,3742,4315,3388,4430,3536,3493,4356,3514,3629
"1775910",5792,6383,5311,5476,5181,5587,4697,4802,4497,4504,4588,4644,4172,4362,4163,4421,4941,4520,4393,4371,4131,4311,4435,4338
"2867410",6323,6383,5778,5690,5625,5617,5725,5352,5528,5514,5563,4902,5145,5073,5026,5128,4928,4930,4633,4804,4871,4510,4564,4217
"2929802",6364,5732,6010,5416,6292,4954,3887,5692,3880,3962,3773,4857,3584,3796,4054,3216,3920,3006,4576,3026,3487,4502,3058,4256
"2528026",6281,6362,6334,5703,6058,5786,4308,5314,4246,4194,4071,5441,3740,4098,4009,3968,5059,3921,5147,4033,3885,5367,4179,4806
"98668",3260,1756,2662,1590,3309,2620,1412,1871,1561,1363,1239,1329,1449,1741,1556,1011,1145,964,1862,956,1643,2160,1008,6359
"1063",6220,6355,5609,5746,5571,5820,4710,5181,4761,4786,4885,4966,4348,4476,4336,4414,4912,4329,4638,4469,4179,4536,4284,4422
"944492",6193,6335,5719,5715,5655,5639,6137,5577,5629,5777,5490,5130,5176,5163,5345,5087,4539,4733,4614,4799,4782,4330,4603,4315
"3036374",5903,5205,5881,5850,6331,4336,5249,5199,5305,5121,5249,4988,4637,4849,4867,4054,3852,3716,4548,3632,4545,4474,3596,3757
"53461",6328,6149,6077,6110,5907,5726,5913,5263,5823,5414,5660,4991,5116,5412,5428,4788,4681,4878,4934,4783,5097,4602,4702,4458
"2995170",6326,4659,5420,3787,5662,4448,1472,5861,1599,1357,1467,3383,1295,1459,1539,1493,2962,1540,4056,1449,1477,4339,1492,3063
"171437",6153,6321,5524,5621,5484,5968,4878,5371,4608,4585,4468,5072,4168,4413,4195,4432,4788,4314,4739,4184,4255,4659,4204,4552
"2006",6306,6132,5944,5911,5662,5769,5724,5480,5664,5404,5437,4891,5016,5545,5593,4946,4808,4953,4806,4808,5008,4869,4690,4111
"2233851",5859,6286,5193,5229,4983,5964,4268,5061,4167,4188,4204,4817,3893,4028,3874,4215,4613,4180,4413,4207,3764,4370,4154,4350
"65656",6286,5282,4894,4552,5023,4524,2285,5731,2132,2188,1971,4127,1886,2221,2240,2359,3726,2228,3827,2281,2179,4129,2263,2998
"158500",5102,5059,5368,4421,6285,4677,3508,4729,3361,3383,3357,4608,3068,3303,3155,2752,3382,2603,4646,2813,3102,4179,2863,3621
"399176",5464,4970,5034,4541,6283,5224,3820,5138,3253,3598,3884,4548,3216,3184,3280,3153,3424,2839,4780,2890,3135,4058,2834,3910
"2765360",6271,3461,3482,3992,3958,3024,2066,3801,2179,1972,1939,2723,1722,1968,2092,1990,2551,1875,2756,1895,2148,2793,2054,2104
"2017685",6259,3023,4541,4778,5686,2895,2533,3591,2359,2400,2335,4951,2340,2235,2421,1948,2847,1907,4236,1940,2241,3550,2025,2522
"2843330",6027,6254,5305,5323,5246,5775,4647,4877,4398,4493,4620,4827,3980,4296,4115,4355,4848,4402,4395,4396,4076,4578,4457,4312
"1772",5971,5652,5073,4922,4986,6246,4423,4650,4261,4163,4147,4336,4019,4036,3983,3699,4008,3599,4057,3651,3842,4147,3635,3863
"2851598",6239,2249,4310,4557,5787,2011,2430,2724,1986,2299,1798,3556,1951,1868,2136,1636,1982,1295,4695,1474,2036,2728,1290,1916
"2970906",5726,6234,5077,5294,5036,5856,4456,4770,4424,4370,4466,4387,3987,4167,3977,4317,4427,4241,4266,4316,4047,4201,4441,4051
"538381",5925,6232,5307,5218,5172,5498,4273,4999,4058,4332,4231,4793,3881,4052,3806,3808,4520,3877,4355,3864,3772,4236,4058,4106
"3015151",6181,6196,5766,5663,5702,5671,6077,5197,5895,5644,5917,4757,5419,5246,5317,5383,4424,5257,4812,4908,5115,4464,4436,3854
"535",6183,6196,5233,5102,5261,5432,3924,5252,4021,3765,3819,4740,3550,3743,3905,4053,4585,3939,4415,3968,3795,4731,3874,4129
"587753",6193,5689,5860,4760,5116,4688,3498,4862,3472,3555,3404,6001,2970,3414,3299,3435,4254,3416,4275,3397,3336,4384,3488,3654
"2486272",5860,5126,5967,5794,6187,4411,4972,5113,5060,4808,4685,4891,4269,4550,4509,3718,3768,3520,4537,3428,4200,4378,3417,3999
"3028804",6187,6150,5663,5663,5760,5510,5900,5377,5892,5680,5883,4966,5372,5504,5518,5111,4445,5460,4665,4805,5036,4490,4693,3992
"35",5721,6171,5866,5213,5070,5634,4692,4813,5037,4858,4771,4544,4223,4469,4296,4941,4488,4850,4386,5061,4688,5034,4726,4667
"912",4935,3469,5427,6171,5639,3264,5060,3888,4651,4156,4287,3704,4102,4455,3990,2350,2404,2116,4665,2225,4147,3338,2239,2572
"34018",5911,6162,5569,5347,5275,5843,4413,5203,4259,4338,4450,4765,3892,4212,4106,4420,4412,4139,4515,4136,3972,4482,4201,4333
"28077",6107,6155,5300,5220,5432,5648,4234,5163,3995,4009,3918,4907,3642,3995,3769,3864,4250,3952,4546,3966,3714,4546,3862,4276
"173480",6153,5852,5765,5281,5672,5418,4860,4857,5022,4697,4600,5140,4190,4834,4595,4671,5207,4454,4589,4866,4732,5128,4875,4010
"1813880",5987,5371,5650,6148,6151,4801,5299,4942,5231,5024,5006,4993,4684,4788,4926,4060,4215,3938,4655,4021,4558,4534,3941,3840
"2175864",5946,6140,5693,5782,5591,5648,5476,5097,5189,5179,5070,4758,5107,4836,5002,4878,4787,4609,4510,4643,4646,4561,4538,4129
"2901869",3356,3041,4170,2840,6133,3111,2321,3420,2256,2190,2074,3232,1783,2387,2274,1820,2017,1616,3814,1736,2184,3786,1747,2602
"113",5930,6130,5638,4956,5062,5796,3394,4728,3332,3153,2953,4841,2942,3357,3170,3538,4526,3475,4412,3632,3310,4691,3584,4368
"33910",5733,5582,5287,5048,5043,5224,6115,4950,4782,4982,4820,4624,4386,4538,4875,4425,4145,4167,4215,4186,4118,3876,4079,3735
"83291",6024,6115,5697,5858,5683,5475,5592,5222,5646,5352,5365,4866,5010,5001,5128,4911,4728,4859,4635,4588,4683,4338,4417,4146
"3065910",6107,3102,3056,3780,3490,2545,1753,3189,1647,1670,1603,2399,1507,1580,1651,1703,2088,1606,2407,1616,1563,2415,1656,1824
"2972479",6106,2632,4476,4718,5538,2572,2162,3246,1955,2086,1990,4528,1794,1906,1890,1624,2244,1490,3866,1524,1738,3526,1584,2186
"2820808",4426,3867,5092,3243,6103,3767,2374,4048,2353,2338,2387,3376,2010,2627,2412,1901,2348,1851,4321,1885,2420,4218,1904,3524
"83681",6102,5550,5510,5453,5913,4953,5311,5474,5197,5010,5054,4598,4367,5032,5197,4015,3990,3923,4398,3903,4543,4485,3842,4303
"1296669",6090,5001,4280,4330,4253,4076,2081,5060,1931,1947,1930,3634,1794,1927,2155,2018,3365,2139,3510,2006,1963,3607,2047,2500
"2877941",6083,4628,4830,4635,4399,3723,2120,4719,2104,2013,1869,3288,1753,1920,1975,2094,3131,2046,3506,2041,1877,3714,1978,2344
"2592652",5960,5380,5627,5067,6072,4691,3821,5395,3609,3852,3452,4652,3372,3513,3757,2999,3485,2782,4332,2743,3324,4320,2924,4062
"2906072",6065,6014,5538,5388,5430,5844,4700,5073,4483,4464,4519,5184,4047,4260,4173,4235,4601,4106,4572,4003,3943,4411,4357,4365
"1325564",6064,4842,5259,4750,5146,4169,4447,4424,3848,4229,4255,4227,3441,4141,3816,3328,3867,3216,4820,3541,3708,4311,3577,3121
"3015154",6039,6055,5479,5643,5693,5307,5628,5098,5335,5298,5305,4704,5018,5191,5042,4731,4556,4750,4422,4730,4800,4425,4351,4056
"2862869",6054,4951,4291,4381,4911,4142,2588,5952,2659,2432,2415,5190,2108,2629,2642,2383,3504,2423,4139,2415,2737,4117,2568,3093
"1814",6032,6048,5368,5621,5456,5558,5692,5213,5303,5423,5431,4731,4813,4944,4965,4861,4385,4636,4495,4588,4630,4377,4436,4222
"2604832",5251,3485,3792,2312,3121,1648,999,3155,1091,1006,1002,2326,918,1019,973,1026,1333,1040,6039,1016,1066,3226,1095,1387
"1609977",5680,5296,4922,4569,6030,5325,3749,5265,3196,3454,3678,4455,3131,3190,3164,3085,3389,2884,4490,2857,3062,4169,2865,4067
"2060312",4278,4613,4568,3861,6024,4078,2620,4460,2708,2452,2691,4876,2173,2626,2714,1921,2574,1737,4528,1770,2581,3339,1894,3224
"1874061",3014,2747,2887,2185,3931,3460,1736,2440,1556,1616,1785,2275,1516,1516,1420,1446,1631,1357,2606,1301,1499,2171,1266,6018
"627192",5002,4466,4619,4118,6008,4997,2934,4631,2554,2875,2853,4106,2531,2526,2396,2425,2859,2215,4418,2347,2465,3693,2202,3217
"2898793",3391,2971,3146,2486,5990,2623,3131,2623,2511,2456,2569,2503,2203,2691,2899,1879,2115,1805,2740,1921,2147,2813,1822,2159
"68212",5850,5700,5786,5132,5980,5167,4292,5661,4314,4236,4040,5038,3925,4127,3927,3733,4042,3562,4520,3660,3723,4262,3539,3901
"1670800",5671,5612,5437,5253,5958,5500,4036,5176,3837,3731,3785,4862,3530,3945,3551,3417,4017,3283,4611,3457,3407,4280,3528,4260
"1696",5716,5955,5428,5359,5229,5264,5136,4982,4870,4899,4752,4641,4546,4535,4478,4486,4619,4244,4287,4444,4453,4394,4241,3970
"1856685",5844,3560,4254,2422,3319,1415,938,3221,873,800,879,2438,778,844,843,888,1226,867,5952,880,831,3408,843,1247
"2816950",5944,5078,4091,4277,4909,3983,2254,5228,2073,2006,1972,3724,1806,1977,2115,2168,3367,2144,3629,2226,2013,4041,2230,2782
"2725666",4854,3944,4600,3990,5931,4185,2703,4324,2831,2553,2558,4113,2368,2775,2661,2311,2826,2073,4062,2167,2477,3540,2250,5653
"528244",5433,5926,4937,4941,4997,5324,4248,4596,4266,4082,4102,4397,3743,3869,3911,4140,4203,3965,4229,3942,3737,4217,4096,3987
"1792307",5570,5792,4884,4806,4990,5925,3562,4893,3429,3510,3495,4252,3167,3288,3413,3643,4034,3372,4072,3495,3077,3812,3520,5208
"2806348",4499,3288,4314,4011,5924,3510,1936,4938,1968,1737,1756,3849,1643,1717,1676,1452,2256,1448,3583,1431,1749,3104,1485,2529
"1385",5918,4800,4698,4307,4883,4722,3457,4183,3226,3199,3158,4215,2854,3171,2915,3182,4102,3196,3803,3209,2918,3983,3415,3539
"2558931",5752,5918,5195,5254,4973,5432,4744,4739,4590,4663,4493,4689,4068,4196,4150,4371,4744,4403,4195,4519,3956,4428,4327,4031
"1560345",5087,4970,4863,4347,5912,4784,3710,4914,3173,3495,3551,4505,3070,3162,2973,3060,3359,2841,4549,2764,2994,3793,2816,3615
"73044",5909,5609,5552,5379,5438,5221,5268,5197,5075,4926,4851,4818,4614,4643,4714,4555,4328,4440,4353,4476,4371,4261,4350,3932
"2018025",5665,5908,5434,5333,5210,5298,5080,4926,5150,4951,4857,4622,4433,4451,4632,4683,4337,4521,4260,4375,4288,4197,4333,3818
"1742993",5897,2272,4027,4140,5294,2180,1956,2916,1793,1882,1891,4184,1727,1723,1905,1430,2122,1354,4051,1396,1693,3225,1265,1844
"1391653",5313,5895,5008,4656,4724,5242,4238,4553,4238,4126,4092,4607,3672,4022,4074,4330,4866,4320,4147,4454,4032,4471,4413,3905
"2527989",5340,5886,5292,5077,5234,5356,4237,4774,3949,3820,3868,4473,3581,3922,3767,3930,4509,3714,4339,3868,3664,4387,3743,3838
"216465",5883,4678,4230,4338,4420,3800,2013,5010,1855,1863,1829,3643,1744,1783,1846,2054,3355,2047,3583,2014,2005,3822,2124,2557
"2704467",5008,5483,5881,5261,5146,4230,5463,4448,5690,4974,5034,3937,4577,4801,5536,3976,3421,3795,4446,3720,4602,4179,3804,3718
"2771436",2831,2402,3601,2352,5878,2261,2028,2682,2106,1807,1995,2722,1704,2200,1957,1352,1606,1296,3196,1298,1942,2940,1390,1862
"1877",5866,5786,5717,5134,5497,5225,5473,4785,5830,5249,5256,4519,4939,5297,5476,5300,4107,4704,4574,4578,4982,4171,4299,4464
"1690220",5303,5863,5370,5482,5297,4498,5061,4554,5025,4750,4665,4359,4317,4857,4879,4380,3989,4037,4292,3950,4589,4210,3988,3705
"1047172",3496,3571,3395,4009,3234,3257,5857,2959,3328,3810,3318,2814,3156,2979,2852,2819,2614,2706,2588,2641,2699,2634,2550,2454
"2782654",5768,5852,4851,4908,4873,5735,3510,4994,3406,3559,3473,4836,3295,3392,3357,3638,3848,3481,4114,3512,3243,3869,3612,4261
"1881",5851,5592,5413,5517,5232,5295,5489,5083,5243,5230,5390,4594,4907,5064,4915,4797,4364,4488,4324,4529,4616,3999,4278,3775
"2917991",4204,3013,4165,3583,5840,3200,1888,4571,1900,1713,1726,3612,1639,1743,1697,1423,2142,1419,3534,1506,1587,3142,1520,2377
"2903629",5832,4832,4593,4799,4624,4615,3979,4251,3705,3664,3682,4237,3510,3529,3457,3499,3901,3296,3335,3299,3113,3382,3159,3501
"2995223",5769,5819,5347,5364,5279,5453,5731,5100,5404,5194,5160,4785,4907,4811,4897,4871,4533,4707,4449,4618,4722,4212,4203,4287
"356852",5795,5806,5475,5470,5122,5076,5618,4960,5426,5356,5515,4555,5181,5100,4932,4849,4125,4495,4345,4590,4603,4199,4268,3603
"2695266",5294,5704,5295,5192,5800,5276,4090,5028,3748,3814,3696,4480,3459,3457,3588,3414,4227,3415,3838,3296,3146,3878,3237,4496
"412690",5681,5800,5421,5124,5474,4916,4791,4964,4498,4431,4440,4611,4150,4217,4467,4030,4078,3809,4335,3888,4081,4331,3784,3877
"78327",1193,1102,975,946,926,2039,711,864,724,686,729,815,629,685,698,660,5792,897,845,793,637,845,745,980
"410",5121,5781,4517,4795,4676,5139,4148,4248,3970,3951,4025,4189,3761,3718,3623,4109,4206,3861,3896,3840,3544,3684,3886,3731
"158899",5779,3544,3061,3421,3434,2965,1865,3596,1757,1765,1680,2590,1541,1763,1697,1735,2417,1785,2677,1772,1822,2658,1915,2124
"165696",4393,4481,4540,3782,5778,3819,2934,4217,2782,2784,2912,4371,2388,2652,2493,2250,2721,2059,4215,2163,2514,3594,2065,2885
"445576",5750,5774,5424,5417,5385,5313,5271,4943,5232,5267,4981,4590,4809,4698,4734,4810,4396,4438,4031,4440,4540,3919,4236,3841
"28450",4182,4031,3614,3560,3625,3759,2841,3472,2747,2668,2777,3250,2560,2812,2715,2723,3077,2664,2979,2770,2602,3207,2829,5768
"84757",5379,5744,5343,5381,5269,5050,5042,4837,4878,4804,4727,4432,4457,4471,4543,4573,4298,4245,4155,4231,4219,4040,4199,3897
"129921",5742,4127,3745,3973,4020,4020,4023,3834,3613,3679,3681,3892,3391,3445,3397,3238,3090,3257,3211,3405,3076,3100,2975,3225
"238749",4954,3925,3910,3605,5737,3269,1736,5333,1660,1716,1649,2913,1508,1627,1659,1693,2605,1744,3014,1782,1700,3673,1812,2276
"1297742",5308,5733,5680,4955,4832,5409,4482,4841,4806,4577,4549,4414,4186,4416,4304,4529,4246,4612,4133,4668,4683,4986,4396,4461
"206389",5377,5733,4868,4193,4515,5038,3570,4767,3682,3450,3421,4354,2916,3715,3702,3501,4528,3505,4138,3736,3597,4659,3749,3634
"524884",5732,5597,5352,5304,5062,5210,5282,4837,4998,4788,4905,4498,4515,4696,4565,4433,4314,4368,4078,4509,4215,4134,4215,4004
"2771361",5351,5729,4585,4958,4719,5189,4328,4403,4095,4144,4140,4370,3839,3948,3711,4362,4086,4101,3895,4207,3772,4015,3966,3850
"2865673",4194,5466,3815,3624,4381,4468,3212,3936,3351,3281,3496,4006,3047,2963,3027,2842,3509,2810,3270,2933,2889,2960,3704,5726
"2800373",5722,3103,2656,1816,2567,3146,1186,1283,855,1142,1100,1312,1073,861,864,867,1258,830,1875,1026,727,1691,1060,1528
"34",4804,5035,5376,4205,5714,4672,3866,4095,4252,3753,3841,3750,3441,3929,3819,4079,3733,3934,4480,3775,4568,5067,3838,4076
"2768162",5541,5702,4858,5135,4782,5433,4449,4528,4087,4128,4121,4450,3749,3800,3729,4097,4024,4066,3999,4101,3828,3964,4035,3940
"3075432",5699,4855,4976,4874,5342,4389,4451,4830,4070,4145,4228,4104,3958,4015,3883,3686,3690,3493,4147,3452,3608,3843,3354,3235
"2202827",5170,5694,4617,4682,4379,5084,4136,4292,4046,3983,3985,4108,3677,3671,3813,4037,4138,3874,3885,3747,3529,3799,3828,3613
"31988",4929,4391,4697,4186,5693,4430,3039,4333,3095,2843,2852,4047,2637,2992,2892,2640,3152,2482,4158,2424,2690,3905,2568,4348
"2565782",3082,2602,3478,2532,5692,2481,2048,2781,2255,1896,2102,2805,1995,2303,2093,1444,1776,1499,3323,1497,2068,3234,1457,2053
"2766984",611,536,5686,625,336,497,75,411,82,62,84,253,82,107,95,77,192,99,479,107,65,1138,107,262
"2981136",5686,4726,4870,4762,5325,4326,4243,4609,4089,4003,4105,3976,3718,3739,3764,3789,3581,3430,3894,3670,3444,3665,3442,2928
"2797636",5683,5191,5392,5524,5280,4788,4780,5059,4591,4502,4304,4529,4089,4244,4110,3683,3915,3776,4334,3751,3916,4022,3597,3331
"563835",4430,4904,4244,3135,4554,5683,1415,4171,1455,1267,1170,3893,972,1507,1439,1236,2620,1231,3986,1420,1463,3774,1494,4539
"2508168",2863,2588,3409,2355,5677,2554,2211,2990,2268,2008,2177,2854,1917,2336,2170,1599,1912,1623,3194,1525,1960,3200,1620,2030
"2704468",5608,5677,5202,5244,5118,4943,5189,4771,4863,4740,4634,4432,4515,4490,4464,4525,4274,4379,4119,4394,4052,3869,4147,3684
"3039153",5675,5666,4974,4677,4724,5557,3667,5040,3577,3589,3560,4740,3411,3529,3497,3594,4141,3442,4069,3503,3428,3982,3655,4052
"715471",5668,5583,5479,5189,5231,5182,5332,5008,5222,5136,4918,4581,4692,4836,5104,4522,4379,4424,4125,4293,4590,4343,4056,3864
"627624",5407,4892,5378,5453,5666,4261,5125,4867,4951,4824,4844,4574,4360,4449,4789,3756,3681,3508,4162,3547,4204,3905,3500,3462
"53399",5573,5657,5203,5029,5347,5461,3984,4974,3610,3912,3820,4837,3467,3800,3524,3742,4559,3619,4213,3669,3545,4234,3905,4425
"3018036",4924,4936,4712,4285,5649,4737,3886,4473,3447,3635,3920,4279,3367,3271,3096,3213,3235,2994,4189,2923,3213,3559,2790,3386
"2771430",4224,4462,4335,3861,5639,3773,4719,3762,3593,4205,4866,3766,3904,3560,2969,3386,2756,2916,3901,3071,3449,3337,2658,2746
"1842537",5623,4631,4185,4122,4801,3826,2025,5137,1962,2020,1805,3635,1690,1864,1855,2056,3152,1998,3419,2068,1961,3836,2015,2685
"2903960",4898,4470,4648,4125,5620,4448,3574,4577,2977,3398,3561,4062,3057,2872,2774,2908,2856,2517,4090,2572,2771,3481,2467,3348
"2907545",4704,5615,4214,4035,4591,5069,3529,4112,3435,3366,3463,3719,3345,3250,3270,3407,3936,3148,3584,3334,2969,3420,3343,4336
"2730915",5612,4586,5134,4697,5556,4338,4072,4950,3990,3828,3810,4151,3695,3721,3787,3287,3431,3284,4214,3221,3301,3907,3159,2979
"1774",5611,2084,1915,1820,1839,2487,1583,1616,1573,1608,1489,1913,1399,1502,1446,1466,1511,1383,1434,1402,1436,1532,1416,1755
"2811111",5505,5607,5208,5213,5035,4964,4988,4638,4867,4690,4897,4562,4542,4420,4514,4358,4170,4394,4073,4207,4263,4192,4036,3451
"2579971",5568,5604,5023,4979,4841,4959,4287,4521,3956,4124,4122,4412,3839,3788,3695,3871,4124,3763,3937,3632,3639,4028,3808,3754
"2591145",5604,5481,5479,5494,5193,4889,5446,4606,5225,5187,5378,4395,5132,4766,4817,4328,4089,4330,4085,4146,4493,4188,4226,3845
"1679497",5202,5602,5181,4655,5154,5594,3874,4533,3445,3527,3306,4340,3197,3174,3219,3475,3916,3318,4233,3249,3192,4555,3208,3941
"2565366",5598,2612,4264,4488,5190,2718,2163,3127,2125,2205,2059,4288,2016,1959,2031,1676,2567,1538,3528,1664,1831,3145,1782,2339
"3051092",5598,4831,5070,4775,4881,4593,3996,4187,4102,3882,3765,3820,3528,3827,3788,3487,3706,3515,3586,3547,3322,3605,3426,5101
"945844",5596,3051,3282,3384,3697,2788,2011,3449,1864,1861,1696,2787,1736,1839,1828,1890,2411,1833,2508,1825,1787,2529,1766,1916
"299152",5588,5491,5370,5096,4920,5013,5272,4753,5047,5191,5141,4309,4772,4664,4775,4467,3919,4242,4313,4159,4476,3938,4073,3492
"2768069",5585,5545,5093,5120,4962,5001,5023,4634,4707,4585,4647,4467,4472,4346,4323,4233,4075,4246,4046,4043,4059,4015,4075,3854
"116188",5583,5012,5196,4730,5278,4531,4454,4875,4178,4052,4128,4248,3862,3914,3963,3729,3772,3583,4138,3697,3675,3801,3508,3168
"48296",1770,230,5567,647,2081,300,54,179,93,84,59,480,59,90,68,103,169,45,443,63,121,291,66,373
"2931983",4735,4449,4620,4333,5547,4066,4035,3965,4719,3846,3931,3784,3761,4177,4283,3406,3309,3329,3663,3255,4563,3545,3191,3094
"434010",5546,4496,4110,4014,4626,3754,1990,4826,1858,1905,2013,3598,1628,1856,1924,1951,3180,2032,3410,2015,2011,3763,2160,2531
"2842453",5511,5545,5165,5188,5030,5147,5310,4845,5085,5019,4985,4401,4454,4739,4503,4688,4026,4347,3993,4418,4306,3988,4031,3945
"409290",5538,2154,4056,4078,4991,2368,1670,2767,1681,1621,1622,4287,1567,1478,1633,1267,2070,1243,3390,1274,1495,3053,1293,1901
"95486",5538,5462,4538,4495,4553,4890,3555,4600,3500,3442,3223,4269,3170,3306,3436,3428,3940,3485,3925,3422,3267,3749,3550,3533
"963",5530,3358,2995,3254,3283,2813,1749,3698,1762,1703,1631,2505,1455,1787,1753,1699,2581,1669,2505,1808,1706,2542,1808,1970
"2900152",5503,5526,5196,5157,5048,5050,5141,4762,5003,4946,4798,4325,4562,4551,4419,4255,4263,4418,4025,4145,4091,3952,3935,3828
"2135430",5517,4894,5033,4746,5371,4326,4287,4600,4203,4085,3879,3927,3853,3725,3806,3581,3685,3525,4060,3406,3495,3704,3340,3292
"433",5277,5515,4695,4749,4495,5177,4032,4406,3692,3890,3816,4252,3480,3630,3531,3888,4015,3720,3805,3841,3502,4062,3806,3882
"2742204",5056,5507,4528,5071,4476,5091,3989,4358,3477,3803,3814,4285,3300,3436,3393,3621,4581,3503,3675,3559,3046,3732,3931,4331
"2045452",5039,4614,5146,5107,5501,3925,5159,4347,5037,4775,4974,4170,4412,4544,4611,3664,3337,3458,4012,3327,4399,3948,3429,3395
"3032282",5500,4354,4193,3712,4460,3994,2424,3919,2218,2440,2312,3856,2073,2376,2321,2454,3191,2436,3677,2488,2310,3673,2511,2797
"39",4863,5500,4939,4937,4166,5119,4301,4319,4190,4169,4092,4019,3657,3879,3836,4849,4322,4353,3661,4553,4047,3808,4275,3819
"1535768",5383,5499,5208,5257,4947,4935,4904,4623,5158,4849,4745,4307,4379,4558,4169,4323,4117,4088,3929,4073,4061,4386,3975,3587
"3075627",5294,5499,4991,4899,4728,4945,4848,4497,4648,4742,4634,4270,4290,4329,4388,4331,4176,4229,3981,4291,4147,3945,4135,3608
"392593",5488,4033,4096,3890,3574,3215,1416,4332,1416,1442,1455,2896,1246,1465,1439,1549,2594,1481,2965,1481,1410,3318,1607,2025
"285665",5484,5420,5160,5043,4987,4723,5272,4587,5061,4913,4905,4154,4639,4656,4676,4521,3977,4174,4210,4174,4487,3848,3830,3393
"85413",5419,5424,4707,4613,4569,5481,3160,4627,3124,3087,3075,4094,2817,3055,2989,3218,3668,3064,3742,3148,2941,3763,3139,4332
"2774875",5470,4161,4177,3564,4121,3469,1862,4424,1614,1782,1575,3282,1497,1748,1796,1780,2624,1780,3483,1765,1775,3503,1848,4376
"37329",5093,5465,4899,5024,5034,4655,4812,4630,4535,4570,4523,4365,4178,4063,4302,4127,4044,4028,3929,3875,3929,3820,3862,3549
"2202826",4752,5463,4272,4575,4195,4801,3804,4133,3824,3767,3817,3897,3424,3576,3371,3829,3936,3719,3701,3745,3415,3391,3678,3571
"1573",5459,5380,5096,5054,5010,4792,4713,4472,4475,4491,4538,4176,4100,4303,4282,4178,4198,4040,4238,3953,4004,3942,3909,3758
"155892",5135,5457,4747,4364,4801,5139,3635,4419,3466,3497,3451,4137,3086,3307,3152,3461,3920,3241,4118,3147,3273,4133,3267,3612
"1914461",5450,5319,5089,4891,4850,4870,5222,4526,4973,4768,5050,4029,4508,4834,4627,4334,3940,4229,4103,4164,4395,4065,3889,3252
"1806508",5447,5416,4756,4970,4378,5205,4252,4363,3952,4175,4049,4539,3602,3816,3563,4135,4756,4044,3550,4203,3498,3720,4202,3928
"2968500",3927,3373,3459,2703,5041,3743,2452,3011,2064,2231,2354,2751,2078,2161,1921,1872,2083,1783,3089,1783,1973,2692,1804,5441
"1682113",5435,3759,3325,2921,3492,2664,2548,2962,2566,2337,2304,2180,2650,2582,2431,1985,1668,1641,2643,1770,2402,2954,1785,3134
"2803858",5429,4799,5294,5322,5364,3987,4941,4507,4771,4627,4717,4448,4361,4201,4509,3815,3483,3328,3914,3366,3918,3992,3368,3641
"2220096",5055,5425,4504,4468,4465,4947,3693,4191,3667,3736,3720,4012,3303,3441,3281,3653,3705,3498,3859,3565,3334,3617,3587,3474
"67282",5424,3951,4111,4081,4789,3667,4458,3591,3659,4048,4125,3104,3785,3693,4374,3107,3052,3042,3353,3078,3171,3053,2826,2576
"2005884",5367,5419,4552,4205,4385,4602,3297,4282,3364,3237,3323,3989,2875,3515,3536,3338,4072,3308,3878,3360,3194,4129,3472,3449
"547188",4601,5418,4453,4114,4224,4570,3828,3921,3670,3737,3652,3886,3245,3543,3468,3663,3818,3456,3801,3614,3321,3917,3627,3468
"29549",5182,5405,4638,4629,4691,5042,4073,4266,3783,3936,3870,4293,3470,3831,3635,3981,4466,3779,3789,3856,3476,4091,3904,3754
"2599600",5317,5074,4981,4730,5402,4843,3536,4693,3392,3407,3323,4514,3148,3371,3207,3115,3693,2928,4111,2872,3095,4059,2995,3732
"1620215",4535,5386,3721,3556,3587,3932,2570,4155,2628,2531,2477,3628,2175,2725,2835,2686,3893,2877,3102,2894,2844,3652,2967,3048
"2493668",4699,3415,4797,4437,5386,3671,2226,4142,2388,2211,2123,4066,1978,2253,2151,1825,2415,1688,3792,1704,2013,3574,1822,2963
"192812",4163,4470,4536,3757,5385,3835,3353,4070,2990,3023,3117,4190,2632,2909,2863,2594,2913,2333,4156,2384,2710,3410,2329,2873
"2708539",4924,5003,5385,3747,4295,5090,2775,3796,2620,2749,2513,3586,2465,2546,2484,2605,3567,2431,3730,2519,2594,4489,2310,3696
"2819238",5009,5384,4904,5194,4874,4547,4870,4362,4623,4678,4569,4265,4178,4357,4480,4227,4224,4171,3985,4082,4004,4003,3865,3412
"1654",5022,5379,4883,4947,4654,4702,4572,4517,4504,4477,4360,4263,3930,4110,4039,4103,4318,4052,3793,4028,3852,3924,3897,3448
"361575",5377,1780,3641,3722,5155,1748,2059,2479,1596,1853,1599,3183,1578,1571,1857,1290,1614,1092,3938,1250,1688,2308,1144,1613
"2768161",4694,5376,4201,4428,4027,4831,3935,4092,3704,3781,3879,3613,3491,3450,3268,3930,3724,3678,3712,3680,3333,3516,3599,3441
"709879",5368,4982,4797,4986,4811,4744,5029,4360,5045,4786,4886,4010,4428,4413,4540,4298,3810,4149,4057,4054,4221,3538,3767,3235
"53412",5236,3460,4048,2533,3319,1763,1357,3301,1229,1249,1217,2442,1008,1290,1211,1205,1528,1149,5367,1235,1173,3355,1257,1572
"2944128",5362,5361,4923,5034,4816,4872,4919,4407,4815,4673,4660,4182,4360,4469,4428,4232,4267,4017,3920,4128,4119,3936,3905,3592
"1950",4760,4353,5354,4354,4669,3813,4057,3957,4206,3952,3962,3637,3637,3873,3660,3318,3250,3087,3508,3135,3369,4170,3046,3033
"2708082",5352,4849,4830,4832,5076,4057,4556,4132,4915,4570,4369,4087,3993,4390,4356,3815,3746,3622,3803,3605,4057,3893,3425,3267
"418699",5190,5351,4432,4229,4326,4625,3232,4239,3222,3120,3068,4039,2715,3305,3450,3318,3962,3316,3664,3317,3252,3946,3337,3213
"2184053",5350,4787,4847,4650,4950,4496,4302,4293,4142,4066,3881,3915,3739,3851,3841,3713,3721,3444,3771,3583,3551,3586,3440,3183
"119219",5349,4892,4170,4050,4178,4332,2770,4271,2759,2825,2677,3712,2271,2730,2772,2807,3686,2662,3588,2864,2735,3639,2716,3206
"3043734",5332,4347,4141,3987,4035,3923,3951,3670,3976,3727,3523,3510,3425,3469,3571,3362,3322,3333,3225,3341,3221,3313,3150,3027
"2041",4959,4290,4740,4613,5326,3664,4370,4234,4430,4072,4070,4162,3723,3965,4032,3208,3140,3054,3850,3110,3542,3723,3047,3008
"2662361",5148,4561,5064,5125,5323,4031,4929,4430,4911,4806,4770,4151,4372,4489,4506,3621,3286,3477,4023,3503,4076,3917,3246,3337
"2991972",5106,5320,4438,4360,4468,4982,3377,4561,3488,3253,3286,4204,3018,3310,3174,3281,3727,3248,3751,3223,3171,3720,3260,3733
"3038927",4010,3038,4038,2987,5317,2999,1813,3326,1513,1764,1917,2840,1535,1532,1543,1563,1915,1449,3531,1462,1469,2856,1373,2143
"2714945",2342,1802,3662,1930,5315,1925,1336,2416,1453,1231,1331,2280,1211,1671,1456,798,1053,901,3102,861,1360,2773,883,1763
"269660",4826,5300,4424,4501,4252,4896,3858,4134,3784,3882,3801,3818,3635,3651,3504,3836,3852,3831,3671,3795,3524,3586,3782,3780
"85643",5235,5294,4580,4229,4304,4573,3520,4302,3540,3461,3435,4300,3039,3635,3559,3612,4239,3416,3865,3410,3579,4132,3567,3514
"563996",5292,4420,4344,3897,4911,4403,3039,3860,2538,2801,3030,3829,2522,2449,2285,2561,3191,2281,3869,2226,2414,3077,2181,2907
"593909",5058,4264,4537,4239,5291,4497,2972,4338,3065,2781,2876,4233,2640,2983,2855,2521,3055,2470,4038,2456,2668,3658,2597,3715
"261654",5285,5287,4834,4926,4791,4834,5016,4470,4912,4762,4773,4041,4472,4410,4496,4485,3768,4067,3985,4095,4203,3799,3731,3446
"1079",4921,5286,4466,4473,4322,4884,3869,4234,3648,3662,3613,4118,3260,3431,3574,3601,4034,3497,3833,3527,3369,3794,3631,3677
"2976241",5280,4254,4553,4100,5212,3969,2616,5078,2539,2475,2504,4018,2298,2603,2481,2574,3037,2530,3903,2689,2478,4001,2637,3064
"1592790",4273,3377,3871,3496,5273,3264,2007,3971,1610,1798,2023,3405,1649,1615,1475,1548,2250,1455,3666,1483,1549,3380,1475,2315
"2743470",5272,4478,4192,3864,4815,3824,2203,4609,2131,2113,1983,3506,1808,2086,2116,2166,3187,2133,3362,2272,2074,3631,2139,2695
"2570229",4625,5271,4199,3966,4151,4663,3418,4161,3297,3241,3231,4073,2822,3192,3026,3336,3762,3226,3614,3209,2966,3569,3261,3573
"2898433",4560,4029,4139,3660,5270,4690,3158,4211,2588,2858,3010,3790,2579,2577,2401,2339,2578,2176,3841,2119,2533,3140,1995,3389
"83455",4728,5269,4774,4269,4150,4653,3872,4221,4028,3819,3925,3887,3574,3701,3728,4064,3871,3981,3706,4134,3804,4395,3996,4219
"180282",5002,4220,4012,3929,5267,3388,2020,5016,1991,1999,1933,3227,1753,1965,1928,2045,2883,2064,3226,2095,1986,3603,1946,2720
"1082851",5264,4203,3885,3670,4052,3669,2228,4225,2060,2075,2059,3228,1902,2034,2139,2142,3085,2214,3308,2100,2019,3423,2199,2774
"53362",5264,4953,4451,4614,4594,4602,4663,4274,4552,4605,4519,4114,4320,4182,4241,4069,3586,3816,3729,4007,4130,3682,3707,3169
"2587808",3833,3766,3780,3443,4013,4306,3465,3112,3772,3398,3203,2893,3120,3379,3496,2852,2824,2669,3104,2694,3371,3053,2589,5260
"2292766",4884,5251,4540,4522,4416,4907,3933,4333,3710,3673,3644,4282,3520,3580,3735,3886,4135,3877,3780,3922,3545,3876,4016,3565
"2547399",5230,5179,4377,4183,4270,4407,3300,4243,3203,3192,3149,4159,2901,3243,3203,3352,3990,3152,3818,3159,3210,3875,3412,3541
"2896849",4262,4499,4202,3584,5224,4170,3053,4006,2756,2727,2800,4018,2436,2636,2569,2483,2860,2292,3975,2343,2616,3404,2275,2883
"105219",5221,4837,4324,4204,4185,4176,2833,4371,2755,2641,2716,3681,2400,2753,2811,2833,3610,2729,3542,2713,2847,3719,2829,3079
"1523415",4329,4497,4279,3650,5216,4255,3493,4061,2833,3162,3503,3866,2862,2877,2718,2781,2941,2551,3973,2637,2761,3305,2534,3091
"2949093",4373,4185,4181,3717,5210,4003,3436,3946,2987,3317,3337,3784,2898,2884,2635,2739,2794,2466,3911,2452,2678,3332,2399,2922
"42256",4662,5210,3842,4992,3563,4500,5132,3475,4896,4885,4925,3240,4542,4356,4228,4888,4237,4656,3102,4696,4030,3224,4341,2918
"2973512",5209,4370,4603,4480,4617,4061,3992,3874,3544,3834,3678,3893,3080,3616,3411,3138,3505,3051,3874,3185,3418,3858,3326,2959
"2684469",5116,5206,5055,4926,4909,4718,4868,4367,4596,4663,4605,4078,4402,4267,4388,4270,4058,4094,3831,3910,4183,3759,3938,3389
"1775411",4723,4694,4658,3783,5202,4134,2815,4227,2848,2565,2699,4019,2423,2975,2977,2508,3231,2488,3979,2560,2850,3934,2588,3356
"2184519",4541,5194,3282,4333,3855,4059,1088,4294,924,903,1184,3533,805,1052,1006,955,3217,1220,2328,987,988,2504,960,3103
"370526",5184,5188,4068,4508,4246,4609,3928,4114,3847,3732,3644,3570,3579,3692,3667,3310,3399,3102,3560,3197,3413,3349,3050,3437
"2020",4955,5180,4781,4761,4544,4603,4708,4154,4675,4453,4606,3838,4081,4374,4309,3951,3783,3896,3801,3862,3942,3611,3752,3208
"2880933",5180,5170,4855,4881,4969,4667,4545,4393,4566,4363,4336,4223,4325,4064,4215,3926,3935,3841,3822,3846,3742,3852,3671,3324
"47875",5180,4969,4774,4604,4748,4629,4847,4460,5009,4646,4706,3834,4351,4428,4530,4391,3640,4149,3814,4026,4216,3572,3722,3269
"1521117",4788,5174,4758,4335,4272,4706,3976,4322,3986,3811,3772,3831,3455,3863,3761,4074,3763,3978,3809,4238,3799,4356,4020,3881
"1447062",4718,4112,4256,4331,5173,4192,2708,5052,2537,2524,2427,4444,2245,2413,2347,2167,3023,2037,4018,2043,2170,3542,2293,2998
"1030157",4299,4260,4020,3557,5172,3813,2801,4170,2164,2572,2770,3915,2328,2217,1970,2096,2538,1949,4052,2040,2106,3089,1873,2908
"1881016",4470,3209,2881,2578,3434,2710,2167,2689,2079,2099,1902,5170,2082,2032,1941,1877,2192,1697,3155,1831,2135,2739,1995,3553
"2589974",4175,3643,4125,3474,5158,3645,2439,3763,2570,2201,2295,3514,2142,2391,2189,1883,2416,1871,3583,1930,2281,3214,2016,3288
"2711156",4531,4554,4284,3785,5154,4203,3044,5138,2520,2925,3066,4887,2514,2535,2281,2416,2960,2197,4580,2324,2377,3295,2222,3078
"3028735",5114,5153,4658,4483,4990,4891,3680,4603,3532,3418,3514,4224,3153,3338,3209,3203,3675,3060,3928,3176,3170,3887,3308,3850
"1882757",5138,4504,4595,4226,4928,4143,3719,4243,3509,3547,3415,3749,3424,3293,3347,3227,3197,3144,3870,3071,3150,3475,2995,2932
"2911495",3820,3250,3491,2607,4453,3877,2090,2956,1910,1931,2079,2484,1796,1877,1737,1751,1985,1591,3217,1639,1808,2343,1589,5125
"1379270",5123,4977,4739,4335,4527,4350,4058,4059,4101,3936,3933,4220,3444,4070,3941,4048,4290,3640,3673,3880,3686,4219,4211,3332
"1842534",3684,2662,2896,2584,5123,2568,1774,2653,1769,1687,1783,2386,1585,1704,1708,1552,1983,1596,2405,1587,1637,2246,1677,2524
"2908642",4965,4876,5116,4733,4980,4151,4669,4281,5060,4483,4485,3957,4058,4557,4399,3670,3809,3672,3768,3609,4072,3948,3631,3250
"29405",5040,4669,4956,4701,4729,4048,4828,3917,5114,4614,4682,3526,4384,4412,4636,3538,3463,3456,3891,3483,4221,3582,3409,3177
"3075824",5113,4968,4741,4659,4539,4410,4504,4119,4579,4289,4398,3942,4100,4093,4054,4028,3832,3846,3686,3672,3792,3666,3682,3370
"2182432",4950,5112,4500,4268,4470,4653,3614,4199,3446,3571,3540,4236,3152,3502,3392,3441,3954,3505,3801,3404,3269,3931,3663,3520
"1436133",4970,5109,4716,4701,4644,4569,4405,4258,4240,4265,4179,4091,4002,4110,4073,3955,3826,3826,3658,3949,3843,3745,3608,3445
"3075199",5000,5108,4513,4651,4494,4534,4458,4096,4436,4357,4350,3925,4048,4056,4000,4058,3707,3766,3788,3736,3833,3605,3725,3313
"249586",5107,4420,4563,4159,4850,4317,3830,4236,3757,3781,3636,3576,3426,3433,3631,3447,3354,3392,3828,3093,3280,3420,3076,3006
"137722",4494,5105,4270,4256,4087,4646,3654,3835,3477,3462,3557,3830,3144,3209,3356,3423,3635,3429,3687,3409,3257,3510,3354,3423
"33914",5002,5102,4612,4620,4515,4710,4542,4333,4417,4440,4259,4129,4109,3926,4126,4001,3839,3924,3672,3861,3716,3658,3900,3580
"2949090",4840,4410,3997,3872,5101,3609,2211,5055,2152,2053,1983,3233,1802,2068,2056,2290,2963,2231,3242,2240,2118,3649,2162,2611
"2937788",4221,4226,4053,3554,5091,3819,3067,3977,2750,2893,3085,3723,2692,2555,2575,2576,2735,2250,3821,2333,2512,3273,2285,2944
"258505",5088,3626,3259,3107,3309,4210,2690,3145,2702,2630,2639,2648,2627,2620,2695,2405,2333,2252,2805,2313,2459,2656,2264,3215
"33057",4796,5088,4268,3941,3998,4276,3232,4183,3150,3105,3117,3912,2700,3288,3256,3132,3926,3101,3552,3189,3198,3823,3374,3208
"2976533",4364,3653,3957,3036,4927,3748,2463,3339,2140,2300,2492,2982,2052,2135,1927,1964,2296,1773,3874,1812,2077,2823,1848,5079
"191302",4398,2503,3312,2750,5074,5068,1523,3642,1563,1561,1476,2884,1380,1479,1623,1173,1813,1167,2819,1182,1365,2353,1268,2768
"37921",5072,4418,4497,4622,4614,3978,4072,3967,3950,3841,3671,4013,3578,3657,3560,3528,3548,3390,3519,3264,3435,3422,3241,3103
"2571749",4230,4340,4182,3526,5069,3799,2684,3878,2566,2466,2596,3927,2233,2476,2408,2065,2545,1967,3955,1965,2395,3020,2025,2820
"39691",5063,4683,3716,4224,3601,4332,3419,3968,3258,3315,3424,3659,3224,3108,3018,2889,3155,2799,3295,2694,2880,2954,2630,3236
"1736306",4768,3819,4804,4524,5062,3436,4255,3969,4348,3885,4089,4105,3666,4018,3878,2987,2896,3024,3688,2928,3366,3753,2728,2799
"2497863",5052,2522,2061,2808,2605,2269,1276,2828,1222,1183,1195,1782,1012,1235,1231,1209,1904,1189,1912,1160,1271,1975,1262,1500
"2986949",5052,5019,4445,4636,4524,4854,3765,4185,3636,3615,3638,4104,3232,3436,3289,3567,3880,3281,3813,3359,3274,3706,3466,3623
"131568",4893,5045,4496,4746,4435,4412,4633,4158,4436,4345,4378,4022,3876,4149,4179,3937,3714,3939,3663,3812,3911,3580,3710,3188
"1915",4382,3822,4123,3868,5045,3485,3373,3830,3406,3216,3322,3546,3010,3172,3397,2812,2781,2537,3627,2692,2933,3153,2674,2619
"1427356",4922,5038,4541,4303,4637,4900,3392,4097,3377,3453,3446,4270,2856,3404,3181,3327,3923,3098,3637,3110,3186,3515,3462,4349
"1549858",4410,4323,4377,3823,5036,4199,3515,3886,2990,3259,3480,3756,2947,2841,2707,2843,2875,2689,3902,2535,2859,3196,2439,3010
"2596913",4412,4479,4261,3788,5033,4207,3409,3987,3093,3200,3472,3819,2861,2839,2652,2840,2831,2637,3910,2620,2830,3179,2523,3082
"1927",4970,5028,4699,4801,4607,4703,4561,4307,4524,4427,4351,4086,4064,4008,4279,4231,3999,3864,3810,4043,4002,3821,3785,3635
"1229164",3487,3475,3931,2965,5026,3013,2657,3338,2119,2570,2754,3457,2293,2149,1901,1799,1992,1632,4029,1709,2070,2904,1622,2353
"2675754",4716,5020,4705,4602,4501,4395,4390,4120,4286,4211,4141,4002,3844,3915,3959,3756,3692,3626,3637,3602,3792,3552,3494,3326
"319947",5015,4983,4547,4477,4812,4366,4457,4326,4585,4196,4112,3845,4125,4099,4786,3871,3659,3685,3992,3649,3711,3511,3548,3442
"2789327",3639,2328,3707,2563,5014,2231,1237,2946,1007,1193,1190,2535,1051,1048,988,1024,1451,979,3300,934,981,2460,937,1596
"2710756",4882,5010,4585,4504,4489,4392,4543,4085,4364,4213,4212,3772,4054,4070,3902,3941,3736,3722,3630,3701,3833,3470,3446,3224
"2589797",4969,5008,4765,4941,4600,4479,4793,4356,4712,4559,4508,3988,4227,4275,4359,4032,3892,3964,3891,3816,3921,3791,3726,3259
"66871",4348,4590,4014,4015,3991,4024,4082,3887,3717,4298,3797,3517,5004,3447,3413,3420,3484,3280,3325,3229,3186,3165,3082,2950
"1542730",3172,2792,2760,2461,4999,2401,3031,2521,2287,2229,2343,2379,1979,2506,2585,1806,1976,1701,2327,1733,2072,2535,1766,1968
"1335043",4500,3875,4178,4098,4997,3895,2455,4760,2225,2250,2274,4273,2150,2147,2161,2016,2842,1939,3751,1985,2090,3274,2067,2872
"1736691",3699,4996,4019,3640,4054,3043,3517,3181,3609,3331,3330,2922,3006,3419,3412,2662,2554,2519,2829,2554,3107,2865,2570,2475
"262209",4909,4996,4565,4677,4585,4163,4278,3949,4151,4090,4239,4008,3812,4100,4037,3665,3693,3579,3849,3578,3718,3607,3610,3143
"40566",4251,4368,3811,3959,3792,3870,3966,3708,3738,3581,3714,3364,3488,3359,3367,3438,3168,3192,3122,3335,3135,2917,3155,4994
"416169",4537,4170,4169,3667,4994,3891,2909,3831,2984,2818,2767,3574,2580,3002,2912,2669,3110,2564,3758,2601,2863,3621,2543,2947
"80880",4993,4243,3782,3622,4109,3415,1675,4534,1751,1650,1643,3198,1430,1700,1820,1817,2849,1784,3111,1815,1762,3331,1793,2832
"1003110",4966,4746,4678,4451,4566,4495,4805,4304,4779,4548,4468,3763,4350,4203,4371,4032,3485,3784,3798,3817,3935,3648,3574,3105
"139208",4958,4868,4513,4449,4766,4181,4250,4088,4082,3960,4045,3973,3699,3847,3958,3778,3511,3421,3705,3365,3688,3674,3393,3284
"2219696",4344,4274,4040,3669,4958,4006,3257,3826,2757,3184,3283,3671,2815,2867,2543,2655,2904,2494,3723,2592,2719,3286,2374,3014
"279058",4951,2672,2182,2784,2770,2390,1459,2925,1354,1273,1364,1938,1088,1257,1260,1319,1910,1281,1920,1354,1297,2007,1435,1630
"45398",4950,4846,4642,4344,4531,4212,4122,4210,3974,4127,4079,3854,3769,3761,3915,3748,3560,3672,3538,3466,3579,3526,3593,3251
"710111",4597,4950,4261,4528,4216,4397,4232,3947,4061,3999,4054,3730,3743,3821,3936,3751,3868,3793,3504,3664,3500,3411,3657,3245
"2006110",2984,2670,3353,2544,4948,2453,1987,2734,1894,1875,2004,2700,1751,2027,1902,1485,1669,1474,3120,1438,1874,3038,1477,2222
"2914159",4925,4944,4412,4359,4331,4505,4480,4283,4159,4111,4286,3950,3807,3698,3853,3794,3705,3684,3618,3689,3747,3514,3541,3519
"152142",4151,3879,4497,3493,4938,3682,2848,3409,4777,2889,2834,2926,2619,4055,4311,2583,2819,2287,3704,2497,3450,3699,2524,2815
"334542",770,812,731,747,705,830,659,766,603,619,603,719,578,552,590,623,687,592,643,620,593,606,609,4938
"128780",3285,2849,3663,2519,4935,3970,2073,2966,2115,2021,2002,2643,1858,2093,2047,1734,1998,1673,3071,1765,2031,3035,1762,2815
"1223566",4934,3960,3469,3115,3541,4507,2888,3670,2793,2851,2507,3459,2495,2808,3056,3005,2510,2409,2880,2632,2697,2543,2323,2816
"2099693",4472,4926,4016,3986,3887,4636,3624,3765,4048,3504,3522,3244,3390,3771,3716,3703,3725,3571,3527,3496,3654,3360,3614,3772
"194963",4925,3640,4084,3990,4222,3439,2302,3785,2341,2258,2221,3571,2038,2165,2082,2110,2579,2081,3420,1989,2071,2944,2122,2587
"1768242",4924,3179,3460,3304,3300,2520,1141,3638,1021,1081,1088,2243,916,1137,1169,1144,1947,1149,2507,1055,1078,2816,1094,1471
"2768068",4920,4911,4674,4596,4608,4487,4663,4265,4434,4406,4447,3940,4027,4110,4156,3908,3815,3880,3698,3834,3894,3754,3699,3454
"2937787",3991,3873,3902,3484,4920,3625,3051,3610,2630,2824,3063,3595,2563,2543,2283,2364,2484,2254,3835,2221,2366,3039,1984,2810
"299146",4696,4918,4483,4431,4520,4338,4506,4079,4490,4239,4337,3837,3985,4121,4080,3972,3464,3760,3646,3689,3750,3466,3609,2935
"879274",4917,4453,4167,3913,4639,4144,2972,3961,2881,2861,2892,3539,2756,2792,2798,2659,3057,2600,3578,2534,2600,3275,2622,3192
"2599297",4380,3962,3966,3637,4915,4536,3069,3939,2484,2872,2908,3588,2597,2435,2383,2399,2524,2349,3671,2266,2452,3049,2184,3235
"488447",4914,4872,4146,4054,4181,4247,3244,4096,3147,3196,2994,3656,2829,3031,3057,3098,3682,3031,3537,3085,2920,3644,3257,3197
"1835",4913,4845,4385,4529,4450,4450,4537,4198,4334,4365,4376,3821,3979,4006,3993,3907,3853,3708,3528,3810,3714,3507,3672,3410
"2109914",4905,4055,3646,3502,4213,3151,1753,4423,1751,1728,1641,2949,1479,1715,1739,1747,2735,1748,2871,1723,1603,3186,1655,2264
"3031126",4900,2826,3250,3201,3359,2840,1275,2911,1218,1295,1207,2725,1155,1164,1213,1100,1856,1077,2470,1049,1125,2271,1148,1955
"47763",4742,4900,4350,4385,4180,4108,4211,3979,3989,4032,4016,3701,3864,3704,3831,3763,3678,3697,3465,3634,3488,3309,3544,3268
"991904",4713,4898,4201,4451,4262,4471,3539,4121,3562,3608,3509,3819,3092,3405,3404,3473,3763,3445,3665,3430,3366,3619,3421,3451
"2742137",4829,4896,4678,4454,4573,4315,4513,4269,4199,4264,4145,3936,3962,3957,3908,3881,3782,3645,3614,3585,3654,3481,3436,3329
"3053466",4753,4895,4330,4260,4174,4139,4287,3834,4040,4029,3932,3712,3721,3682,3614,3674,3695,3630,3253,3689,3506,3319,3553,3456
"2589976",4272,3666,4195,3678,4894,3782,2493,3837,2611,2373,2454,3637,2328,2546,2286,2081,2547,2030,3572,2170,2306,3168,2071,3270
"3062449",4737,4891,4459,4555,4445,4427,4344,4159,4073,4226,4221,3784,3984,3864,4032,3832,3634,3742,3645,3797,3656,3469,3695,3317
"2923272",4648,4890,4345,4414,4285,4158,4142,3892,4111,4088,3956,3650,3788,3829,3807,3702,3501,3717,3420,3531,3544,3355,3428,3123
"2884264",4534,4097,4684,4325,4886,3331,3853,3993,3984,3752,3874,3745,3416,3657,3818,3027,2880,2818,3497,2751,3450,3493,2913,2854
"93217",4884,4652,3717,3539,3788,4050,2674,3961,2725,2577,2524,3415,2484,2798,2795,2681,3448,2691,3389,2720,2651,3566,2895,2902
"2744521",4465,3605,4089,4045,4883,3724,2528,3884,2606,2339,2368,3626,2210,2438,2405,2001,2734,1867,3477,2047,2240,3205,2206,3048
"219314",4231,3347,4197,3912,4881,2979,3863,3485,3729,3556,3533,3385,3308,3389,3518,2539,2731,2554,3190,2542,3125,3054,2567,2285
"2676077",3562,2629,3549,2775,4881,2581,1445,3073,1353,1485,1482,2826,1256,1279,1264,1207,1747,1195,3339,1181,1252,2519,1182,1842
"356837",4881,4729,3915,3715,3834,4259,3137,3957,3050,2954,2787,3938,2584,2999,3114,3098,3880,3055,3640,3107,2893,3558,3235,3239
"1714373",4879,4688,4839,4400,4792,4343,3929,3858,3754,3741,3667,3708,3215,3578,3713,3299,3397,3239,3878,3272,3443,3783,3322,3537
"1325120",4868,4876,4457,3935,4305,4631,3099,4376,3099,3002,2974,4104,2726,3002,2911,2963,3337,2766,3546,3042,2792,3339,2991,3491
"1813879",3939,3908,3772,3478,4860,3634,3160,3619,2568,2974,2950,3576,2536,2576,2450,2411,2579,2324,3716,2267,2529,2919,2036,2648
"1420889",4856,4768,4468,4336,4573,4359,4617,4001,4484,4433,4526,3847,3863,4150,4240,3932,3315,3659,3714,3720,3828,3369,3374,3030
"2826993",4856,4712,4410,4327,4440,4353,3380,4464,3441,3464,3433,3734,3114,3152,3099,3272,3678,3097,3661,3121,2992,3529,3107,3581
"675864",4657,4853,4613,4736,4377,4154,4522,4015,4453,4293,4209,3777,3899,4004,4108,3979,3609,3698,3676,3620,3788,3487,3498,3198
"2493676",4360,3686,4115,3619,4852,3750,2622,3702,2640,2318,2336,3597,2255,2427,2353,2137,2590,1995,3600,2057,2206,3160,2165,3247
"2571746",4841,4801,4052,3998,3786,4312,2938,4049,2889,2909,2844,3612,2528,2910,2899,3010,3629,3000,3394,2983,2853,3525,3039,3139
"1494466",4695,4840,3970,3906,3992,4356,3162,3901,3146,3119,3156,3790,2773,3152,3024,3102,3510,3075,3493,3044,2953,3587,3174,3203
"1715720",4838,3690,3317,3293,4202,3091,1838,4084,1629,1674,1588,2867,1381,1668,1571,1733,2517,1723,2751,1789,1663,3030,1677,2191
"2781734",4838,4366,4362,4217,4601,3895,3660,4132,3609,3560,3685,4171,3540,3357,3309,3163,3083,3004,3422,3037,3067,3264,2895,2877
"1535208",4735,4835,4648,4578,4618,4178,4479,3932,4325,4067,4089,3849,3867,4004,3891,3873,3749,3678,3499,3567,3693,3625,3481,3051
"2079793",4145,3518,4351,3954,4833,2969,3794,3442,3910,3563,3680,3395,3264,3662,3554,2900,2632,2630,3283,2666,3051,3171,2425,2405
"57704",4249,4189,3963,3791,3810,4833,3784,3897,3538,3509,3459,3455,3174,3206,3174,3238,3274,3306,3261,3122,3062,3270,3141,3307
"283811",4790,4831,4693,4576,4457,4501,4337,4236,4178,4006,4033,3936,3705,3913,3937,3846,3617,3669,3619,3529,3685,3656,3494,3217
"2685869",4580,4363,4830,4539,4722,3712,4487,3864,4506,4346,4208,3813,3944,4089,4189,3358,3220,3174,3669,3237,3816,3525,3001,3053
"2109913",4823,4148,3727,3663,4190,3393,1976,4327,1957,1877,1805,3089,1734,1940,1765,2052,2876,1941,3071,1980,1912,3232,1844,2364
"319939",4822,4333,3983,3778,3862,3682,2847,3729,2600,2668,2666,3442,2374,2673,2560,2615,2884,2691,3622,2682,2533,3460,2745,2707
"1867719",4821,3837,4404,3465,4205,3822,2280,3720,2279,2178,2251,3538,1982,2219,2121,2070,2839,2130,3315,2109,2066,2985,2111,3176
"2509458",4542,4460,4817,4186,4785,4103,3618,3827,3834,3437,3469,3526,3355,3570,3605,3221,3239,3060,3673,3004,3322,3491,3020,3406
"2744518",4328,3539,4135,3656,4807,3739,2466,3745,2618,2358,2330,3598,2262,2380,2321,2068,2590,1956,3267,2031,2242,3058,2062,3268
"2749844",4778,4806,4522,4465,4446,4320,4442,3960,4382,4364,4242,3918,4005,4045,4124,3945,3349,3774,3625,3760,3881,3452,3371,2971
"36861",4439,4803,4052,3606,3844,4257,3041,3859,3314,2995,3044,3690,2668,3187,3103,3088,3755,2984,3464,3199,2985,3633,3220,3100
"1850374",4671,4801,4124,4102,4082,4516,3426,3756,3314,3360,3324,3781,3116,3055,3132,3306,3671,3063,3304,3125,3075,3289,3212,3812
"2777475",4169,3581,4136,3583,4798,3792,2496,3749,2620,2298,2396,3465,2169,2536,2385,2174,2738,2001,3571,2015,2213,3113,2169,3247
"515350",4792,4686,4450,4408,4382,4310,4547,4068,4622,4271,4523,3784,4097,4182,4164,3942,3461,3713,3715,3618,3908,3514,3496,3022
"60550",4791,4736,3995,3884,4105,4168,3063,3865,3009,3024,2971,3780,2767,2925,2935,2960,3442,2974,3380,3015,2860,3429,3089,3129
"1641402",4759,4788,4363,4269,4332,4173,4312,3999,3904,4054,3884,3721,3719,3881,3874,3729,3413,3633,3319,3678,3426,3151,3536,3142
"3031124",4783,3183,3260,3605,3893,2809,3774,3504,3014,3390,3419,2829,3321,2777,3011,2320,2256,2384,2645,2315,2618,2443,2262,2149
"3003265",3253,3700,3969,2941,4781,3172,2162,3567,2447,2071,2264,3769,1797,2339,2317,1741,2145,1491,3560,1549,2211,2922,1507,2528
"553",1978,1751,971,792,837,785,364,2226,369,370,342,1454,285,317,365,359,1347,395,4781,343,346,643,414,443
"3020843",4776,3086,3650,2300,2885,1554,1003,3044,1040,1027,951,2257,871,958,1029,983,1207,958,4584,951,932,3003,1002,1212
"2508722",4770,4500,4501,4130,4297,4081,3839,3725,3615,3584,3728,3571,3441,3555,3441,3410,3271,3350,3405,3279,3201,3039,3312,3735
"2954083",4770,382,3050,2099,2326,438,56,649,42,43,49,1090,63,73,53,75,211,65,985,68,76,3490,169,1013
"3057122",4769,4220,4422,4244,4598,3868,3764,3931,3712,3729,3578,3561,3348,3392,3447,3280,3217,3014,3479,3155,3162,3228,3056,2947
"1542737",4768,4366,4715,4549,4518,3723,4512,4010,4493,4064,4359,3729,3950,4067,3991,3298,3233,3283,3485,3326,3583,3349,3164,3036
"1849967",4760,4562,4447,4429,4557,4206,4181,4038,3952,3881,3894,3679,3850,3575,3702,3547,3514,3500,3560,3464,3468,3531,3291,3195
"7",4621,4758,4221,4187,4166,4473,3387,3916,3275,3206,3157,3799,2979,3058,3022,3182,3671,3113,3402,3138,3064,3354,3164,3517
"2892996",4625,4756,4515,4326,4430,4301,4309,4056,4051,4003,4035,3748,3833,3708,3797,3653,3585,3579,3448,3379,3555,3531,3358,3281
"2603276",4318,4755,3789,4134,3812,4280,3570,3606,3313,3283,3319,3460,3047,3110,3156,3484,3441,3160,3280,3257,2934,3283,3141,3187
"337",4753,4650,3824,3929,3871,4070,3054,3914,3066,3080,2956,3596,2733,2983,2954,3034,3580,3081,3284,2994,2857,3375,3093,2960
"53457",4721,4752,4592,4510,4589,4081,4537,4026,4228,4176,4085,3722,3943,4062,3955,3756,3537,3405,3598,3578,3674,3669,3508,3084
"2813577",4392,4749,4299,3825,3784,4454,3583,3817,3660,3474,3409,3550,3234,3254,3315,3807,3507,3606,3382,3693,3429,3628,3466,3898
"36814",4748,4164,3718,4045,3629,3999,3416,3779,3437,3286,3703,3593,3299,3119,3138,2571,2833,2492,3200,2513,3042,2890,2715,3205
"2026624",4038,4089,3935,3589,4740,3719,3313,3584,2890,3079,3360,3730,2745,2829,2447,2632,2682,2568,3647,2515,2747,2927,2296,2623
"199683",4739,4019,3478,3557,3692,3168,1675,4038,1541,1492,1579,2930,1387,1475,1665,1654,2699,1696,2819,1695,1635,3165,1659,2155
"1325102",3386,3743,2553,2424,2393,4734,1929,2738,1775,1735,1764,2333,1633,1789,1965,2444,2206,2040,1960,2427,1732,1881,3296,2980
"1901",4669,4732,4376,4321,4368,4206,4355,3903,4026,4063,4071,3646,3766,3754,3692,3729,3705,3541,3550,3656,3690,3464,3493,3274
"658062",4318,4732,3989,3798,4031,4462,3110,3696,2847,2977,2829,3891,2638,2837,2886,3185,3788,3324,3287,3526,2716,3691,3677,3206
"1404888",4702,4544,3832,3474,3723,4725,2916,3877,2833,2769,2556,3594,2505,2747,2995,3238,3001,2640,3118,2853,2793,3000,2668,3306
"1642299",4722,4671,4514,4391,4497,4269,4303,3970,4064,4146,3929,3837,4092,3849,3901,3790,3774,3816,3631,3530,3509,3641,3557,3345
"1885",4722,4355,4105,3957,4469,3811,3861,3735,3601,3658,3406,3628,3358,3420,3450,3282,3294,3260,3539,3094,3130,3248,2921,2909
"198107",4718,4643,3779,3603,3814,4134,3007,3785,2902,2846,2846,3716,2582,3070,2934,3011,3681,3013,3354,2992,2962,3455,3143,3016
"2061",4575,4717,4269,4184,4122,4170,4021,3907,3664,3889,3855,3722,3418,3678,3663,3618,3620,3524,3306,3590,3506,3464,3355,3253
"1888",4627,4713,4394,4452,4377,4232,4229,3889,4074,4159,4161,3809,3773,3817,3959,3736,3293,3609,3606,3571,3604,3356,3493,3070
"2742132",4710,4526,4382,4315,4250,4212,4474,3766,4477,4285,4403,3726,3963,3981,4134,3878,3400,3729,3487,3628,3919,3486,3354,3016
"1862145",4467,4703,4014,3964,4021,4348,3475,3812,3192,3187,3217,3846,3007,3164,2957,3079,3541,2971,3575,3020,2948,3444,3162,3103
"248026",4701,4138,3789,3383,3777,3592,2307,3533,2249,2219,2279,3403,1877,2209,2285,2290,2981,2364,3161,2295,2264,3159,2420,2677
"1038928",4698,4474,4262,4418,4436,4201,4269,3742,4143,4003,4151,3670,3701,3769,3838,3699,3574,3628,3470,3655,3526,3399,3403,3024
"292913",3682,2893,3022,2476,4695,2968,2081,2826,1862,2026,2074,2575,1873,1856,1690,1706,1869,1585,2796,1477,1741,2510,1619,3245
"2027405",4694,4631,3824,3704,3631,4120,2890,3996,2839,2669,2727,3709,2415,2852,2924,2863,3592,2825,3354,2832,2847,3522,2909,2957
"2493673",4316,3883,4067,3670,4693,3833,2588,3777,2639,2385,2319,3532,2268,2506,2423,2169,2740,2212,3431,2143,2313,3152,2257,3412
"2054227",3055,2795,2888,2309,3745,2886,1952,2430,1709,1957,1902,2322,1753,1751,1677,1698,1811,1480,2569,1532,1621,2219,1439,4691
"434014",4691,3786,3632,3187,3483,3119,1621,3876,1526,1606,1503,3091,1399,1477,1658,1661,2419,1530,2951,1525,1576,3144,1553,2975
"1045776",4689,4406,4354,4212,4623,3952,3856,4076,3619,3721,3729,3689,3500,3472,3323,3415,3436,3302,3524,3204,3202,3498,3061,2894
"33899",3968,2881,4081,2840,4688,2786,2689,2640,2866,2518,2601,2708,2430,2779,2645,2145,2112,2125,3596,2175,2449,3319,2033,1955
"2763006",4446,4679,4222,4320,4306,4172,4137,3867,3948,3985,4058,3629,3769,3567,3639,3578,3583,3510,3378,3445,3520,3273,3417,3172
"3062779",4677,4584,4673,4504,4621,4374,4382,4137,4279,4270,4217,3819,3846,3882,3929,3783,3790,3667,3790,3589,3614,3599,3575,3208
"2705012",4514,4673,4378,4374,4198,4247,4297,3860,4095,4053,4040,3739,3606,3754,3719,3718,3678,3613,3332,3622,3507,3333,3540,3173
"2781962",4672,4352,4451,4111,4563,3960,3227,4049,3267,3164,3095,3568,2889,3160,3205,2716,3010,2506,3264,2601,2969,3388,2562,3153
"1166950",4128,4671,3880,3937,3679,4253,3094,3693,3063,3080,2984,3549,2678,2909,2845,3101,3426,3132,3153,3019,2727,3420,3240,3117
"680248",4666,3596,4042,3940,4173,3406,2318,3642,2144,2244,2208,3676,2003,2199,2108,1969,2586,1918,3268,1886,2071,2849,1973,2686
"135719",3715,2810,3421,2678,4664,2645,1874,3233,1603,1700,1793,2802,1591,1517,1422,1452,1941,1333,3222,1357,1433,2482,1249,2062
"76259",4658,4436,3850,3604,3773,4094,2831,3881,2930,2721,2763,3469,2500,2945,2871,2784,3580,2780,3389,2842,2715,3430,2994,2944
"223390",4379,4652,3961,3854,3889,4468,3152,3781,3243,3163,3077,3567,2869,3122,2906,3112,3239,2910,3391,3027,2852,3409,3008,3669
"1794",4647,3213,3312,3475,3433,2909,2911,3169,3060,2997,3153,2907,3034,2966,2924,2013,2215,1941,2864,1990,2810,2593,2295,2807
"39956",4414,4647,3998,3924,3671,4273,3492,3555,3346,3349,3305,3496,3060,3185,3117,3275,3540,3111,3294,3225,2936,3119,3084,3207
"1482074",4516,4640,3937,3791,3987,4118,3172,3912,2918,3095,3064,3659,2782,3050,2808,3036,3542,2867,3297,2814,2741,3263,3038,3281
"374432",4358,4639,3903,3962,3833,4369,3455,3678,3354,3427,3410,3645,3006,3053,3088,3448,3566,3253,3181,3397,2945,3190,3232,3219
"463025",4639,4430,3810,3483,3773,3974,2900,3833,2958,2804,2696,3482,2507,2850,2856,2840,3349,2739,3394,2783,2757,3485,2820,3008
"72763",4539,4639,4348,4327,4079,4069,3972,3813,3942,3957,3861,3688,3705,3823,3661,3520,3592,3470,3281,3447,3371,3418,3377,3167
"1988",4638,4427,4600,4339,4486,3959,4388,3898,4291,4160,4461,3633,3893,4174,3946,3455,3327,3406,3458,3392,3584,3493,3214,3005
"1333528",4635,4344,4237,4205,4074,4087,3854,3808,3876,3845,3837,3409,3461,3593,3559,3539,3307,3411,3209,3290,3311,3232,3069,3101
"1133546",4314,4634,4231,4263,4170,4055,3948,3802,3957,3818,3882,3599,3530,3570,3569,3681,3578,3403,3247,3373,3352,3269,3261,2978
"2654248",3886,3218,3812,3495,4632,3602,2373,3385,2324,2141,2147,3388,2000,2337,2153,1889,2206,1745,3351,1942,2137,2877,2022,3177
"463040",4632,4436,3810,3710,3689,3976,2840,3889,2562,2551,2654,3477,2392,2735,2721,2871,3446,2760,3318,2658,2754,3445,2827,2953
"1890",4626,4451,4174,3923,4239,3912,3762,3935,3376,3583,3579,3365,3409,3235,3422,3307,3318,3078,3294,3161,3126,3194,3079,2797
"653931",3991,3816,3795,3380,4624,3747,3005,3689,2483,2769,2908,3383,2452,2478,2301,2326,2454,2062,3473,2247,2361,2933,2119,2892
"2498135",4621,4580,4281,4246,4022,4259,4108,3809,3958,3996,3993,3481,3723,3718,3809,3651,3520,3619,3334,3663,3461,3267,3386,3023
"3064286",2866,2930,4143,2559,4619,2746,2272,2268,4415,2205,2171,2063,2082,3645,3693,2040,2071,1877,3620,1957,3454,3510,1918,2000
"1771",4519,4616,3840,3922,3792,3999,3527,3675,3537,3434,3397,3309,3295,3399,3203,3110,3010,2922,3192,2889,3048,3087,2966,3164
"1855519",3346,2340,3144,2335,4614,2120,1424,2739,1102,1258,1299,2309,1117,1145,1058,1148,1457,1083,2944,992,1106,2399,967,1574
"1349819",4423,4611,3795,3907,4047,4061,3141,3690,3012,2879,3129,3371,2760,2874,2824,2905,3223,2842,3313,2888,2721,3140,2912,3170
"633392",3799,4002,4609,3952,4041,3576,3797,3538,4530,3647,3707,3536,3391,3841,3725,3163,3057,3147,3363,3100,3587,3486,3121,2899
"2997354",3920,3643,3682,3236,4606,3477,2774,3563,2374,2608,2804,3362,2290,2379,2265,2209,2365,2100,3492,2108,2384,2865,1993,2765
"2493672",4294,3756,4026,3721,4604,3752,2480,3648,2611,2472,2387,3503,2197,2482,2324,2123,2725,2017,3406,2167,2237,3140,2242,3333
"2684468",4600,4336,4449,4003,4122,3974,3698,3784,3855,3505,3488,3283,3451,3320,3436,3249,3328,3141,3183,3199,3070,3099,2947,3993
"2107713",3391,2712,3916,3372,4595,2347,3030,2936,3476,2715,2925,2869,2589,3030,2897,2124,2079,1930,3028,2030,2596,2894,2006,1965
"2066",4480,4591,4173,4148,3967,4118,4019,3859,3697,3925,3769,3540,3569,3610,3469,3657,3451,3411,3358,3487,3391,3187,3179,3150
"273677",4498,4317,4591,3927,4463,3871,3382,3695,3544,3444,3390,3588,3166,3316,3315,3098,3102,3028,3508,2869,3013,3460,3027,3155
"2608999",4574,4324,3568,3450,3504,3688,2518,3636,2474,2409,2408,3365,2163,2589,2395,2523,3075,2486,3162,2454,2373,3229,2550,2824
"555315",4570,3426,3950,3433,3839,3380,1948,3482,1985,1903,1857,3380,1741,1809,1842,1753,2257,1681,3248,1721,1865,2818,1876,2508
"362257",4564,4398,4510,4193,4311,3926,3833,3618,3768,3786,3495,3458,3444,3471,3652,3245,3309,3252,3392,3179,3255,3104,3102,4431
"285578",4433,4559,4005,4242,4148,4343,4229,3958,4097,4028,3923,3532,3637,3612,3747,3707,3647,3600,3444,3517,3478,3374,3330,3097
"31958",4558,4146,3882,3916,3870,4020,4086,3790,3700,3682,3681,3596,3440,3452,3521,3324,3137,3288,3307,3249,3237,2775,3076,3645
"1896961",4446,4557,3881,3979,3932,3925,3982,3727,3700,3729,3701,3456,3364,3477,3485,3532,3219,3220,3244,3221,3248,3105,3125,3217
"2116657",4081,3388,3353,3074,4552,2836,1761,4129,1660,1672,1600,2588,1410,1561,1628,1643,2408,1717,2727,1688,1610,3122,1668,2002
"2716812",4493,4549,4095,4165,3683,4116,3869,3671,3786,3784,3794,3270,3504,3475,3474,3497,3498,3605,3077,3327,3346,3137,3262,2894
"1298",4354,4533,3891,3814,3884,4077,3406,3608,3250,3286,3153,3660,2801,2976,2897,3214,3445,3139,3208,3160,3013,3430,3260,2923
"158892",4528,2060,3143,1962,4090,1957,1153,2369,1048,863,866,1592,1024,1080,1121,728,815,478,2423,513,933,1788,459,1085
"2654191",4387,4520,4464,4299,4135,4181,4215,3731,3963,4130,3952,3546,3616,3702,3727,3710,3460,3598,3370,3413,3694,3224,3453,3140
"2717324",4466,4519,4131,4102,4050,4058,4148,3695,4039,3795,3838,3561,3591,3734,3570,3540,3419,3483,3415,3433,3392,3297,3268,3089
"2014887",4517,3430,2986,3170,3051,3085,1945,3237,1886,1977,1971,2695,1746,1977,1975,1956,2555,1968,2469,1978,1955,2721,1987,2172
"1286180",4513,4356,3893,3909,3696,3842,3594,3624,3369,3377,3379,3289,3249,3229,3221,3086,2986,2970,3104,3132,3039,3035,2879,3100
"1678",4226,4509,3970,3932,3891,3918,3520,3649,3427,3396,3292,3352,2914,3211,3171,3339,3507,3134,3187,3247,2943,3281,3153,2913
"648995",3556,1837,2378,1609,4507,2174,980,2167,922,962,1054,1331,894,977,858,959,1062,865,1482,894,917,1368,1024,1352
"2653200",3887,4505,4086,3619,3908,4069,3219,3543,3487,3174,3072,3292,2978,2994,2926,2976,3321,2885,3165,2909,2787,2817,2745,2880
"50338",4505,3576,3317,3479,3459,4151,1872,3658,1668,1716,1822,3310,1577,1745,1695,1701,2478,1656,2937,1636,1613,2676,1752,2581
"39960",3811,3760,3691,3370,4500,3377,2831,3593,2798,2586,2793,3690,2287,2586,2502,2174,2478,2132,3532,2013,2328,2957,2077,2519
"439387",4496,4415,3766,3592,3997,4345,2931,3856,2890,2868,2784,3592,2534,2738,2807,2815,3122,2681,3228,2708,2558,3015,2916,3190
"76116",4495,4483,3776,3642,3599,4041,2847,3766,2676,2665,2765,3651,2502,2880,2662,2769,3480,2770,3228,2759,2805,3360,2954,2976
"2026199",4471,4493,3636,3675,3706,3876,2835,3759,2735,2599,2621,3380,2386,2640,2580,2722,3210,2678,3108,2610,2589,2993,2791,2815
"2493669",4141,3642,3950,3600,4493,3782,2462,3474,2548,2348,2305,3598,2158,2319,2345,2045,2587,1961,3202,2015,2216,2949,2104,3253
"307486",4488,4215,3440,3347,3323,3672,2398,3688,2231,2186,2092,3254,2006,2269,2265,2326,3279,2285,2944,2329,2260,3158,2389,2550
"2908837",4404,3722,4327,3514,3897,4487,3015,3320,3078,2889,2819,2948,2661,2992,2898,2491,2621,2557,3708,2562,3295,3781,2550,4477
"120107",3355,2576,3537,2764,4484,2443,1591,3157,1288,1577,1607,2490,1417,1331,1253,1334,1686,1212,3142,1197,1286,2581,1198,1823
"2981134",4483,4173,3989,3885,4270,3805,3578,3857,3605,3452,3607,3485,3083,3327,3274,3077,3098,2924,3311,2967,3063,3055,2973,2653
"66425",4260,4470,4030,4041,3951,3903,3916,3585,3876,3784,3714,3431,3447,3382,3577,3406,3273,3358,3280,3380,3213,3179,3202,2952
"2283195",4342,4453,4230,4203,4027,4041,4145,3615,4119,4000,3909,3423,3724,3810,3822,3639,3328,3494,3365,3312,3397,3169,3180,2882
"2304600",4449,4400,3987,3831,3906,4170,3224,3745,2960,3077,3211,3664,2874,2928,2903,3006,3434,2909,3285,2986,2738,3307,3069,3245
"2762748",3771,3807,3862,3247,4448,3580,3098,3540,2685,2934,3195,3366,2588,2594,2514,2523,2436,2392,3449,2397,2487,3013,2291,2592
"267128",3848,3586,3547,2935,4447,3279,2630,3146,2210,2396,2635,3098,2243,2276,2155,2079,2212,1939,3140,2042,2029,2849,1950,3491
"666685",3985,3750,3678,3301,4442,3630,2749,3518,2601,2470,2559,3165,2301,2607,2477,2409,2760,2438,3264,2457,2424,3299,2455,2796
"1936990",4441,3506,3957,3529,3899,2863,3133,3317,2897,3140,3202,3059,2389,2963,2748,2390,2653,2226,3573,2409,2697,3269,2613,2199
"212765",4439,4233,3730,3712,3685,3952,3517,3442,3448,3336,3210,3197,3129,3133,3000,3169,3123,2947,3138,2957,2927,2822,2813,3037
"2282738",4439,4383,4039,4028,3824,4088,4098,3767,3819,3757,3769,3489,3399,3467,3580,3499,3316,3187,3183,3270,3284,3159,3197,2938
"3061628",4438,3656,3789,3500,4310,3460,3221,3733,3125,2955,2965,3164,2901,2916,2844,2574,2763,2516,3309,2549,2749,2978,2414,2442
"29303",4276,4437,4102,4267,3971,3940,3869,3720,3851,3692,3601,3532,3623,3521,3429,3636,3304,3479,3269,3327,3401,3139,3317,2943
"2964669",4437,4273,4136,4066,3901,3946,3843,3527,3839,3755,3633,3424,3578,3268,3426,3302,3158,3340,3195,3212,3190,3033,3148,3066
"2720714",4417,4434,4228,4191,4042,3767,3922,3646,3982,3913,3923,3538,3631,3561,3611,3402,3407,3437,3313,3289,3463,3246,3294,2902
"2782662",4432,3991,3443,3198,3742,3849,2551,3419,2561,2469,2332,3363,2324,2507,2451,2524,2696,2280,3089,2373,2520,2737,2329,2737
"1764",4407,4428,4008,3918,3973,4039,3624,3544,3548,3502,3578,3432,3321,3492,3220,3252,3409,3163,3273,3155,3221,3123,3105,3010
"3018339",4426,4299,3955,3878,4037,3956,4158,3824,4148,3933,4058,3404,3711,3758,3848,3415,3076,3328,3421,3400,3612,3225,3017,2697
"2917725",4336,4422,4052,4239,3939,3874,4128,3799,4019,3851,3920,3470,3665,3630,3767,3372,3408,3495,3179,3383,3314,3115,3316,2932
"1488356",4420,4340,3999,4081,3975,3939,3845,3758,3978,3726,3587,3478,3503,3520,3356,3445,3387,3331,3225,3172,3338,3330,3319,3049
"1149133",4408,3458,3415,2489,2929,2209,1624,2855,1616,1576,1661,2478,1429,1502,1518,1592,1808,1511,3620,1562,1533,2850,1587,1728
"2600159",4407,2226,3457,3562,3963,2292,2030,2602,1831,1899,1806,3408,1787,1705,1881,1675,2086,1489,2943,1465,1641,2646,1527,1924
"1758194",3830,3784,3150,3174,3296,3408,2377,3358,2263,2237,2401,2905,2096,2220,2274,2424,2724,2306,2829,2343,2290,2935,2403,4406
"692370",3039,3373,3346,2908,4399,2867,2527,2931,2407,2269,2485,3327,2038,2330,2270,1788,2091,1697,3394,1656,2278,2701,1576,2236
"372663",4166,4396,3924,3905,4010,3699,3644,3578,3618,3499,3696,3453,3266,3398,3469,3399,2995,3027,3237,3015,3259,3059,3177,3019
"83614",1867,1648,2429,1647,4396,1619,1350,2009,1382,1102,1429,2078,1179,1541,1281,920,1014,937,2371,893,1273,2250,903,1287
"2493680",3867,3140,3635,3322,4393,3121,2134,3338,2299,2070,2174,3210,1916,2146,2139,1976,2322,1770,3036,1762,2058,2768,1851,2888
"82380",4393,3846,4214,3522,4361,3719,3188,3298,3223,3136,3048,3115,2915,3148,3075,2774,2913,2734,3167,2617,2955,3188,2728,3022
"146017",4348,2778,3778,2445,4385,3338,2171,2697,2310,2111,2035,2185,2022,2397,2311,1690,1668,1556,2595,1628,2421,3152,1461,2357
"121428",3186,2364,3226,2398,4382,2241,1411,2848,1255,1332,1394,2552,1255,1173,1153,1164,1614,1066,2979,1041,1117,2418,1092,1697
"2282523",4096,4380,3830,3665,3748,3917,3105,3430,3178,3030,3030,3247,2900,3028,2933,3037,3148,2899,3213,3040,2772,3149,3030,3075
"2493675",3908,3392,3608,3367,4379,3515,2229,3447,2422,2074,2112,3319,2002,2283,2210,1800,2347,1843,3214,1866,2047,2810,2000,2948
"1323731",4290,4378,4125,4159,3932,3973,3856,3664,3727,3616,3684,3442,3386,3395,3588,3502,3442,3464,3261,3269,3286,3117,3270,2908
"2972485",3756,3657,3570,3274,4373,3476,2800,3399,2353,2562,2869,3189,2497,2308,2217,2276,2343,2042,3272,2145,2282,2877,1973,2477
"2758442",4371,4336,4096,4266,4091,3951,4177,3714,3967,3931,4235,3385,3838,3805,3761,3718,3317,3556,3303,3337,3577,3210,3390,3115
"3004092",4204,4367,4098,4263,4018,4094,3922,3734,3719,3674,3620,3504,3422,3505,3540,3474,3486,3369,3242,3359,3201,3242,3091,3055
"51201",4285,4364,3852,4007,3756,3879,3913,3571,3662,3870,3632,3418,3381,3395,3536,3423,3439,3237,3093,3372,3184,2974,3298,2881
"2890321",3810,3709,3585,3217,4360,3384,2906,3477,2446,2746,2952,3256,2384,2496,2272,2378,2376,2206,3388,2216,2387,2725,2124,2554
"632569",4322,4360,4010,3913,3865,4017,4109,3827,3849,3810,3780,3544,3492,3602,3536,3507,3252,3442,3184,3397,3406,3114,3311,3069
"341045",4359,2663,2274,2645,2526,2319,1375,2723,1391,1431,1392,1967,1218,1453,1409,1468,1945,1371,1898,1406,1381,2024,1449,1678
"2338327",3236,3317,3569,2940,4358,3041,2481,3098,2358,2417,2461,3199,1980,2255,2204,1921,2074,1737,3272,1746,2226,2633,1688,2271
"67267",3953,3930,3754,3621,3508,3507,3700,3395,3269,3690,3337,3216,4355,3169,3265,3207,2982,3014,2951,2877,2888,2874,2932,2667
"2589903",3874,3297,3889,3365,4349,3553,2349,3508,2322,2158,2196,3309,2051,2329,2204,1873,2392,1839,3315,1806,2107,2929,1859,3040
"3030210",4158,4347,3972,4141,4036,3905,3914,3624,3865,3727,3696,3268,3544,3524,3492,3434,3276,3393,3198,3267,3187,3046,3208,2886
"2801029",4342,4265,3908,3981,4161,3787,3134,3942,3487,3056,2993,3479,2936,3046,2921,2575,2918,2666,2981,2568,2731,3122,2603,2755
"680247",4341,3273,3574,3268,3724,3158,2088,3375,2116,2031,1952,3678,1816,2009,1934,1842,2347,1695,2807,1765,1895,2493,1799,2415
"2880934",3684,3133,3685,3168,4337,3196,2194,3326,2226,2062,1947,3160,1876,2306,1976,1708,2208,1712,3045,1773,2018,2894,1824,2989
"450378",3605,3643,3559,3084,4326,3305,2483,3410,2383,2380,2494,3491,2234,2398,2252,2066,2484,2087,3255,2071,2168,2798,1982,2654
"2904790",3988,4320,4087,3869,3685,3672,3864,3482,3692,3596,3742,3310,3381,3479,3500,3310,3149,3225,3135,3170,3382,3193,3159,2868
"2944810",4262,4310,3569,3211,3413,3733,2901,3648,2855,2750,2701,3481,2477,2858,2991,2770,3359,2798,3093,2833,2946,3376,2857,2817
"67367",4054,4069,4045,3731,3958,3505,3514,3434,3415,3413,3321,3054,3091,3184,3255,3043,2976,2950,3059,2913,3117,2966,2907,4309
"36809",3008,3001,2579,2581,2648,4307,2376,2454,2167,2231,2158,2338,2055,2129,2145,2083,2176,2101,2288,2115,2139,2188,2163,2212
"1796921",4304,3335,2733,3162,3012,2896,1557,3899,1593,1469,1456,3108,1286,1516,1478,1506,2346,1424,2548,1466,1534,2825,1588,2054
"2126346",4302,4172,3941,4163,3731,3874,3795,3463,3802,3659,3809,3433,3535,3429,3632,3439,3282,3349,3257,3412,3324,3070,3261,2756
"3009077",4300,3896,4170,3984,4214,3246,3844,3510,3732,3594,3702,3447,3326,3457,3381,2967,2957,2837,3132,2652,3290,3185,2793,2595
"1914525",3164,2874,3037,2292,4083,3149,1841,2606,1561,1712,1922,2389,1611,1503,1495,1546,1718,1361,2694,1325,1475,2195,1354,4295
"402297",4109,3794,4256,4135,4289,3266,3986,3712,4000,3643,3934,3373,3463,3487,3600,2920,2867,2867,3165,2789,3335,3297,2973,2761
"2016596",4139,4287,3697,3462,3532,3798,2769,3732,2872,2744,2795,3439,2487,2986,2778,2844,3258,2760,3201,2823,2690,3311,3067,2868
"426",3969,4285,3684,3501,3681,3926,3030,3394,2813,2950,2900,3424,2586,2823,2772,2962,3210,2865,2904,2881,2700,3021,2790,2896
"2865839",4025,3434,3722,3375,4279,3483,2204,3406,2249,2128,2176,3303,2054,2137,2025,1902,2412,1643,3118,1717,2057,2910,1788,2997
"2082188",3084,2501,3350,2415,4277,2250,1524,2840,1275,1366,1418,2528,1307,1324,1138,1220,1516,1135,2897,1171,1194,2296,1096,1685
"2578107",4273,2211,3253,3298,3879,2043,1861,2543,1643,1760,1710,3394,1622,1623,1613,1398,1902,1379,2793,1426,1581,2505,1389,1827
"2662028",3716,3210,3745,3535,4273,2775,3239,3093,3470,3114,3327,3052,2865,3109,3085,2407,2380,2448,2965,2349,2785,2838,2236,2206
"318424",4270,4224,3784,3736,3528,3777,3602,3387,3245,3438,3214,3185,3160,3242,3224,2893,3010,2882,2992,2862,2838,3083,2815,2854
"67581",4266,3179,3220,3502,3692,2852,3334,2943,3151,3153,3128,2752,2926,2951,3290,2556,2450,2425,2727,2438,2596,2586,2344,2174
"3028312",4264,3498,2818,3043,3063,2863,1975,3055,1978,1807,1978,2579,1653,1844,1775,1918,2364,1853,2334,1933,1831,2525,2024,2068
"2040",3476,2508,3609,3253,4260,2213,2990,2779,3138,2777,2810,2775,2619,2801,2732,1971,1947,1907,2781,1881,2455,2720,1884,1962
"2566013",4134,4248,3825,4035,3866,3762,3986,3524,3849,3689,3668,3350,3363,3315,3402,3419,3189,3204,3251,3164,3239,3114,3143,2882
"1752398",4240,3445,3388,3680,3391,3105,2245,3361,1914,2049,1976,3237,1888,1975,1882,1823,2426,1929,2738,1827,1801,2507,1845,2426
"185951",3642,3540,3477,3117,4239,3380,2781,3252,2384,2718,2764,3185,2386,2394,2262,2370,2401,2158,3230,2136,2256,2677,2129,2576
"1225128",4028,4238,3387,3592,3495,3976,3131,3383,3051,2884,2966,3182,2731,2737,2745,2948,3105,3010,2993,2955,2629,2918,2905,2936
"2942449",4237,4017,3844,3784,3746,3724,3636,3527,3479,3449,3491,3156,3255,3248,3213,3183,3063,3074,2962,3080,3223,2950,3086,2891
"2969247",3875,3224,3856,3582,4236,2759,3379,3219,3585,3050,3227,3143,3049,3168,3089,2471,2455,2378,3055,2312,2900,2911,2223,2217
"671077",3938,4235,3668,3878,3598,3894,3460,3402,3320,3343,3311,3436,2946,3130,2999,3283,3596,3320,3016,3318,2922,3112,3233,3075
"2742135",3799,4233,3556,3636,3676,3674,3576,3375,3396,3478,3440,3004,3117,3197,3188,3283,2973,3148,2986,3055,2977,2870,2906,2771
"2867012",4166,4230,3855,4034,3811,3983,3536,3620,3336,3346,3418,3345,3041,3084,3058,3215,3189,3051,3312,3201,3008,3038,3225,3032
"2978974",4224,3517,3371,3033,3733,3458,2348,3218,2134,2168,2167,2916,2008,2008,2012,1991,2482,1962,2772,1938,2005,2486,2034,2582
"1513",3973,3969,2123,4222,2517,3685,169,3841,85,187,499,2863,131,217,222,54,2544,380,1461,168,182,1498,162,2446
"3034358",4128,4222,3541,3308,3436,3667,2525,3508,2595,2441,2465,3325,2197,2511,2486,2484,3366,2513,2936,2697,2375,3059,2682,2682
"48935",3506,3549,3332,2889,4217,3178,2195,3200,2003,2032,2266,3152,1854,1936,1889,1678,2129,1612,3136,1572,1905,2658,1666,2238
"2657486",3419,2649,3280,3163,4215,2796,1804,3572,1663,1675,1652,2905,1549,1603,1576,1469,1910,1527,2804,1426,1515,2444,1445,2080
"1914",4209,4117,3848,3891,3785,3937,3676,3499,3491,3574,3522,3369,3212,3273,3316,3268,3234,3167,2995,3300,3090,2934,3113,2941
"3033811",3500,3614,3396,3325,4208,3187,3329,3104,3124,3067,3045,2804,2872,2941,3026,2828,2647,2737,2768,2654,2710,2587,2641,2529
"76862",4205,4156,3879,3985,3845,3822,3938,3415,3671,3569,3532,3312,3425,3420,3344,3389,3239,3209,3223,3159,3191,3120,3098,2936
"1226757",4045,4203,3824,3710,3782,3819,3583,3480,3524,3541,3651,3387,3268,3264,3426,3273,3077,3227,3033,3176,3082,3052,3003,2819
"2833628",4200,4088,3956,4008,3720,3566,3805,3600,3693,3597,3501,3324,3451,3555,3329,3414,3154,3239,3011,3005,3209,2977,2940,2864
"630515",4193,4148,3930,3962,3977,3531,3779,3521,3789,3447,3586,3299,3267,3491,3357,3105,3102,3047,3069,3008,3265,2965,2982,2749
"68214",4183,4193,3999,3869,3919,3589,3490,3434,3423,3498,3376,3316,3180,3207,3210,3062,3048,2947,3262,3043,3011,3105,2893,2834
"2820278",4043,4192,3481,3731,3781,3992,3028,3431,2911,3011,2970,3481,2712,2759,2726,2838,3219,2837,3018,2883,2731,3159,2945,3117
"2986947",1539,720,4190,635,2690,623,404,652,475,436,412,548,385,428,425,415,530,416,1256,431,521,2579,399,451
"2714844",4189,3583,3823,3386,3854,3242,3302,3340,3219,3095,3095,2990,3014,2828,2995,2706,2648,2695,2974,2520,2622,2657,2462,2337
"2751189",4187,3981,3796,3808,3666,3609,3600,3395,3371,3579,3434,3315,3260,3147,3201,3205,2967,3153,2996,3016,2944,2876,2847,2714
"2571748",4147,4186,3518,3426,3467,3724,2789,3666,2759,2609,2586,3228,2256,2698,2665,2621,3249,2660,2978,2602,2588,3147,2849,2772
"75105",4182,4158,3497,3315,3465,3664,2661,3467,2557,2520,2360,3165,2375,2629,2516,2686,3036,2542,2955,2614,2424,3170,2791,2769
"551760",4181,4154,3689,3406,3566,3656,2702,3409,2798,2623,2601,3244,2329,2781,2711,2691,3211,2742,2991,2578,2613,3114,2716,2694
"150026",4179,4132,3912,3790,3868,3767,3570,3546,3550,3498,3443,3259,3217,3167,3285,3076,3137,3096,3220,2817,3073,3238,3067,2872
"36813",4114,4064,4111,3558,4121,3728,3045,3284,4167,2926,2921,2878,2743,3696,3884,2729,2732,2598,3474,2564,3154,3062,2639,2783
"2981135",4166,3897,3700,3637,3738,3519,3562,3389,3270,3282,3277,3144,3090,3087,3060,2904,2917,2920,3026,2939,2866,2789,2806,2513
"85025",4131,4166,3902,3822,3767,3705,3614,3722,3564,3288,3447,3211,3207,3309,3279,3187,3092,3102,3039,3086,3140,2971,2932,3116
"1552759",4154,4161,3764,3861,3618,3864,3537,3451,3314,3400,3259,3293,3260,3121,3111,3077,3043,3076,3050,2993,3051,2867,2917,2943
"1859",3788,4159,3695,3649,3521,3730,3331,3160,3557,3313,3283,3157,3097,3061,3204,3338,3056,3157,2840,3094,3005,2876,3063,2648
"651",1390,2200,1267,4159,1086,1074,788,960,867,810,793,947,796,832,940,795,897,729,889,840,815,936,811,772
"173860",3952,4150,3733,3637,3779,3677,3681,3527,3493,3536,3607,3412,3283,3321,3269,3306,3214,3215,2890,3083,2986,2899,2920,2642
"68200",3774,3868,3461,3456,3444,3470,3574,3163,3279,3640,3304,3071,4149,3048,3031,3054,2939,2846,2800,2963,2872,2859,2672,2539
"344163",3665,3269,4145,3076,4002,2882,2565,2937,2646,2456,2407,2560,2335,2551,2693,2133,2116,2015,2916,2046,2527,2923,2053,2742
"2962064",2934,2219,3335,2174,4143,2231,1852,1988,2132,1706,1646,1767,1653,2322,2245,1510,1560,1413,3399,1456,2964,2272,1469,2032
"2782659",3447,3481,2515,2348,2509,4140,1850,2695,1752,1792,1764,2460,1799,1756,1930,2147,2070,1965,2057,2056,1780,1914,2522,3016
"92647",4066,4135,3360,3118,3366,3555,2533,3316,2445,2395,2404,3054,2255,2507,2548,2581,2977,2583,2992,2576,2494,3046,2695,2734
"1416806",4132,4120,3479,3251,3466,3612,2606,3454,2624,2609,2483,3115,2287,2708,2590,2692,3177,2651,3140,2678,2622,3131,2713,2602
"1800",4070,4131,3515,3523,3314,3704,3165,3237,3330,3087,3108,2979,3041,3050,2968,2886,2877,2768,2780,2816,2731,2664,2761,2761
"3068893",4034,4130,3434,3549,3409,3879,2839,3396,2717,2906,2711,3372,2618,2666,2636,2994,3341,2919,2793,2888,2590,3188,3048,2922
"1002689",4129,4018,3651,3281,3593,4010,2757,3287,2679,2692,2499,3381,2454,2723,2617,3051,3439,2923,2842,3002,2506,3235,3148,3167
"2932247",3908,4127,3748,3771,3637,3714,3359,3226,3350,3242,3479,3202,3045,3058,3175,3055,3177,3104,2878,3008,2876,3098,3014,3194
"121719",3854,4124,3517,3415,3601,3839,2792,3644,2733,2635,2818,3324,2385,2572,2450,2580,2956,2626,2995,2551,2443,2955,2649,2962
"1810504",3819,4123,3423,3247,3406,3756,2633,3491,2667,2540,2487,3262,2232,2613,2602,2662,3018,2427,3005,2598,2513,3084,2760,2713
"1644131",4120,2194,2145,2565,2579,1816,1319,2226,1213,1295,1171,1782,1086,1234,1224,1321,1635,1238,1695,1340,1274,1801,1327,1336
"1911",4007,4119,3655,3694,3681,3838,3427,3362,3469,3346,3425,2988,3247,3204,3067,3156,2978,3238,3003,3036,2907,2987,3029,2714
"2755382",4103,4117,3609,3702,3683,3519,3317,3501,3239,3246,3121,3072,2962,2945,3054,3068,2864,2778,2858,2787,2783,2825,2866,2776
"2049881",4116,3594,3951,3561,3995,3289,3222,3534,3152,3110,3064,3091,2916,2914,2919,2752,2894,2660,3091,2666,2728,3073,2544,2409
"1197460",4113,4079,3668,3510,3660,3855,2651,3721,2501,2500,2506,3510,2185,2571,2422,2406,2689,2377,2975,2428,2366,2818,2475,3158
"280236",3972,4113,3803,3736,3686,3637,3794,3349,3507,3474,3490,3227,3266,3272,3172,3230,3267,3112,3033,3145,3145,2868,3040,2756
"2992140",3946,4113,3547,3525,3438,3919,2679,3474,2696,2666,2602,3459,2352,2542,2491,2639,2738,2524,2908,2536,2473,2766,2738,2927
"863372",4113,2848,2498,2671,2722,2516,1640,2939,1568,1494,1405,2266,1331,1624,1631,1500,2077,1527,2090,1483,1538,2172,1533,1727
"2742136",4112,3990,3933,3916,3976,3633,3659,3555,3562,3576,3405,3348,3330,3338,3346,3307,3120,3084,3148,3116,3143,3011,3004,2824
"36818",4112,3979,3799,3757,3649,3644,3695,3436,3389,3479,3522,3278,3217,3148,3140,3186,3156,3156,3025,3132,3101,3046,2836,2879
"71433",3831,3451,3491,3237,4111,3350,2299,3353,2129,2045,2108,3116,1934,2083,2112,1949,2469,1864,3004,1873,2015,2843,1962,2709
"134601",3642,3227,2893,2994,2970,4106,2557,2813,2452,2460,2363,2362,2462,2333,2295,2298,2332,2051,2290,2185,2156,2419,2116,2322
"2867005",3790,4102,3280,3419,3111,3365,3012,2948,2922,2823,2820,2767,2747,2813,2802,2713,2596,2557,2700,2568,2617,2525,2496,2562
"165301",3706,4063,2918,3025,2643,3814,2248,4100,1628,2138,2047,3114,2089,1625,1436,1619,2640,2175,2425,1892,1731,1653,1810,2865
"1977088",4078,4093,3985,3711,3838,3684,3620,3421,3705,3478,3460,3203,3347,3313,3239,3297,3156,3194,2983,3052,3070,2933,3033,2854
"2585716",4090,4069,3943,3878,3809,3635,3839,3438,3564,3666,3645,3229,3386,3331,3278,3230,3143,3066,3158,3235,3249,3102,3016,2983
"1249101",4034,4088,3383,3505,3476,3642,3006,3301,3354,2900,2888,2888,2864,2992,3056,2528,2610,2260,2954,2479,2665,2587,2409,2535
"1484109",3631,4087,3326,3315,3280,3583,2906,3150,2758,2820,2771,3011,2578,2661,2552,2850,2808,2633,2792,2634,2474,2884,2612,2616
"748811",3908,4086,3430,3107,3243,3563,2502,3381,2631,2520,2441,3180,2130,2754,2697,2538,3155,2554,2991,2584,2565,3284,2816,2601
"1325112",4080,4071,3352,3403,3495,3888,2641,3483,2614,2503,2465,3348,2305,2404,2510,2530,2822,2449,2803,2447,2370,2909,2453,2913
"709883",4078,4043,4011,3762,3665,3658,4011,3443,3897,3720,3711,3236,3535,3684,3594,3262,2818,3169,3133,3099,3383,3074,2964,2718
"106370",3778,4077,3647,3705,3269,3641,3538,3255,3311,3243,3292,3088,3028,3036,3044,3106,3105,3117,2832,3011,2841,2730,2910,2533
"2509457",4076,4036,3802,3684,3801,3643,3631,3403,3445,3265,3209,3216,3057,3070,3351,3197,3026,3051,3015,2976,3014,2951,3051,3086
"2171623",3894,4072,3695,3703,3523,3567,3501,3242,3358,3274,3212,3171,3144,3219,3152,3128,3079,3096,2812,3010,2996,2967,2926,2597
"152480",3819,4068,3243,3141,3223,3537,2624,3195,2566,2520,2522,3082,2318,2530,2457,2487,2904,2540,2782,2533,2450,2809,2646,2581
"38300",3669,3527,3852,3404,4064,3122,3207,3140,3496,3145,3124,2829,3058,3347,3774,2781,2620,2730,2797,2545,2895,2702,2430,2498
"709810",3689,4061,3257,3332,3314,3663,2823,3095,2754,2842,2786,2870,2547,2644,2616,2794,2886,2658,2740,2668,2566,2679,2684,2748
"2949637",4059,3585,3519,3405,3605,3269,3142,3304,3014,3093,2964,2867,2807,2925,2940,2951,2780,2749,2843,2703,2762,2728,2558,2524
"2692234",3905,4058,3765,3879,3874,3739,3498,3336,3517,3222,3464,3169,3127,3126,3295,3068,3115,3045,2961,2976,3063,3020,2956,2763
"3024246",3916,4058,3568,3647,3723,3507,3441,3484,3336,3339,3334,3147,3117,3142,3153,3077,2923,2842,2957,2836,2860,2865,2841,2670
"547",4054,2990,3283,3115,3441,2814,1985,2700,1973,1939,1885,2340,1753,1980,1888,1926,2285,1950,2262,1920,1874,2468,1985,2085
"46351",4020,4053,3349,3619,3461,3669,3078,3286,3122,2993,3069,3003,2835,2890,2853,2825,2868,2753,2849,2680,2801,2785,2651,2742
"1658671",3995,4051,3831,3935,3700,3501,3802,3476,3580,3492,3644,3197,3289,3408,3369,3139,3054,3059,3111,2975,3098,3100,3002,2604
"1404864",4042,4049,3212,3215,3446,3722,2414,3353,2516,2425,2448,3199,2307,2399,2520,2525,2683,2432,2834,2462,2335,2736,2584,2872
"2585135",4047,3930,3796,3901,3798,3569,3514,3308,3568,3481,3583,3127,3223,3290,3389,3204,3189,3100,3098,3047,3200,3006,3050,2677
"2483401",3715,3320,4045,3205,3814,3118,2905,2922,2853,2713,2602,2767,2650,2700,2784,2383,2363,2252,2981,2229,2609,2864,2442,2776
"1609758",3374,3255,3228,2806,4041,2986,2093,3098,1911,2113,2184,2910,1800,1927,1925,1847,1968,1726,3010,1712,1947,2530,1778,2327
"2721173",4040,3977,3755,3570,3868,3532,3498,3458,3356,3307,3356,3252,3131,3029,3113,3023,3037,3123,3033,3069,2984,2892,2711,2733
"202862",3498,3623,3485,3393,4039,3267,3285,3073,3176,3110,3060,2794,2895,2943,2969,2915,2732,2971,2751,2718,2721,2644,2662,2501
"359",4038,3006,2846,2689,2922,2958,1816,2789,1748,1752,1635,2535,1499,1766,1783,1757,2053,1566,2463,1678,1546,2127,1661,2381
"652764",3617,4027,3410,3215,3246,3563,2736,2957,2806,2549,2657,3014,2486,2650,2616,2610,2898,2535,2775,2494,2432,2636,2616,2652
"80866",3796,3180,2923,2830,4025,2588,1675,3724,1583,1515,1534,2467,1353,1625,1506,1652,2130,1647,2393,1563,1546,2665,1667,1940
"2714923",3196,2545,2588,2329,4024,2127,1264,3754,1169,1234,1217,1949,1084,1203,1112,1304,1764,1195,2076,1199,1275,2584,1237,1597
"2987751",4005,3996,3822,3961,3736,3670,4021,3386,3783,3689,3661,3338,3481,3390,3424,3447,3251,3321,3008,3155,3187,3080,3054,2725
"321983",4021,1915,2079,2502,2679,1631,1097,2216,1072,1046,1023,1504,933,1105,1120,1106,1343,1063,1630,1104,1104,1632,965,1027
"1176198",3777,4016,3613,3733,3690,3560,3625,3323,3441,3475,3535,3138,3315,3327,3243,3143,3091,3163,2879,3099,3076,2934,2857,2694
"3049070",3556,3473,4009,3004,3781,3109,2575,2701,2742,2569,2468,2582,2385,2549,2744,2163,2137,2041,2979,2121,2483,2740,2091,2640
"2748629",4008,3893,3495,3286,3573,3792,2602,3479,2529,2502,2375,3172,2273,2592,2476,2472,2812,2377,2950,2505,2493,2841,2565,2936
"43057",3806,4005,3296,3627,3407,3517,3029,3124,2861,2907,2959,2980,2663,2627,2618,2836,2717,2705,2928,2654,2586,2740,2643,2689
"3004094",3928,4004,3968,3610,3853,3746,3450,3457,3516,3506,3345,3516,2949,3347,3236,3026,3344,3057,3113,3041,2950,3324,3030,2743
"65496",3990,3949,3512,3757,3368,3679,3648,3445,3539,3420,3349,3122,3079,3311,3249,3100,2973,3081,2824,3142,2897,2830,2883,2671
"3075605",3491,3324,3109,2885,3989,3064,2501,3019,2154,2438,2412,2873,2212,2156,1935,1975,2252,1898,2884,1942,2045,2382,1822,2215
"1050370",3988,3508,3104,2960,2904,3088,2026,3168,1905,1819,1914,2813,1715,1852,1917,1909,2612,2005,2663,1920,1898,2693,2020,2299
"480035",3946,3987,3761,3705,3655,3549,3414,3433,3369,3279,3407,3141,3136,3111,3140,3059,2963,3022,2851,2951,2919,2859,2874,2815
"2170729",3664,3985,3270,3431,3193,3696,2775,2924,2459,2829,2726,3067,2347,2496,2429,2589,3395,2633,2592,2521,2138,2747,2786,3218
"228602",3985,3950,3655,3643,3624,3707,3322,3392,3105,3038,3203,3179,2965,3074,3049,2946,3058,2924,2964,2954,2898,2854,2888,2578
"2775404",3869,3526,3795,3800,3982,3556,2341,3399,2307,2270,2265,3259,2135,2232,2180,2040,2579,1938,3197,2032,2061,2919,2170,2897
"237",3199,3976,3211,3046,2717,2290,715,2247,889,681,725,1949,557,1036,1145,676,1368,699,2527,746,920,2795,872,1756
"1828",3975,3874,3663,3523,3626,3374,3380,3326,3179,3334,3099,3195,2932,2982,3070,2896,2970,2826,2899,2802,2789,2955,2853,2751
"33903",3970,3712,3609,3489,3604,3303,3173,3307,3127,3067,3218,2981,2749,2793,2852,2912,2809,2681,2809,2759,2655,2780,2599,2441
"104336",3965,3264,3784,3134,3714,3045,2803,2890,2683,2543,2634,2738,2567,2665,2597,2490,2449,2328,2831,2287,2368,2709,2240,2568
"964",3964,2781,2403,2641,2706,2458,1633,2843,1659,1536,1559,2113,1310,1536,1669,1551,2063,1538,2094,1543,1473,2086,1551,1759
"3016086",3923,3961,3641,3563,3582,3594,3720,3214,3610,3457,3570,3115,3278,3297,3332,3046,2744,3062,2920,2875,3165,2784,2813,2581
"1841249",3788,3960,3548,3613,3425,3598,3366,3423,3335,3186,3204,3172,2967,3045,2999,2981,2834,3011,2979,2877,2787,2778,2813,2708
"68223",3957,3782,3509,3501,3435,3479,3322,3143,3252,3163,3137,3052,2961,2912,2983,3048,2759,2913,2692,2835,2663,2721,2631,2535
"111831",3687,3953,3437,3421,3343,3639,2829,3088,2772,2822,2834,3055,2504,2649,2571,2707,2913,2683,2888,2728,2615,2764,2714,2667
"2839983",3953,3429,3020,2977,2960,3098,1974,3044,1885,1839,1787,2647,1694,1843,1894,1947,2451,1873,2680,1888,1881,2612,1971,2175
"93220",3953,3819,3350,3098,3261,3505,2552,3152,2460,2336,2320,2975,2099,2307,2481,2439,2895,2466,2754,2396,2319,2887,2422,2397
"75697",3951,3927,3438,3130,3308,3291,2438,3388,2408,2272,2279,3028,2118,2476,2334,2470,2894,2372,2775,2330,2364,3000,2559,2509
"375549",3941,3314,3361,3406,3653,3017,2165,3234,2065,2060,2124,3208,1899,1996,2032,1909,2262,1854,2971,1837,2006,2534,1957,2429
"39692",3765,3940,3362,3457,3263,3626,3018,2997,2893,2962,2912,2815,2745,2821,2689,2604,2468,2535,2663,2565,2499,2616,2488,2668
"92645",3934,2875,2409,2636,2745,2470,1590,2656,1511,1517,1477,2239,1323,1675,1474,1513,2107,1510,2135,1532,1545,2013,1497,1708
"1701758",3454,3927,3251,3201,3302,3341,2729,3127,2591,2628,2580,2946,2406,2393,2405,2495,2760,2501,2805,2534,2318,2612,2492,2717
"2865838",3558,3354,3456,3105,3921,3360,2088,3129,2171,2083,2003,3089,1899,2134,2033,1936,2309,1835,2824,1915,2010,2667,1919,2915
"1759059",3304,3918,2646,2623,2504,3881,1785,3186,1868,1805,1878,3716,1511,1865,1697,1753,3344,1842,1982,1851,1793,2189,2178,2887
"3043847",3906,1948,3040,3139,3918,2066,1756,2245,1499,1588,1615,3139,1471,1437,1531,1298,1954,1152,2690,1338,1548,2548,1467,1931
"716925",3918,3198,3050,3287,3210,2929,1981,2992,1803,1838,1939,2870,1739,1850,1767,1700,2177,1733,2472,1728,1710,2348,1748,2064
"1072463",3594,3277,3917,3083,3792,3061,2611,2714,2712,2569,2549,2616,2327,2690,2641,2207,2248,2149,2880,2151,2387,2857,2152,2735
"3019602",3909,2515,2780,2779,2817,2569,1342,2738,1241,1274,1206,2435,1118,1134,1136,1168,1749,1101,2216,1079,1114,2045,1210,1848
"216929",3908,3864,3439,3402,3273,3449,3162,3154,3170,3011,2901,2877,2764,2850,2903,2946,2902,2610,2720,2678,2688,2734,2738,2765
"2731680",401,416,430,367,497,391,398,336,468,340,371,333,336,415,409,342,330,317,375,270,426,419,305,3908
"80869",3797,3281,2719,2698,3763,2510,1327,3908,1247,1222,1288,2302,1138,1256,1237,1308,2148,1302,2644,1373,1270,2587,1279,1630
"1911175",3778,3903,3569,3603,3442,3448,3558,3422,3258,3248,3299,3187,3030,3166,3193,2998,2968,2902,2886,2982,2920,2691,2838,2878
"399736",3843,3899,3608,3509,3481,3414,3341,3263,3214,3055,3153,3274,2882,2924,3107,2984,2962,2889,2911,2880,2797,2833,2869,2633
"571913",3898,3676,3645,3593,3567,3278,3379,3106,3387,3284,3163,3175,3053,3076,3086,2780,2920,2808,2971,2697,2811,2794,2673,2420
"114686",3894,3449,3677,3180,3737,3157,3000,3091,2979,2914,2933,2837,2815,2721,2586,2567,2622,2547,2854,2445,2460,2609,2328,2397
"3072793",3756,3894,3433,3522,3385,3662,2780,3160,2753,2683,2834,2983,2511,2645,2441,2719,2990,2523,2867,2631,2417,2711,2747,2887
"80679",3735,3894,3246,3173,3246,3526,2724,3271,2657,2592,2585,3088,2519,2751,2623,2645,3100,2601,2783,2688,2475,2968,2640,2557
"83627",3744,3893,3308,3126,3277,3703,2421,3366,2415,2336,2321,3208,2102,2415,2335,2353,2799,2314,2786,2364,2248,2713,2473,2667
"1843368",3057,2231,2852,2383,3891,2284,1365,2585,1173,1322,1375,2177,1137,1186,1025,1103,1505,1086,2608,1048,1152,2225,1075,1673
"3004093",3890,3873,3626,3790,3782,3530,3335,3398,3299,3207,3198,3085,3015,2963,3024,2945,2938,2715,2978,2783,2814,2847,2710,2585
"85693",3888,3634,3364,3193,3033,3416,2911,3065,2914,2773,2858,2685,2663,2660,2698,2638,2518,2461,2703,2475,2598,2528,2295,2648
"2571747",3613,3886,3189,3071,3055,3363,2342,3168,2334,2429,2307,2962,2060,2261,2286,2428,2813,2310,2688,2282,2288,2816,2374,2392
"1742992",3883,1862,2765,2643,3212,1813,1677,2050,1622,1631,1626,2507,1434,1442,1602,1378,1553,1292,2379,1380,1354,2070,1263,1470
"1852022",3832,3883,3452,3271,3606,3654,2766,3268,2604,2706,2695,3166,2456,2583,2438,2566,2811,2554,2955,2517,2287,2856,2633,2839
"1854",3781,3882,3346,3556,3219,3471,3205,3003,3313,3190,3115,2893,2791,2993,2949,3020,3034,2966,2785,2970,2768,2717,2786,2468
"2879846",3858,3821,3882,3656,3674,3562,3346,3315,3423,3378,3161,3103,3096,3093,3014,2971,2958,2954,3083,2903,2878,2910,2798,2547
"39695",3880,3429,3653,3232,3038,3730,2821,2899,2875,2845,2839,2680,2710,2676,2684,2480,2398,2455,2473,2357,2485,2463,2530,2851
"2483799",3813,3877,3621,3706,3517,3506,3641,3216,3452,3340,3369,3035,3044,3001,3184,3035,2977,3004,2722,2991,2836,2697,2905,2556
"41977",3731,3876,3145,2799,3123,3269,2393,3032,2445,2387,2382,3001,2094,2427,2499,2218,2808,2348,2721,2321,2302,2793,2502,2410
"1492898",2441,3874,3032,2462,2947,2439,1594,2087,1759,1305,1262,1874,1058,1644,1672,1344,1409,1206,2831,1397,1661,2652,1213,1898
"2590775",3864,1300,2781,2945,3392,1349,1101,1888,913,1055,950,3388,857,921,1017,776,1217,665,2379,758,859,2170,756,1299
"57043",3699,3543,3854,3290,3833,3274,2900,3066,2972,2786,2666,2932,2744,2760,2921,2600,2646,2462,2820,2459,2649,2766,2465,2635
"1386",3853,2217,2312,2020,2309,2156,1399,1915,1440,1315,1401,1680,1226,1584,1384,1112,1676,1227,1720,1290,1318,1915,1463,1636
"424800",3437,3130,3246,2770,3848,2964,2505,2994,2247,2397,2603,2797,2264,2113,2024,2006,2241,1847,2911,1834,2081,2456,1940,2211
"67287",3847,3744,3617,3643,3728,3452,3168,3338,3185,3025,2911,2973,2858,2815,2823,2722,2644,2575,2853,2688,2649,2616,2607,2525
"455344",3844,3808,3558,3485,3415,3485,3467,3229,3287,3217,3363,2842,3086,2950,3118,3073,2789,2882,2816,2996,2882,2833,2763,2645
"522",3654,3844,3275,3418,3224,3558,2936,3029,2733,2744,2814,3010,2569,2651,2579,2706,2944,2778,2789,2689,2473,2909,2823,2622
"1960",3823,3838,3526,3607,3424,3415,3254,3257,3231,3149,3114,2948,3019,2977,3009,2965,2902,2969,2762,2829,2916,2742,2861,2502
"279",3740,3837,3106,3219,3072,3421,2690,3053,2579,2442,2645,2883,2234,2493,2480,2540,2787,2474,2530,2475,2391,2663,2426,2662
"2072505",3836,3447,3308,3177,3665,2894,2960,3192,2806,2834,2714,2946,2756,2593,2628,2401,2456,2288,2636,2321,2374,2496,2174,2234
"3039155",3828,3834,3146,3085,3193,3676,2550,3212,2290,2349,2164,3040,2231,2300,2323,2321,2626,2298,2672,2335,2157,2636,2301,2648
"2861279",3830,1674,2901,2947,3572,1727,1553,2089,1453,1492,1380,2871,1282,1324,1327,1148,1614,1075,2493,1175,1152,2166,1135,1485
"279113",3824,2390,2092,2355,2443,2021,1236,2447,1275,1202,1199,1773,1126,1267,1272,1247,1690,1196,1701,1268,1233,1707,1266,1389
"1711",3773,3823,3574,3535,3489,3421,3447,3155,3425,3223,3381,3060,3063,3211,3165,3129,3020,2961,2983,2932,2945,2942,2798,2605
"1967",3694,3820,3471,3441,3428,3372,3279,3129,3124,3107,2954,2811,3013,2856,2895,2933,2930,2725,2614,2778,2652,2685,2749,2537
"67081",3362,2148,3050,1873,3820,2729,1844,2244,2016,1706,1669,1823,1719,2118,1842,1399,1390,1317,2155,1308,1970,3190,1344,1800
"2565555",3351,3312,3125,2820,3819,3133,2568,2898,2224,2402,2525,2888,2186,2196,1950,2002,2243,1822,2894,1930,2124,2519,1890,2206
"482462",3684,3445,3075,3190,3097,3817,2913,2952,2751,2758,2579,2700,2617,2620,2597,2483,2552,2325,2507,2401,2419,2609,2317,2482
"2029849",3540,3816,3330,3369,3277,3509,2765,3135,2762,2783,2849,2883,2481,2627,2541,2618,2850,2619,2802,2488,2593,2793,2579,2671
"2995154",3804,1868,1870,2365,2347,1552,1037,2133,1110,997,990,1490,981,1022,1048,1046,1329,992,1479,994,1117,1529,1021,1090
"463014",3799,3753,3067,3123,3142,3319,2392,3399,2321,2241,2256,2846,2100,2343,2364,2377,2914,2449,2704,2369,2308,2841,2655,2391
"1745854",3632,3796,3211,3365,3311,3747,2663,3163,2508,2509,2516,3071,2430,2423,2527,2531,2794,2447,2665,2465,2322,2697,2486,3030
"682998",3390,3796,3058,3114,2986,3434,2574,2865,2714,2589,2622,2773,2398,2389,2363,2606,2640,2392,2611,2452,2408,2548,2477,2405
"53360",3794,3601,3306,3295,3322,3293,3410,3083,3389,3382,3413,2911,3057,3109,3146,2945,2527,2886,2756,2917,2963,2720,2688,2228
"37927",3791,3641,3527,3540,3549,3181,3259,2999,3113,3212,3056,3039,2801,2873,2779,2841,2837,2691,2802,2683,2625,2757,2520,2308
"1889",3786,3436,3225,3250,3369,3154,3200,3102,3099,3023,2994,2943,2790,2750,2795,2656,2685,2640,2655,2476,2690,2482,2317,2294
"2698673",3164,3306,3286,2779,3785,2888,2156,2989,2093,2109,2202,2841,1880,1974,1882,1886,2145,1754,2958,1733,1966,2449,1754,2258
"2969308",2662,2326,3049,2232,3785,3030,1770,2515,1709,1579,1653,2235,1488,1858,1708,1449,1598,1385,2590,1396,1598,2552,1427,2219
"2984338",3627,3784,3546,3501,3396,3498,3252,3120,3169,3053,3234,2847,2984,3003,2850,2908,2733,2711,2750,2749,2671,2731,2644,2611
"708113",3378,2914,3779,2656,2974,2996,2388,2738,2139,2327,2516,2803,2164,2165,2318,2133,2286,2052,2684,2131,2356,2416,2359,2690
"424188",3231,3776,2849,2997,3021,3575,2642,2753,2692,2438,2416,2603,2315,2268,2390,2371,2844,2373,2374,2254,2066,2215,2186,2563
"1619308",3621,3771,3505,3322,3486,3167,3087,3169,3010,3083,3005,2920,2759,2894,2792,2726,2769,2714,2789,2681,2679,2672,2623,2530
"2499145",3771,3642,3580,3460,3468,3296,3629,3169,3391,3505,3363,3058,3023,3037,3075,3092,2822,2959,2795,2866,3048,2791,2748,2493
"348043",3771,3491,3327,3444,3456,3152,2824,3191,2763,2854,2817,2801,2670,2624,2650,2615,2518,2421,2680,2533,2452,2570,2288,2368
"209247",3768,3706,3310,3233,3340,3199,3067,3215,2838,2858,3017,2893,2641,2763,2760,2791,2707,2575,2699,2586,2613,2624,2644,2557
"2991545",3593,3767,3294,3201,3260,3241,3109,3035,3049,3179,3073,2936,2793,2901,2827,2931,2782,2784,2671,2783,2603,2538,2716,2355
"530584",3750,3765,3363,3360,3230,3535,3535,3185,3120,3281,3155,2981,3033,3042,3018,2962,2772,2896,2695,2837,2896,2568,2701,2649
"2866715",3580,3763,3418,3403,3362,3305,3431,3118,3208,3108,3195,2853,2881,2886,3084,2864,2674,2786,2818,2816,2765,2726,2577,2559
"1267217",3761,3069,3000,2791,3636,2603,1493,3581,1407,1504,1396,2528,1246,1577,1458,1604,2315,1559,2350,1562,1454,2669,1605,1891
"2067415",2768,2937,3173,2333,3757,2453,2304,2553,2313,2131,2335,2797,1863,1993,1779,1555,1683,1391,2928,1408,2008,2314,1324,1951
"335928",3573,3713,3274,3084,3073,3757,2496,3139,2607,2343,2596,2939,2282,2386,2412,2474,2749,2490,2689,2372,2283,2585,2433,2925
"2527984",3490,3755,3452,3298,3454,3107,2287,2996,2385,2239,2231,3028,2036,2315,2091,2102,2841,2152,2811,2108,2071,2997,2379,2597
"3075430",3755,3417,3241,2838,3594,3229,2324,3161,2231,2099,2128,2751,1943,2237,2337,2006,2356,2051,2701,2069,2189,2776,2158,2516
"2613770",3683,3157,2931,2700,3121,3754,1802,2937,1776,1705,1788,2636,1616,1735,1898,1625,2080,1608,2580,1620,1682,2395,1804,2908
"2714937",3507,3754,3443,3394,3432,3265,3321,3132,3227,3059,3073,2801,3089,2939,2997,2924,2848,2797,2778,2944,2822,2859,2706,2466
"1858",3495,3753,3285,3363,3151,3319,3055,2915,2966,2944,2968,2758,2825,2756,2868,2817,2873,2669,2544,2681,2636,2497,2592,2346
"1697043",3636,3752,3029,2952,3254,3437,2455,3192,2345,2312,2213,2753,1999,2300,2354,2388,2732,2321,3189,2215,2362,2778,2397,2443
"2744523",3124,2388,3017,2778,3172,2726,1635,2689,1680,1517,1570,2620,1460,1594,1570,1311,1602,1232,2112,1304,1571,2075,1240,3752
"2811423",3752,2550,2999,2685,2732,2518,1517,2647,1461,1460,1513,2681,1334,1406,1391,1370,1696,1349,2568,1261,1397,2162,1449,2037
"13689",3284,3220,3131,2765,3750,2904,2424,2954,1972,2207,2442,2980,1973,1933,1915,1932,2295,1795,2776,1835,1895,2524,1836,2160
"445710",3517,3371,3318,2739,3748,2987,2285,2962,2163,2218,2108,2739,1943,2275,2271,1937,2363,1926,2730,2054,2182,2743,2097,2234
"76115",3744,3514,2993,2780,3005,3110,2428,2923,2318,2217,2153,2907,2048,2382,2275,2306,2910,2371,2560,2301,2212,2772,2443,2388
"1077946",3662,3740,3267,3472,3400,3161,3278,3003,3168,2992,2974,2906,2988,2847,2872,2811,2947,2747,2701,2830,2825,2678,2716,2562
"3028709",3645,3740,3445,3299,3407,3230,3163,3040,3225,3139,3165,2972,3025,2978,2914,2936,2842,2703,2547,2749,2834,2692,2647,2492
"2825844",3736,3727,3365,3447,3418,3286,3199,3205,3004,3098,2983,2918,2932,2868,2872,2823,2725,2777,2876,2648,2677,2677,2598,2425
"2838850",3734,3679,3480,3379,3289,3377,3281,3090,3083,3068,3020,2773,2990,2743,2860,2838,2754,2655,2704,2538,2532,2651,2553,2449
"2968085",3503,3733,3455,3485,3459,3400,3386,2981,3156,3210,3146,2914,2925,2978,3018,2891,2800,2966,2798,2776,2846,2800,2695,2604
"2744522",2728,2117,2674,2431,2927,2453,1446,2488,1530,1359,1395,2238,1296,1527,1402,1118,1584,1085,2121,1087,1428,1964,1201,3730
"1842540",3598,3729,2974,2686,2911,3170,2220,2871,2243,2104,2134,2896,2002,2454,2250,2264,2835,2107,2569,2278,2306,2732,2455,2365
"2968084",3543,3728,3401,3537,3327,3212,3276,3016,3199,3274,3185,2764,2991,2842,2996,2813,2693,2672,2757,2610,2764,2622,2733,2434
"1416803",3726,3573,3231,2854,2832,3164,2256,3018,2282,2335,2082,2661,1945,2260,2162,2328,2775,2174,2580,2313,2218,2855,2310,2437
"1882831",3491,3726,3155,2952,3079,3257,2333,3084,2198,2229,2152,2825,1925,2169,2058,2278,2828,2188,2670,2364,2079,2808,2363,2504
"1470176",3628,3723,3403,3434,3243,3396,3509,3108,3068,3096,2988,2880,3001,2943,2871,2855,2735,2794,2704,2878,2798,2739,2691,2581
"356851",3722,3555,3386,3386,3230,3120,3463,3116,3502,3312,3385,2901,3009,3065,3273,2956,2505,2780,2785,2622,2931,2595,2572,2165
"1907",3718,3617,3475,3465,3540,3174,3205,3036,3193,3022,3068,2742,2884,2851,2876,2801,2751,2730,2742,2715,2759,2634,2479,2461
"2290923",3548,3716,3088,2970,3131,3099,2518,2844,2255,2315,2300,2857,2156,2440,2424,2437,2985,2421,2489,2452,2389,2842,2520,2396
"141948",1499,1125,2216,1155,3715,1196,916,1540,980,857,903,1620,745,1120,908,563,769,592,2027,623,982,1816,537,1134
"42881",3715,3299,3270,3155,3381,3020,2971,2992,2811,2840,2695,2724,2647,2647,2507,2537,2458,2393,2750,2384,2527,2536,2338,2197
"2575440",3555,3139,3514,3661,3714,2699,3448,3084,3371,3281,3292,2978,3011,3033,3171,2517,2435,2334,2787,2502,2902,2633,2241,2359
"2596828",3713,3568,3387,3463,3458,3080,3264,2967,3337,3270,3271,2682,2870,3121,3243,2774,2630,2696,2617,2677,2952,2635,2454,2291
"993502",3713,3358,2809,2565,2673,3707,2246,2794,2099,2121,2010,2649,1982,1985,2325,2563,2119,2047,2209,2193,2125,1992,1862,2364
"42255",3104,3612,2409,3517,2327,3072,3712,2377,3440,3552,3648,2181,3114,3064,2755,3671,3097,3415,2006,3445,2737,2229,2929,2019
"281362",3711,3534,3061,2820,2964,3000,2138,2910,2196,2176,2099,2661,1957,2237,2142,2154,2557,2128,2573,2175,2084,2591,2247,2311
"2954082",3709,280,2440,1578,1978,295,39,543,47,50,46,962,27,52,57,66,170,65,838,87,58,2757,166,846
"2201350",3164,3707,3082,2897,3295,3455,2315,2873,2233,2237,2169,2690,2044,2002,2080,2275,2669,2047,2665,2145,2159,2564,1983,2426
"37487",3316,3707,3220,2907,3004,3181,2534,2927,2485,2487,2429,2796,2130,2281,2322,2404,2730,2370,2613,2370,2351,2720,2464,2405
"2109915",3133,2492,2648,2365,3706,2099,1251,3468,1159,1166,1155,2120,1080,1170,1227,1189,1906,1233,2072,1281,1182,2546,1206,1596
"444444",3298,3706,2978,3138,3040,3145,2566,2940,2440,2459,2450,2726,2257,2207,2314,2484,2591,2398,2643,2451,2225,2431,2340,2521
"2721244",3662,3704,3490,3366,3631,3360,3133,3191,3031,3035,2963,2976,2859,2877,2924,2738,2724,2756,2924,2707,2630,2701,2506,2419
"53458",3670,3702,3528,3605,3523,3329,3479,3135,3366,3366,3323,2949,3010,3127,3201,2903,2926,2804,2965,2758,2893,2741,2722,2538
"2711215",3155,3042,2981,2712,3700,2807,2261,2817,1880,2002,2170,2648,1904,1906,1850,1840,2020,1626,2697,1686,1827,2291,1712,2003
"59814",2211,1918,1407,1311,1480,1385,1082,1381,995,948,990,1411,891,1000,1031,1059,1234,993,1312,1036,947,1308,959,3695
"1384459",3405,3690,3293,3307,2953,3399,2746,3134,2500,2686,2734,2975,2300,2442,2474,2537,3128,2578,2450,2543,2075,2584,2697,2999
"2071",1043,1044,891,884,934,927,1002,933,896,818,818,782,809,774,801,733,679,778,729,740,768,646,690,3685
"2748098",3672,3685,3306,3512,3410,3408,2916,3175,2808,2720,2900,3039,2628,2644,2497,2673,2781,2528,2797,2532,2453,2730,2550,2646
"2976822",3585,3680,2865,2902,3021,3465,2260,3025,2201,2211,2159,2920,2051,2112,2367,2219,2423,2149,2488,2254,2095,2261,2046,2508
"1517554",3090,3135,3127,2781,3679,2891,2356,2938,2071,2289,2504,2732,2045,2150,1940,1994,2062,1936,2838,1965,2070,2448,1855,2094
"1969806",3531,3677,3079,3196,2814,3211,2543,2894,2465,2454,2464,2743,2276,2296,2319,2510,2704,2326,2662,2396,2340,2625,2501,2463
"2735133",3670,3582,3393,3210,3341,3235,3020,2992,2972,2900,2961,2911,2650,2813,2719,2639,2746,2619,2627,2536,2358,2710,2485,2504
"3015161",3633,3670,3365,3377,3302,3371,3499,3234,3373,3328,3376,2947,3108,3106,3161,2942,2802,2833,2637,2932,2927,2772,2656,2419
"80842",3666,2421,2130,2460,2576,2157,1356,2553,1278,1290,1356,1952,1120,1307,1243,1323,1767,1328,1824,1304,1287,1909,1367,1450
"1162966",3640,3663,3476,3354,3296,3210,3044,3087,2982,2849,2820,2929,2688,2811,2662,2701,2658,2472,2693,2474,2553,2743,2624,2466
"2294034",3604,3663,3416,3302,3273,3113,3427,3090,3371,3189,3261,2937,2989,3125,2960,2951,2547,2677,2748,2687,2873,2765,2524,2226
"53451",3046,3145,2816,2733,3663,2792,2804,2531,2883,2663,2607,2325,2491,2536,2478,2488,2412,2298,2484,2290,2564,2228,2184,2068
"2715959",3662,3316,3144,2906,3513,3219,2284,2981,2281,2286,2264,2880,2035,2222,2196,2134,2421,1962,2676,2073,2039,2562,2116,2644
"2742129",888,645,902,572,911,1039,435,630,3658,428,399,626,353,1152,641,362,447,360,1367,346,735,670,361,2404
"2860336",3101,2630,2806,2656,3657,2571,1583,3350,1629,1556,1533,2952,1432,1386,1429,1403,1806,1284,2617,1248,1404,2238,1326,1905
"2811415",3653,3572,3028,2793,2854,3126,2241,3234,2341,1972,2086,2859,1826,2367,2565,2190,2661,2194,2701,2253,2395,2759,2472,2342
"43668",3579,3652,3256,3336,3187,3325,3172,2972,3146,2969,2953,2783,2710,2794,2778,2812,2744,2853,2516,2823,2680,2709,2767,2493
"1805827",3651,3644,3595,3303,3547,3340,3258,3039,3146,3035,3043,2949,3107,2963,2972,2860,2758,2721,2818,2853,2708,2781,2708,2549
"1791",3648,3473,3111,3108,2821,3188,2727,2893,2564,2655,2521,2571,2486,2590,2484,2276,2295,2223,2487,2269,2265,2409,2187,2509
"1404411",3641,3646,3284,3021,3042,3556,2212,3223,2363,2239,2208,3081,2140,2144,2126,2219,2521,2098,2570,2304,2011,2584,2252,2628
"2070347",3525,3641,3219,3353,3252,3325,3116,3006,2999,3129,2902,2861,2855,2843,2829,2780,2875,2656,2674,2674,2711,2535,2649,2496
"1229727",3427,3639,3239,3109,2908,3245,2694,2973,2598,2606,2691,2803,2376,2500,2377,2492,2565,2398,2766,2401,2449,2560,2578,2441
"370764",3276,2769,3633,2623,3613,2684,2289,2639,2432,2131,2069,2242,2040,2243,2320,1849,1912,1764,2635,1753,2226,2573,1751,2408
"1179673",3614,3629,3446,3488,3502,3317,3241,3089,3260,3182,3088,3022,2867,3069,3008,3020,2791,2788,2736,2753,2823,2899,2807,2749
"163604",3547,3629,3329,3219,3188,3113,3246,3007,3026,3009,3057,2830,2845,2900,2826,2818,2730,2701,2677,2806,2776,2571,2664,2430
"3075825",3571,3628,3445,3533,3629,3224,3351,3177,3357,3199,3164,2973,3056,2981,3042,2849,2706,2691,2817,2809,2770,2813,2658,2642
"47885",3629,2634,2580,3113,3061,2659,1671,2329,1504,1628,1624,3200,1510,1690,1516,1557,1972,1715,1899,1654,1431,2379,1593,1627
"186189",3552,3627,3254,3336,3357,3358,3109,3184,2926,3062,2974,2841,2869,2750,2836,2831,2673,2656,2611,2552,2632,2526,2590,2628
"2003315",2824,3077,2833,2503,3625,2733,2209,2568,2057,1895,2203,2842,1773,1929,1767,1733,1942,1623,2695,1622,1769,2290,1613,2031
"1545044",3543,3624,3151,3345,3192,3343,2867,3034,2693,2891,2835,2809,2530,2430,2399,2455,2732,2563,2711,2466,2355,2621,2474,2377
"11",3391,3617,3469,3385,3211,3199,3200,2881,3099,3053,2973,2743,2947,2876,2965,2767,2727,2677,2639,2633,2862,2733,2603,2519
"55518",3442,3617,3196,3047,3191,3471,2654,3027,2497,2467,2471,2799,2206,2449,2241,2391,2547,2382,2726,2368,2294,2584,2376,2461
"396",3612,3320,3159,2986,3210,3497,2096,3117,2116,1943,2062,2864,1717,1916,1950,1858,2378,1876,2588,1911,1873,2313,1980,2527
"40318",3610,3264,3218,3234,3231,3211,2898,2994,2970,2978,2773,2738,2675,2610,2683,2566,2445,2574,2565,2468,2451,2411,2552,2258
"2067960",3604,3604,3230,2856,3010,3194,2431,3050,2454,2323,2316,2816,2000,2566,2447,2358,2840,2438,2634,2322,2333,2831,2535,2367
"2697569",3589,1320,2507,2508,3149,1312,1181,1705,1059,1079,1062,2741,999,1023,1049,935,1274,863,2239,822,978,1895,837,1250
"1926494",3585,3585,2918,2666,2904,3190,2205,2880,2238,2085,2173,2841,1889,2200,2230,2366,2692,2239,2474,2252,2206,2591,2263,2296
"237610",3581,3357,3049,2895,3323,3125,2138,2869,2118,2059,2027,3005,1925,1989,1914,2068,2409,1982,2449,2110,1969,2753,2059,2079
"1823",3579,3572,3328,3377,3278,3202,3006,3015,2984,2922,2947,2985,2674,2846,2799,2679,2672,2657,2591,2606,2609,2609,2621,2510
"69367",3579,2438,3173,2381,3444,3008,2155,2223,2111,2005,1913,2119,1902,1963,2107,1724,1847,1705,2301,1701,1833,2144,1705,2010
"3075198",3432,3578,3213,3113,3321,3139,3120,2879,3111,2893,2933,2694,2797,2810,2811,2636,2690,2604,2512,2601,2552,2581,2505,2335
"60920",3430,3577,3317,3351,3355,3154,3260,3032,2989,3035,3036,2831,2669,2777,2802,2723,2582,2642,2620,2671,2696,2581,2526,2459
"85012",3550,3576,3364,3298,3229,3146,3393,3024,3397,3215,3247,2801,2871,3164,3155,2871,2777,2842,2652,2740,2871,2646,2550,2332
"125",3394,3572,3354,3164,3538,3103,2054,2828,2071,1929,1951,3025,1826,2063,2065,1839,2874,1858,2945,1981,1856,2948,2143,2599
"66892",3571,3527,3567,3367,3322,3219,3010,2816,2915,2869,2936,2732,2716,2750,2781,2702,2652,2574,2602,2559,2591,2577,2511,3495
"41899",3354,3570,3039,2904,2816,3012,2424,2905,2399,2316,2360,2652,2042,2381,2192,2379,2555,2295,2507,2271,2245,2539,2219,2295
"2829815",3419,3569,3009,2931,3145,3493,2669,2788,2724,2526,2685,2617,2376,2530,2429,2588,2383,2520,2796,2490,2445,2577,2457,2558
"1871049",2158,1886,2434,1648,3566,2401,1268,2067,1319,1142,1278,1926,1193,1449,1269,1024,1241,957,2150,1056,1271,2246,1070,2015
"1893",3566,3365,3260,3205,3170,3122,3023,3054,3070,2977,2860,2636,2628,2708,2791,2698,2585,2605,2555,2487,2489,2536,2586,2458
"2750011",3564,3483,3381,3348,3358,3069,3188,3104,3066,3017,3024,2910,2879,2959,2859,2703,2556,2740,2557,2624,2653,2494,2492,2293
"1882747",3517,3562,3097,2960,3062,3278,2145,3193,2211,2161,2019,2963,1893,2160,2130,2139,2273,2076,2618,1945,2038,2588,2032,2430
"553510",3561,3472,3238,3228,3149,3180,3167,2962,3183,2983,2903,2810,2866,2729,2691,2764,2736,2575,2569,2676,2606,2553,2628,2314
"2884874",1789,1532,2388,1567,3560,1511,1241,1901,1281,1115,1166,1779,1038,1410,1129,825,1024,839,2113,828,1125,2092,882,1308
"1904616",3556,3381,3133,3013,3247,3075,2936,2885,2673,2799,2751,2747,2593,2597,2594,2536,2518,2570,2555,2488,2507,2412,2358,2318
"415229",2228,1866,2644,1880,3556,2349,1385,2068,1467,1357,1330,1982,1242,1568,1298,1171,1325,1126,2258,1144,1305,2260,1170,1959
"1932",3554,2885,2921,2827,3119,2539,2880,2504,2839,2688,2738,2358,2752,2484,2734,2269,2131,2177,2320,2117,2409,2167,2040,2052
"234",3346,3110,3231,2741,3554,3016,1965,2777,2013,1964,2029,2560,1839,2010,1960,1818,2274,1873,2529,1754,1879,2528,2091,3084
"1851544",3505,3552,2947,2934,2839,3077,2140,3157,2194,2175,2091,2757,1969,2247,2149,2234,2729,2173,2605,2123,2162,2655,2163,2256
"1746199",3508,3551,3112,2913,3103,3079,2174,3116,2275,2149,2189,2719,1904,2142,2206,2212,2661,2130,2572,2287,2169,2726,2276,2238
"182639",3551,2410,2813,2765,3328,2330,2199,3095,1959,2034,2124,2693,1888,1999,2081,1431,1679,1243,2179,1264,1641,2063,1104,1523
"907364",2793,2954,2464,2752,2489,3166,3545,2644,2792,2940,2968,2200,2668,2350,2489,2700,1845,2489,1804,2523,2106,1758,1937,1571
"1288636",3544,3502,3376,3517,3239,3141,3364,2948,3314,3200,3211,2757,2953,2980,3070,2817,2766,2720,2670,2682,2817,2545,2570,2264
"37330",3503,3537,3170,3056,3112,3130,2828,3069,2866,2872,2668,2774,2407,2619,2660,2593,2502,2493,2434,2448,2545,2589,2591,2376
"2055889",3536,3466,3148,3183,3082,3204,2967,2927,2845,2940,2836,2782,2677,2763,2660,2710,2640,2577,2569,2588,2462,2566,2506,2349
"47",2901,3513,3117,3467,2515,3137,3106,2744,2738,3001,3087,2442,2397,2719,2486,3531,2618,3027,2284,3296,2806,2224,3114,2319
"39694",3523,3321,3040,3083,2998,3167,2689,2820,2728,2707,2525,2486,2365,2454,2456,2386,2361,2317,2408,2209,2371,2331,2228,2462
"570",3523,3462,3100,2917,3132,3168,2376,2916,2294,2382,2367,2753,2135,2422,2359,2409,2573,2200,2674,2315,2191,2689,2399,2339
"710705",3471,3517,3367,3262,3482,3189,3179,3058,2797,2920,2896,2826,2702,2607,2716,2702,2684,2559,2620,2573,2593,2611,2539,2354
"2789856",3515,3460,3127,3114,3204,3224,2766,3059,2641,2679,2765,2800,2437,2536,2409,2432,2583,2390,2714,2404,2297,2590,2368,2525
"407020",2537,1778,2505,1875,3513,1684,955,2130,833,932,876,1826,929,848,806,810,1087,744,2260,796,802,1814,719,1277
"2995141",3511,3377,3136,3240,3242,3069,3023,2864,2846,2839,2718,2757,2628,2724,2741,2577,2666,2544,2561,2483,2604,2610,2463,2300
"2760308",3347,3508,3255,3195,3024,3018,3130,2890,2953,2887,2960,2659,2748,2766,2645,2805,2689,2557,2500,2539,2565,2487,2655,2289
"104663",3243,3233,2569,1429,2437,3319,438,3024,441,421,431,1837,350,543,673,607,1068,400,2139,574,589,1794,619,3507
"2819979",3456,3505,3125,3138,3003,3172,3260,2913,3068,2937,3013,2628,2902,2794,2862,2748,2736,2638,2587,2671,2667,2449,2616,2366
"285450",3503,3364,3170,3038,3242,3113,2758,3043,2784,2711,2747,2613,2610,2543,2564,2485,2432,2535,2449,2498,2445,2507,2303,2087
"2072936",2896,2414,2672,2473,3500,2198,1354,2762,1110,1334,1417,2416,1153,1098,1073,1084,1575,1071,2565,1015,1075,2276,985,1626
"1892",3434,3491,3280,3278,3157,3100,3160,3033,3086,3004,2983,2817,2740,2958,2800,2685,2783,2720,2603,2584,2644,2574,2582,2467
"2812896",3092,3357,3047,2425,3405,3491,2325,2467,2356,2307,2123,2871,1801,2414,2223,2329,2588,2191,2553,2517,2368,2932,2814,2692
"2909587",3369,3144,3489,3009,3231,2918,2673,2703,2708,2619,2575,2506,2464,2521,2583,2295,2301,2361,2740,2179,2417,2643,2164,2364
"1325095",3487,3274,2887,2809,3012,3149,2195,3038,2116,2073,2145,2799,1902,2115,2167,2140,2342,2101,2490,2089,2129,2378,2226,2561
"110322",3486,2808,3035,2846,3095,2621,1888,2831,1719,1731,1676,2698,1577,1599,1531,1645,1942,1521,2432,1561,1574,2193,1693,1971
"110937",3373,3483,3006,3033,2974,3059,2969,2888,2834,2787,2776,2691,2514,2565,2717,2627,2444,2551,2586,2573,2519,2448,2471,2342
"2672569",3480,3157,3237,2998,3111,2774,3023,2730,3058,2905,2900,2555,2702,2694,2887,2579,2445,2505,2436,2495,2655,2413,2432,2132
"665007",3480,3398,3264,3063,3146,3012,2908,2900,2846,2892,2840,2672,2681,2597,2691,2591,2600,2484,2487,2424,2442,2417,2454,2113
"3023370",3477,3445,3225,3332,2912,3165,2809,2835,2834,2615,2701,2630,2461,2582,2572,2466,2472,2390,2496,2404,2318,2496,2286,2605
"2608402",3433,3476,3387,3241,3311,2994,3405,3057,3163,3051,3123,2771,2881,2953,2873,2755,2585,2655,2615,2633,2910,2793,2644,2424
"1325090",3437,3475,3080,2971,2987,3301,2341,3076,2236,2208,2162,2918,2043,2165,2186,2275,2456,2114,2587,2152,2121,2365,2192,2592
"2597701",3475,3208,2817,2855,3056,2662,1618,3096,1682,1594,1550,2349,1380,1513,1588,1751,2209,1598,2306,1549,1548,2543,1671,1926
"684552",3336,3474,3166,2942,3051,2859,2952,2821,2816,2799,2708,2549,2500,2690,2633,2545,2536,2346,2629,2515,2442,2644,2277,2261
"1392877",3160,3195,2858,2673,2665,2686,1990,3472,2098,2083,2011,2473,1842,2182,1929,1972,2300,2108,2242,1968,1950,2524,2081,2092
"261302",3352,3471,2767,2680,2740,3008,2122,2659,1938,1918,1928,2581,1781,1929,1860,2076,2617,2003,2383,2026,1958,2536,2046,2214
"1906274",3470,3378,3469,3061,3435,3033,2695,2818,2750,2700,2570,2550,2313,2644,2584,2414,2540,2289,2612,2287,2534,2543,2435,2557
"1517551",3120,2940,2848,2520,3468,2835,2307,2784,1881,2070,2276,2560,1912,1869,1701,1793,2006,1697,2784,1703,1756,2205,1635,2085
"1549949",3330,3467,2837,2745,2960,3203,2075,2922,2056,2091,1918,2783,1953,2019,2122,2170,2248,2041,2456,2003,1971,2292,2100,2326
"1980001",365,381,415,312,389,343,374,281,428,391,288,290,308,400,342,299,261,268,378,305,419,349,310,3467
"2985506",3279,3467,3083,3073,3009,3283,2917,2841,2789,2674,2711,2665,2502,2599,2674,2595,2669,2496,2471,2526,2420,2495,2466,2403
"2998080",3221,3467,2990,3088,2870,2990,2881,2926,2798,2770,2804,2527,2589,2624,2693,2525,2551,2583,2272,2570,2482,2376,2506,2294
"2837956",3466,3409,3193,3245,3334,3085,3176,2908,2960,2942,2927,2816,2708,2808,2715,2654,2491,2582,2637,2550,2607,2583,2531,2344
"40137",3464,3279,2902,2787,3005,3113,2243,2772,2399,2150,2226,2723,1930,2145,2052,2135,2506,1944,2570,2036,2078,2436,2243,2550
"3016096",2334,2377,2147,2187,2125,3461,2232,2003,2271,2148,2303,1924,2006,2015,2025,2009,1793,1888,1722,1808,2015,1761,1669,1513
"3039384",3416,3459,3308,3332,3062,3073,3040,2861,3053,3170,2961,2701,2878,2913,2880,2665,2510,2523,2516,2741,2815,2511,2475,2365
"2861782",3271,3451,2859,2598,2861,3075,2273,2838,2139,2111,2094,2619,1941,2131,2147,2216,2612,2160,2462,2152,2111,2627,2211,2313
"319706",3448,2965,2791,2734,2576,2904,2329,2548,2371,2298,2360,2335,2188,2243,2234,2137,2141,2179,2214,2109,2161,2129,2069,2011
"3015996",3102,3443,2993,2694,3147,3373,2209,2814,1909,2116,2148,2436,1796,1983,1903,2073,2323,2022,2579,1985,2012,2436,1950,2351
"2219043",3177,3437,2864,2849,2722,3183,2578,2774,2431,2502,2504,2739,2215,2267,2211,2664,2589,2424,2356,2595,2241,2515,2546,2252
"2602070",3294,3436,2875,2791,2881,3118,2304,2604,2246,2348,2177,2756,2066,2273,2176,2501,2778,2506,2419,2600,2061,2586,2620,2222
"2930091",2716,2224,2834,2240,3434,2137,1386,2518,1207,1199,1436,2241,1192,1189,1072,1195,1564,1052,2592,1126,1109,1954,1129,1616
"2571115",2385,2156,2488,1894,3429,2394,1585,2200,1601,1439,1497,2042,1410,1621,1530,1318,1455,1259,2230,1316,1573,2231,1350,1836
"56448",2783,2554,2886,2172,3425,2712,1597,2554,1676,1599,1607,2393,1465,1695,1658,1446,1729,1475,2438,1511,1594,2470,1567,2099
"65741",3425,3207,2761,2630,2730,2709,2058,2735,1991,2015,2043,2428,1808,1891,1988,1935,2249,1890,2548,1891,1981,2377,1979,2026
"767452",3188,3424,3190,3301,3108,3018,3189,2840,3021,3116,3030,2597,2785,2840,2850,2690,2580,2596,2497,2644,2625,2363,2593,2199
"2816956",3296,3423,3194,3111,3166,3061,3145,2784,2971,3025,3031,2741,2657,2757,2775,2751,2647,2665,2547,2546,2664,2506,2492,2438
"388357",3423,3189,2881,3041,3086,2796,3067,2627,2860,2874,2730,2494,2608,2611,2620,2474,2493,2393,2524,2451,2546,2255,2369,2256
"2714925",3291,2917,2518,2495,3417,2411,1284,3320,1268,1276,1237,2155,1102,1326,1277,1332,1881,1300,2148,1362,1237,2438,1304,1684
"2818388",3257,3417,2781,2750,2735,3084,2325,2747,2121,2168,2003,2570,1922,2064,2074,2242,2689,2366,2215,2374,1958,2532,2426,2289
"2676871",3415,3236,3250,3100,3329,3006,2981,2957,3122,2915,2912,2603,2622,2708,2736,2574,2627,2521,2484,2515,2540,2751,2411,2301
"2733867",2628,2098,2524,2034,3415,1918,1191,2428,961,1071,1108,2080,979,1013,920,945,1266,866,2422,844,934,2047,848,1417
"2759526",3043,3080,2899,2615,3412,2793,2233,2781,1924,2068,2172,2529,1871,1883,1696,1783,1906,1706,2728,1788,1723,2273,1554,2076
"2976824",3350,3412,2796,2745,2778,3346,2017,2932,1983,2070,1991,2571,1836,2042,1952,2068,2313,2040,2330,2037,1914,2228,1996,2411
"2699395",3343,3409,2893,2765,2893,3066,2383,2858,2211,2299,2295,2759,2163,2238,2101,2363,2599,2265,2427,2261,2013,2508,2289,2322
"40567",3376,3409,3037,2990,2823,3029,3007,2790,2683,2886,2747,2530,2545,2593,2542,2612,2606,2580,2466,2485,2512,2418,2343,3034
"3064531",2138,1466,2787,3111,2279,1057,1753,1102,1847,1707,1443,1043,1233,1932,1773,1083,922,962,1752,1028,3408,1507,1008,1320
"47853",2204,2312,2047,2103,1910,3408,2131,1886,2119,1879,2064,1802,1906,1927,1880,1818,1650,1806,1567,1736,1730,1623,1682,1484
"1921510",3214,3034,2886,2536,3407,2762,2065,2780,1876,1993,2206,2650,1857,1840,1768,1790,2092,1671,2521,1663,1712,2036,1663,1849
"1061",3243,3406,3029,3062,3037,3077,2655,2824,2404,2501,2510,2803,2148,2406,2317,2406,2563,2296,2537,2324,2258,2389,2315,2338
"1390395",2600,2704,2834,2076,3406,2401,1746,2352,1532,1623,1690,2365,1483,1509,1418,1444,1695,1352,2265,1282,1433,2468,1245,1667
"1914471",3322,3404,2887,2500,2604,2970,2135,2628,2206,2148,2070,2611,1877,2354,2154,2241,2691,2080,2364,2182,2176,2563,2287,2286
"43263",3402,3297,2963,3377,2880,2561,2046,2540,2105,1900,1789,2257,1618,1937,1959,1876,2076,1812,2392,1697,1909,2891,1731,2014
"2033869",3333,3401,2978,3134,2995,3133,2662,2848,2455,2525,2618,2642,2343,2339,2368,2362,2404,2351,2541,2415,2282,2386,2299,2311
"49",3163,3401,2723,2447,2704,2771,1819,3039,1848,1787,1691,2963,1628,1868,1871,2087,2454,2175,2543,2340,1881,2790,2243,2398
"2382165",3352,3400,3033,3032,3016,2995,2917,2815,2791,2626,2716,2726,2552,2586,2569,2518,2524,2520,2435,2441,2401,2450,2362,2203
"2991074",2771,2854,2723,2336,3393,2684,2159,2566,1827,1955,2212,2461,1887,1744,1674,1662,1866,1527,2589,1551,1710,2127,1497,1962
"1176536",2474,2723,2589,2175,3391,2227,1758,2423,1581,1544,1801,2490,1489,1596,1499,1325,1650,1217,2505,1237,1503,1965,1228,1728
"134537",3391,3309,2926,2705,2846,2893,1990,2881,2095,1926,1934,2506,1753,2107,1980,2096,2398,1974,2485,2101,1954,2482,2111,2214
"2613773",3390,3053,2782,2471,2946,2838,1907,2723,1893,1792,1818,2499,1644,1779,1728,1783,2071,1631,2410,1616,1724,2290,1699,2209
"133",3030,3378,2770,2777,2808,3031,2276,2719,2207,2222,2256,2650,1953,2092,2027,2142,2510,2107,2220,2168,2016,2326,2225,2440
"323620",3373,3178,2867,2796,3207,2941,2013,2792,2007,2018,1975,2643,1842,1963,1858,1874,2162,1791,2364,1675,1845,2352,1856,2269
"2797167",3367,3253,3195,2940,3126,2840,2921,2718,2762,2703,2679,2683,2553,2610,2526,2384,2393,2379,2484,2320,2481,2366,2210,2032
"2509459",3365,3332,3318,3140,3155,3029,2943,2948,2848,2851,2859,2769,2626,2712,2793,2793,2581,2531,2483,2498,2554,2555,2419,2504
"2480810",2328,2057,2541,1922,3360,2441,1532,2162,1553,1503,1626,1883,1521,1678,1517,1359,1436,1363,2272,1253,1437,2286,1336,2008
"3058426",3359,3016,3109,2676,2916,2769,2644,2597,2594,2618,2386,2290,2362,2574,2570,2350,2298,2173,2439,2197,2422,2480,2186,2459
"2821832",3358,3302,3016,2877,3066,3263,2425,2779,2128,2191,2294,2732,2073,2263,2118,2054,2392,2108,2415,2166,2025,2420,2259,2447
"862751",3181,3357,2903,2940,3033,2930,2867,2689,2883,2735,2856,2542,2585,2561,2627,2583,2416,2428,2345,2498,2483,2315,2389,2271
"252970",3355,3349,2808,2634,2856,3102,2017,2830,2061,2001,1987,2424,1892,2052,2036,2093,2573,2070,2377,2054,1931,2450,2152,2040
"1269",3349,3347,3027,2963,2922,2861,2876,2620,2729,2717,2654,2493,2646,2570,2674,2499,2552,2488,2373,2492,2479,2330,2347,2166
"2933290",3222,3348,3055,3008,3004,2969,2994,2607,2858,2850,2861,2659,2445,2572,2743,2692,2479,2457,2552,2422,2645,2417,2444,2181
"2780074",2695,2585,2655,2338,3344,2297,1605,2567,1590,1520,1634,2511,1415,1432,1331,1205,1552,1104,2620,1148,1372,2075,1121,1633
"67345",3343,2856,2848,2817,2974,2579,2755,2550,2519,2627,2618,2363,2397,2430,2522,2214,2150,2217,2329,2104,2138,2134,1994,1891
"42197",3132,3340,2909,3008,2945,3065,3005,2756,2743,2815,2808,2636,2632,2573,2502,2610,2554,2451,2361,2507,2408,2336,2371,3093
"28209",3099,3337,2703,2781,2635,2849,2263,2497,2218,2224,2114,2525,1996,2045,2143,2116,2285,2138,2238,2188,1901,2078,2145,2247
"2596916",3335,3202,3222,3009,2983,3007,2830,2730,2722,2778,2663,2607,2645,2520,2540,2596,2543,2473,2412,2428,2484,2422,2424,2242
"1736046",3332,3263,3108,3122,3034,3013,2904,2905,2914,2827,2863,2714,2639,2665,2653,2636,2469,2595,2397,2482,2504,2456,2387,2205
"2761578",3331,3274,2836,2909,2786,3062,2628,2568,2482,2437,2508,2457,2378,2377,2293,2337,2355,2156,2277,2120,2170,2297,2176,2251
"2968083",3231,3326,3021,3071,2970,3020,3008,2744,2920,2789,2847,2547,2631,2621,2804,2723,2480,2478,2440,2512,2593,2588,2424,2274
"39688",3321,3255,2905,2920,2887,3112,2654,2799,2690,2527,2489,2478,2421,2476,2538,2331,2331,2279,2389,2213,2423,2471,2166,2354
"2744474",3320,2893,2956,2707,3053,2636,2672,2696,2482,2434,2463,2322,2290,2494,2544,2163,2146,2071,2348,2040,2240,2293,1923,1904
"445709",3314,3320,2876,2491,2705,2889,2013,2740,2055,1926,1891,2474,1769,2060,2054,1895,2394,1949,2457,1922,1990,2553,2072,2105
"2003551",3064,3318,3045,2963,2855,2702,2933,2637,2817,2810,2833,2579,2570,2608,2600,2602,2430,2381,2424,2339,2634,2376,2407,2292
"392734",3316,3279,3034,2808,2871,3209,2207,2669,2096,2161,2100,2767,1921,2158,2129,2422,2712,2244,2354,2455,2012,2654,2507,2426
"1138587",3315,3260,3173,2968,3200,2926,2870,2782,2884,2830,2825,2539,2592,2650,2670,2650,2483,2658,2475,2504,2508,2526,2431,2246
"2726118",3003,3314,2858,2681,2665,2703,2576,2570,2574,2553,2433,2280,2344,2394,2389,2271,2199,2274,2140,2285,2229,2130,2179,1988
"1797",3283,3310,3089,3034,2858,3183,2629,2746,2788,2578,2545,2451,2474,2548,2431,2493,2283,2331,2504,2384,2444,2461,2157,2249
"1395951",3308,2157,2283,2346,2513,1948,1042,2211,991,939,942,1918,900,968,920,966,1424,884,1908,924,921,1736,939,1425
"2759943",3207,3164,3167,2947,3308,3166,2820,2734,2771,2575,2577,2581,2432,2525,2468,2325,2381,2279,2438,2359,2421,2662,2241,2306
"2736875",3244,3304,2771,2682,2782,3068,2087,2763,2034,1965,1927,2711,1834,1967,1968,2012,2288,2028,2328,1965,1956,2345,2092,2333
"2714924",3251,2925,2671,2416,3297,2503,1426,3147,1310,1380,1337,2165,1215,1432,1414,1442,2049,1491,2176,1492,1371,2292,1480,1801
"1144307",2542,1935,2622,1955,3296,1861,1311,2127,1070,1186,1242,2007,1044,1012,1082,982,1280,931,2258,975,1026,1824,889,1414
"146919",3036,3296,2908,2906,2886,3113,2681,2656,2554,2531,2409,2657,2317,2307,2363,2559,2577,2492,2352,2481,2218,2501,2421,2205
"446860",3295,3276,3192,3190,3064,2946,3019,2742,2922,3038,2789,2595,2689,2695,2694,2601,2419,2506,2610,2627,2611,2432,2422,2137
"2025349",2648,2713,2627,2186,3290,2374,1808,2529,1702,1659,1762,2362,1514,1646,1566,1550,1762,1403,2372,1345,1583,2087,1429,1818
"1798193",2732,2961,2830,2423,3288,2664,2184,2577,2078,2161,2237,2656,1839,1978,2029,1741,1918,1680,2630,1711,1855,2104,1691,1969
"85085",3287,1370,2310,2432,3086,1349,1258,1699,1128,1187,1156,2312,1059,1023,1115,929,1261,897,2192,909,1091,1746,890,1173
"1804",3282,3140,2848,2829,2709,2945,2637,2592,2660,2408,2430,2404,2203,2360,2370,2228,2235,2122,2308,2054,2221,2351,2208,2233
"2950605",3001,3098,2743,2517,3281,2763,2094,2743,1833,1952,2222,2562,1887,1850,1686,1738,1987,1729,2591,1700,1819,2194,1557,2038
"37332",3152,3281,3095,2973,2952,2941,2950,2896,2776,2653,2607,2539,2481,2535,2591,2549,2543,2517,2344,2488,2474,2341,2317,2163
"483545",3204,3280,3126,2997,2940,2908,2921,2569,2766,2789,2789,2563,2525,2581,2521,2640,2423,2490,2355,2478,2527,2403,2332,2257
"1442032",3275,3034,3051,2845,2919,2621,2744,2668,2611,2601,2639,2536,2580,2508,2572,2371,2309,2318,2355,2163,2399,2236,2275,2079
"1090615",3274,3127,2973,3120,2966,2871,2882,2786,2786,2682,2700,2587,2660,2554,2474,2629,2485,2376,2375,2339,2525,2393,2423,2205
"2686304",3274,3062,2927,2940,3009,2855,2798,2741,2585,2625,2548,2470,2444,2498,2411,2323,2437,2307,2303,2239,2286,2290,2227,1982
"582680",3229,3046,3274,3016,3198,2987,2650,2665,2525,2478,2585,2601,2316,2480,2409,2260,2286,2190,2441,2155,2269,2476,2024,2271
"204434",3041,3273,2831,2582,2704,3181,2164,2499,1931,2028,1972,2638,1810,1865,1992,2423,2616,2316,2284,2442,1884,2490,2577,2349
"2293571",3186,3273,3071,2927,2969,2953,2851,2639,2691,2714,2765,2505,2571,2516,2587,2478,2512,2461,2341,2376,2305,2329,2306,2204
"340268",3187,3273,2766,2562,2800,3012,2049,2731,2098,1938,1952,2543,1749,1998,1964,1876,2375,1886,2427,1936,1863,2228,2043,2450
"2213200",3271,3147,3193,2895,3000,2774,2687,2753,2720,2615,2566,2461,2419,2561,2676,2415,2525,2369,2291,2384,2413,2410,2248,2439
"2583243",3143,3271,2840,2973,2920,2739,3018,2721,2987,2611,2867,2372,2690,2570,2624,2493,2229,2506,2273,2394,2490,2259,2333,1967
"871203",3271,3254,2693,2669,2734,2892,2010,2748,2018,2003,2063,2449,1747,2078,1999,2025,2419,2052,2338,2089,1992,2294,2194,2081
"3016093",3255,3162,3107,3003,2998,2984,3237,2772,3123,2958,2994,2461,2815,2845,2868,2651,2367,2566,2491,2501,2632,2346,2272,2029
"1532023",2435,2736,2650,2390,3254,2307,2122,2263,1941,1908,2025,2462,1644,1808,1688,1504,1682,1545,2429,1436,1887,2008,1309,1722
"1379903",3239,3248,2860,2864,2735,2973,2556,2609,2474,2512,2498,2608,2229,2246,2113,2363,2519,2265,2244,2278,2245,2564,2377,2161
"2861750",3248,2957,3069,2561,2861,2577,2587,2476,2615,2424,2653,2312,2231,2356,2451,2226,2053,2220,2208,2291,2118,1964,2174,2356
"103855",3245,3032,2823,2581,2734,2820,2093,2755,2023,2064,1911,2489,1759,2038,1976,1937,2377,1959,2300,2029,1980,2353,1997,2254
"334852",3014,3245,2839,2748,2612,3010,2315,2467,2159,2265,2270,2274,2079,2171,2083,2266,2465,2268,2314,2200,2014,2224,2143,2110
"2601677",3163,3035,3244,2945,3172,2848,2587,2604,2765,2598,2680,2662,2220,2715,2460,2399,2601,2383,2368,2392,2281,2482,2603,2236
"2035",3243,3098,2905,2822,2797,2738,2624,2699,2694,2593,2569,2437,2446,2437,2449,2480,2454,2422,2381,2409,2377,2402,2317,2096
"2419774",3184,3243,3108,2960,3173,3078,2707,2687,2565,2491,2588,2518,2254,2620,2507,2354,2358,2235,2517,2255,2319,2528,2236,2346
"2810513",3170,3243,3010,3006,2866,2833,2752,2570,2623,2614,2611,2560,2477,2511,2529,2379,2498,2362,2426,2371,2504,2463,2349,2129
"3028710",3243,3071,3041,2995,2898,2768,2891,2787,2783,2922,2689,2534,2638,2529,2506,2427,2458,2453,2395,2465,2312,2313,2397,2393
"475937",3213,3241,2761,2636,2741,2999,2122,2904,2037,1929,1927,2538,1792,1962,1923,1875,2264,1859,2279,1842,1786,2270,1957,2283
"49546",3239,2980,2815,2231,2959,2667,956,2495,1010,935,806,2218,671,1143,1138,871,1733,720,2509,982,1003,2630,1091,2216
"84595",3235,3162,3168,3190,3091,2979,2741,2949,2767,2648,2562,2807,2377,2535,2380,2412,2395,2411,2491,2378,2375,2589,2260,2197
"2974023",3208,3230,2694,2428,2387,2779,1605,2980,1545,1596,1510,2852,1349,1669,1629,1728,2619,1778,2309,1903,1651,2820,2116,2288
"150203",2815,2587,2664,2347,3229,2663,2028,2461,1847,1862,2027,2548,1723,1732,1609,1507,1726,1511,2400,1481,1771,2059,1444,1791
"2734",3000,3227,2754,2810,2630,2787,2502,2529,2450,2404,2362,2511,2201,2175,2166,2414,2604,2387,2224,2405,2107,2371,2479,2208
"2063",2953,3221,2782,2946,2613,2734,2910,2632,2659,2683,2709,2436,2514,2438,2561,2515,2245,2473,2240,2422,2462,2254,2235,1990
"2508882",3015,3180,3056,3219,2940,2800,3005,2763,3006,2855,2792,2594,2723,2696,2797,2551,2466,2592,2305,2374,2527,2445,2243,2136
"3031131",3171,3219,2920,2745,3022,2734,2472,2737,2457,2295,2377,2497,2190,2300,2258,2195,2244,2060,2326,2156,2011,2181,1996,2217
"2758041",3192,3218,2778,2739,2863,2965,2342,2644,2185,2264,2205,2578,1987,2127,2093,2097,2479,2033,2331,2136,1996,2332,2100,2322
"515361",3218,2775,2848,2670,2959,2769,1975,2689,1773,1745,1830,2470,1693,1685,1742,1752,2017,1688,2193,1644,1642,2185,1770,2037
"1555112",3079,3215,2858,2905,2683,3045,2550,2522,2448,2570,2346,2658,2162,2239,2264,2509,2770,2383,2368,2505,2156,2294,2459,2151
"3074430",3213,2792,2778,2739,2925,2638,2695,2605,2513,2513,2490,2249,2398,2321,2302,2185,2027,2125,2297,2071,2163,2196,2051,2002
"2599401",3209,3209,2849,2955,2857,2995,2867,2684,2676,2662,2640,2547,2493,2458,2588,2548,2543,2411,2328,2350,2354,2352,2312,2178
"94624",3178,3209,2870,2545,2698,2647,2014,2659,2062,1901,1914,2414,1734,1940,1997,1988,2349,1883,2350,1928,1827,2370,2105,2097
"1758689",3166,3207,2985,3037,2820,2868,2867,2635,2755,2927,2786,2424,2530,2602,2582,2420,2423,2401,2335,2349,2388,2268,2306,2160
"35621",3166,3207,3142,3090,3001,2987,2925,2810,2914,2808,2738,2604,2756,2448,2558,2682,2567,2504,2434,2534,2537,2392,2529,2301
"1906741",3183,3202,2789,2663,2663,2830,2108,2849,2042,2126,2016,2547,1874,2114,2138,2142,2535,2099,2358,2064,2059,2531,2148,2072
"2499144",2999,2500,2713,2571,3199,2423,1632,3071,1569,1497,1516,2634,1432,1397,1437,1291,1867,1157,2391,1315,1377,2007,1385,1853
"39645",2919,2534,2683,2493,3199,2540,1801,2480,1768,1707,1747,2459,1529,1719,1586,1521,1779,1453,2337,1460,1631,2176,1564,2101
"2609253",3032,3195,2786,2770,2735,2783,2576,2617,2622,2615,2372,2419,2329,2266,2330,2322,2229,2280,2310,2263,2218,2334,2275,2095
"1016987",2443,2444,2491,2089,3193,2219,1576,2420,1531,1507,1541,2219,1352,1518,1420,1264,1537,1153,2431,1139,1386,1894,1194,1752
"117207",2729,2488,2543,2114,3193,2656,1621,2429,1412,1500,1625,2042,1458,1441,1354,1342,1570,1256,2268,1285,1369,1889,1182,3164
"74313",2982,3023,2944,2736,3191,2935,2305,2636,2212,2308,2317,2369,1981,2128,2045,2223,2129,2008,2330,2141,2188,2344,2013,2624
"3038773",2928,3188,2679,2688,2609,2704,2454,2451,2231,2303,2286,2359,2015,2042,1956,2115,2186,2064,2187,2051,1970,2155,1994,2051
"256618",3182,3102,2655,2587,2836,2909,2271,2629,1976,2050,2093,2764,1887,2019,1932,2055,2485,1927,2285,1983,1869,2427,2085,2302
"2059884",3181,3170,2966,2969,2926,2822,2933,2814,2758,2817,2820,2654,2678,2513,2785,2576,2481,2489,2450,2581,2491,2331,2308,2273
"3075197",3137,3181,3136,2964,2943,2977,2893,2702,2851,2715,2718,2544,2424,2686,2580,2420,2450,2429,2494,2380,2432,2476,2396,2228
"76947",2434,1901,2430,1909,3175,1715,942,2251,860,969,988,2361,889,881,856,792,1197,811,2161,804,831,1806,734,1317
"2527979",2892,3174,2822,2563,2842,2947,2005,2477,1923,1860,1798,2545,1604,1833,1823,1787,2364,1800,2419,1910,1853,2499,2104,2171
"2820884",3084,3174,3021,2970,2751,2772,2773,2574,2771,2640,2726,2554,2514,2625,2564,2571,2681,2449,2311,2334,2374,2239,2372,2087
"190721",3173,2888,2506,2370,2497,2475,1636,2543,1569,1566,1585,2122,1278,1595,1538,1626,2039,1581,1993,1629,1549,2177,1644,1782
"2911537",3170,2897,2752,2234,2925,2722,1897,2645,1838,1806,1720,2508,1599,1883,1878,1853,2073,1757,2217,1790,1727,2267,1843,3108
"2662397",3167,2890,2712,2745,2674,2446,2447,2529,2420,2507,2457,2300,2258,2274,2251,2257,2146,2211,2281,2044,2239,2177,2156,1931
"285",3165,2564,2380,2284,3084,2169,1291,2878,1258,1156,1160,1956,1089,1268,1212,1272,1810,1249,1946,1283,1263,2240,1265,1562
"2996782",3083,3161,2999,2875,2846,2918,2635,2689,2630,2514,2504,2615,2210,2466,2416,2654,2475,2632,2405,2689,2697,2846,2554,2354
"311180",3106,3161,2608,2674,2793,2866,2322,2560,2176,2313,2188,2424,2078,2058,2089,2220,2173,2077,2409,2127,1929,2258,2161,2105
"2714931",3033,3160,3109,2854,2848,2794,2824,2452,2599,2612,2529,2518,2489,2445,2432,2458,2496,2398,2408,2312,2393,2393,2329,2133
"53522",3002,3160,2872,2894,2713,2868,2732,2598,2698,2699,2668,2455,2483,2439,2490,2478,2469,2439,2239,2320,2406,2233,2320,1946
"1812480",3159,2900,2831,2796,2600,2672,2658,2585,2581,2582,2467,2268,2337,2272,2296,2444,2341,2186,2197,2341,2265,2177,2175,2184
"2654547",2883,3157,2903,2965,2714,2678,2799,2577,2606,2735,2639,2500,2386,2391,2558,2447,2424,2373,2321,2316,2381,2310,2337,2104
"2419771",3090,3156,2935,2891,2866,2814,2662,2746,2756,2613,2602,2480,2358,2379,2434,2264,2210,2223,2410,2142,2370,2379,2257,2113
"2589888",2955,2532,2753,2430,3155,2636,1746,2502,1737,1591,1619,2380,1550,1652,1657,1413,1802,1398,2312,1392,1535,2022,1576,2221
"2725414",2654,2177,2069,1189,2374,2565,696,1778,699,671,634,1443,583,781,779,745,1079,632,1513,650,729,1526,670,3155
"2781978",3153,3080,3012,2852,2870,2768,2547,2685,2761,2600,2442,2485,2325,2417,2396,2326,2411,2299,2335,2279,2220,2353,2209,2229
"192843",3152,2600,2398,2373,2665,2130,1268,2671,1228,1214,1111,2019,1041,1190,1238,1262,1917,1249,1821,1194,1126,2158,1290,1508
"2871170",3051,3152,2940,2992,2918,2853,3010,2652,2811,2816,2834,2562,2605,2666,2637,2645,2395,2524,2419,2393,2419,2378,2380,2260
"317",3147,2742,2388,2384,2552,2445,1738,2451,1639,1622,1630,2212,1461,1637,1624,1679,1947,1620,2044,1685,1658,2054,1760,1791
"61624",3140,2675,2480,2265,2347,2487,1749,2036,1705,1752,1712,1849,1647,1658,1564,1649,1888,1658,1988,1707,1532,1855,1789,1667
"40988",3021,3139,3050,3018,2851,2887,2751,2669,2836,2769,2849,2611,2694,2588,2631,2458,2451,2495,2402,2386,2431,2307,2349,2149
"169427",3127,3136,2621,2485,2578,2700,1880,2730,1847,1817,1820,2294,1613,1868,1868,1803,2223,1816,2240,1868,1862,2245,1953,2045
"329",3133,2774,2358,2330,2418,2523,1580,2338,1655,1581,1519,2150,1427,1590,1572,1613,1940,1598,2103,1667,1473,2175,1597,1769
"204891",3132,3093,2942,2969,2956,2849,2788,2648,2568,2606,2576,2430,2327,2481,2532,2494,2412,2304,2448,2395,2327,2321,2321,2184
"152500",2937,3130,2616,2420,2493,2744,2075,2585,1874,1944,1907,2401,1788,1930,1894,1996,2207,2026,2275,1962,1910,2219,1967,1967
"1288495",3128,2884,2625,2488,3102,2276,1266,3061,1221,1200,1151,1939,1066,1271,1297,1266,1855,1279,2164,1306,1199,2385,1286,1525
"2795974",2932,3128,2803,2723,2775,2652,1949,2456,1905,1849,1858,2471,1752,1908,1826,1893,2466,1871,2444,2047,1770,2487,2155,2195
"2654982",3127,3022,2571,2361,2566,2664,1885,2482,1851,1779,1777,2245,1583,1859,1774,1827,2152,1894,2129,1912,1701,2154,1928,1973
"2857060",2943,3124,2693,2599,2608,2783,2466,2410,2448,2387,2292,2261,2230,2205,2162,2120,2159,2047,2094,2037,2129,2102,1925,2236
"655015",2935,3122,2706,2652,2517,2865,2248,2491,2064,2240,2198,2405,1880,2025,1927,2151,2378,2087,2302,2051,1877,2297,2164,2184
"3068634",3121,3000,2801,2789,2870,2710,2639,2535,2535,2556,2487,2425,2311,2534,2378,2357,2399,2295,2317,2204,2355,2324,2160,2035
"33051",2743,2577,2671,2276,3121,2439,1890,2403,1638,1724,1845,2173,1590,1648,1465,1504,1789,1388,2321,1380,1594,2262,1422,1706
"2008794",3115,3092,2720,2421,2315,2728,1832,2592,2106,1779,1940,2414,1763,2133,2079,1864,2364,1909,2245,1896,2049,2442,1954,1959
"2589967",2684,2374,2711,2346,3110,2314,1682,2335,1686,1466,1525,2199,1385,1560,1498,1302,1707,1361,2241,1383,1485,2021,1507,2067
"1385591",3013,3107,2623,2679,2587,2764,2069,2528,2060,1995,1942,2292,1848,1877,2044,2144,2367,1944,2156,2075,1905,2381,2093,1974
"3015149",3106,2961,2870,2854,2801,2767,2969,2528,2845,2738,2737,2433,2648,2587,2592,2452,2207,2414,2318,2417,2523,2224,2094,1828
"2778082",2625,2411,2508,2216,3104,2332,1663,2303,1621,1599,1565,2111,1462,1643,1599,1490,1770,1392,2219,1375,1532,2304,1532,1806
"3039154",3104,3090,2662,2555,2655,2989,1968,2651,1800,1911,1938,2369,1793,1940,1890,1927,2064,1802,2076,1784,1767,2141,1872,2172
"2174846",3008,3102,2874,2848,2824,2841,2870,2638,2746,2615,2623,2401,2517,2512,2512,2376,2366,2452,2279,2376,2249,2256,2152,2061
"1460244",3101,2964,2684,2781,2602,2533,2544,2603,2520,2509,2516,2370,2252,2417,2395,2312,2216,2136,2164,2149,2174,2141,2073,1991
"904291",3098,2949,3029,2726,2876,2751,2536,2441,2474,2527,2351,2394,2173,2416,2461,2302,2354,2067,2282,2096,2304,2249,2113,2113
"1404443",3097,2999,2791,2610,2706,2865,1911,2777,1959,1817,1753,2615,1626,1960,1957,1767,2062,1735,2220,1815,1830,2210,1856,2130
"758793",2992,3096,2559,2319,2542,2788,1836,2492,1843,1825,1818,2221,1597,1868,1855,1905,2289,1911,2173,1884,1778,2333,2041,2033
"1405",3093,2365,1522,2958,1689,2420,180,2544,129,166,418,1934,129,229,197,91,1427,287,1042,194,158,1098,184,1622
"32013",2886,2128,2242,2082,3091,1768,1062,2908,1039,1012,970,1691,858,986,1082,1021,1497,1101,1743,1059,1055,2150,1042,1367
"2944234",3089,605,583,524,576,501,333,500,370,376,386,485,320,336,369,436,447,350,443,374,346,481,323,373
"2926709",3088,2650,2419,2267,2707,2593,1548,2384,1569,1509,1643,2164,1369,1479,1494,1452,1806,1443,2043,1502,1448,1995,1429,1960
"290",3067,3086,2694,2626,2904,3063,2043,2757,2051,1917,1997,2679,1711,1973,2004,1885,2320,1946,2236,1985,1942,2209,1966,2309
"1572644",2907,2688,3085,2630,2837,2663,2233,2361,2231,2167,2132,2256,2017,2128,2064,2001,1980,1855,2252,1964,1998,2176,1913,2011
"1981880",3008,3084,2593,2445,2426,2703,1913,2615,2171,1886,1934,2487,1735,2164,2123,1959,2575,1975,2270,2061,1984,2414,2117,2112
"2774137",2856,2273,2483,2536,3076,2209,1378,2862,1588,1363,1355,2456,1261,1333,1185,1046,1645,1076,2204,1087,1217,1975,1154,1541
"717785",2855,3076,2645,2516,2580,2946,2033,2434,1990,2004,1968,2363,1776,1769,1854,1888,2232,1891,2101,1859,1766,2051,2013,2337
"2527995",2870,3075,2704,2638,2761,2843,1926,2509,1930,1846,1721,2576,1608,1971,1841,1839,2483,1749,2350,1917,1785,2381,2024,2282
"2853163",3074,2663,2517,2285,2647,2246,1416,2634,1359,1343,1321,2104,1209,1386,1373,1318,1909,1394,1955,1404,1312,2249,1468,1652
"2851650",3073,2602,2951,2405,2879,2541,2321,2235,2287,2133,1989,1981,2049,2066,2064,1981,1975,1867,2138,1784,2001,2056,1760,2519
"1169025",3063,2995,2744,2794,2738,2415,2568,2466,2412,2372,2563,2295,2282,2347,2279,2344,2042,2176,2160,2332,2138,2148,2009,2017
"2918765",2619,2733,2619,2230,3063,2592,1969,2435,1726,1935,2095,2374,1726,1789,1703,1676,1751,1581,2332,1573,1632,2021,1515,1938
"3017325",2659,2302,2434,2397,3061,2254,1402,2666,1562,1441,1488,2395,1313,1399,1284,1259,1604,1173,2168,1162,1271,1995,1227,1614
"353",3058,3044,2535,2621,2508,2692,2291,2480,2055,2123,2083,2453,1815,2086,2099,2082,2439,2131,2233,2028,1938,2415,2016,2266
"2203205",3057,3047,3007,2922,2793,2834,2825,2768,2695,2656,2515,2697,2724,2387,2529,2444,2327,2271,2283,2254,2273,2272,2222,2007
"540747",2957,3057,2625,2526,2580,2687,2189,2450,2140,2153,2143,2383,1999,1959,1962,2137,2212,2086,2257,2095,1970,2140,2099,2095
"2607753",3055,2962,2800,2720,2617,2648,2694,2470,2543,2537,2470,2231,2399,2393,2369,2321,2331,2348,2228,2195,2186,2136,2074,2099
"2010829",2947,3001,2783,2446,3054,2712,2142,2667,1956,1915,1829,2398,1802,2101,1903,1919,2161,1784,2343,1870,1885,2366,1963,2033
"2976680",2644,2135,2453,2220,3053,2097,1418,2603,1348,1291,1301,2258,1199,1229,1203,1126,1523,1095,2118,1169,1244,1819,1226,1615
"28894",3051,3014,2924,2800,2836,2804,2682,2558,2715,2645,2657,2404,2489,2568,2478,2370,2136,2240,2317,2261,2356,2171,2203,2081
"1982042",2188,2080,2264,1808,3049,2018,1489,2160,1567,1441,1591,2262,1273,1482,1400,1058,1380,1019,2269,1092,1442,1711,1100,1433
"57975",2794,3048,2503,2399,2561,2647,1919,2409,1918,1967,1911,2312,1734,1896,1945,1978,2310,1865,2217,1941,1874,2131,2087,1885
"2591463",2697,2055,2645,2103,3043,2699,1988,2073,1953,1909,1834,1851,1708,1915,1713,1658,1515,1442,1958,1504,1983,2308,1506,2954
"286727",2746,3042,2565,2621,2430,2905,2237,2328,2119,2110,2132,2303,1949,2072,2031,2117,2137,2117,2182,2103,2013,2053,2104,2121
"2591109",2906,3037,2595,2305,2598,2595,2012,2455,1895,1950,1820,2248,1631,1849,1885,1845,2296,1824,2145,1875,1788,2301,1853,1917
"1894",3035,2981,2733,2886,2664,2672,2700,2571,2622,2582,2646,2363,2307,2411,2375,2349,2350,2413,2233,2354,2199,2131,2184,2004
"28047",3035,2968,2612,2615,2617,2918,2369,2484,2273,2318,2318,2199,2240,2115,2205,2022,2092,2016,2139,1901,2095,2080,2044,2036
"296544",2505,2298,2409,1981,3034,2104,1547,2247,1359,1484,1422,2088,1347,1300,1232,1254,1480,1229,2231,1174,1240,2002,1166,1585
"168695",2995,3033,2673,2764,2708,2729,2809,2469,2699,2628,2677,2259,2479,2434,2442,2323,2181,2292,2210,2321,2218,2339,2246,1861
"2897334",2856,3033,2585,2507,2513,2720,2114,2406,2144,2207,2186,2175,1881,2027,1919,2187,2285,2060,2162,2083,1890,2025,2126,2076
"1826607",2949,3028,2685,2811,2626,2818,2286,2472,2315,2332,2344,2385,2037,2139,1998,2087,2418,2058,2284,2118,1989,2230,2133,2235
"887464",2843,3025,2770,2646,2763,2539,2580,2396,2393,2330,2404,2318,2316,2356,2410,2255,2146,2336,2106,2106,2228,2150,2116,1855
"948107",3020,2877,2527,2347,2360,2469,1844,2365,1749,1760,1677,2212,1584,1792,1819,1779,2112,1721,2181,1779,1789,2081,1876,1856
"1085",3019,2999,2698,2513,2702,2966,2395,2563,2162,2182,2176,2498,1942,2076,2067,2042,2358,2014,2315,2118,1991,2195,2099,2259
"1810",3013,2929,2614,2571,2456,2719,2313,2321,2302,2165,2167,2218,2164,2166,2148,2032,2012,2041,2073,1980,2031,2210,1926,2060
"728066",3010,1301,2109,2171,2659,1198,1113,1640,1077,1103,1004,1995,1014,1014,1022,868,1079,768,1931,838,1034,1517,778,935
"33889",2956,3005,2811,2669,2870,2632,2603,2515,2500,2538,2494,2380,2362,2367,2242,2340,2314,2275,2206,2112,2133,2274,2232,2013
"2020377",2999,2986,2912,2764,2951,2662,2724,2608,2542,2586,2546,2481,2267,2444,2357,2345,2250,2222,2373,2276,2254,2390,2118,1956
"80868",2710,2457,2178,2179,2866,1780,1119,2996,995,1077,1069,1932,889,1081,1068,1082,1639,1100,2058,1073,1071,2023,1133,1414
"2665642",2750,2995,2681,2686,2508,2585,2639,2446,2408,2404,2456,2350,2189,2327,2203,2264,2307,2249,2039,2208,2203,2149,1998,1941
"2944250",2993,2694,2608,2596,2816,2478,2522,2467,2466,2449,2383,2209,2378,2344,2292,2095,2046,2084,2201,2009,2091,2120,2032,1833
"2742603",2827,2992,2765,2667,2849,2623,2720,2470,2566,2502,2599,2347,2320,2413,2366,2320,2298,2217,2174,2188,2255,2224,2257,2094
"2802975",2808,2990,2670,2485,2612,2736,2043,2511,1943,2035,1989,2419,1861,1928,1953,2137,2432,2124,2080,2100,1988,2209,2183,2126
"2025949",2989,1665,1301,1739,1649,1458,905,1939,787,792,790,1171,689,788,804,760,1098,797,1113,837,760,1171,779,895
"1690221",2985,2961,2796,2767,2736,2580,2581,2417,2522,2493,2465,2211,2381,2241,2355,2271,2204,2216,2199,2043,2157,2190,2086,1889
"1715989",2982,2609,2677,2495,2611,2376,2210,2214,1945,2097,2282,2387,1778,1973,1925,1891,2063,1749,2408,1911,1878,2189,1982,1790
"1907575",2863,2982,2690,2647,2604,2560,2578,2325,2646,2419,2532,2162,2300,2326,2358,2255,2188,2232,2140,2142,2136,1971,2135,1910
"3050384",2735,2468,2981,2305,2924,2271,2100,2122,2127,1928,1993,2015,1765,1974,2035,1734,1650,1683,2141,1657,1848,2094,1684,1992
"1881061",2911,2980,2686,2575,2526,2855,2140,2564,2142,2096,2201,2427,1987,1986,1885,2016,2353,1967,2166,1990,1752,2220,1966,2121
"2878150",2979,2951,2474,2380,2480,2569,1856,2505,1818,1868,1710,2354,1647,1877,1877,1830,2116,1819,2123,1843,1728,2193,1873,1808
"3016006",2909,2978,2715,2578,2705,2789,2080,2502,2001,2010,2001,2387,1842,1931,1929,1837,2175,1953,2204,1909,1890,2131,1932,2086
"2596911",2977,1110,2003,2071,2647,998,833,1392,787,790,832,2099,781,778,837,658,965,600,1895,636,742,1597,640,979
"2927875",2921,2648,2902,2827,2976,2326,2273,2601,2240,2113,2108,2286,1926,1957,2051,1950,1975,1748,2263,1709,1816,1922,1743,1630
"768507",2741,2775,2733,1915,2974,2370,1317,2316,1365,1157,1183,2047,1037,1388,1268,1192,1681,1165,2287,1322,1292,2468,1292,2035
"1763828",2881,2966,2657,2441,2968,2531,2189,2432,1885,1956,2102,2410,1897,1829,1828,1920,2053,1768,2314,1675,1743,2118,1744,2014
"2897772",2966,2935,2555,2292,2307,2561,1923,2483,1928,1787,1689,2428,1563,1950,1881,1873,2244,1776,2102,1843,1834,2182,1948,1899
"2654249",2232,1679,2123,1835,2964,1863,1267,1939,1282,1048,1154,1878,1157,1236,1192,931,1147,860,1889,807,1070,1714,1035,1680
"84159",2964,2950,2484,2359,2572,2623,2030,2436,1972,1992,2065,2478,1830,2044,1924,1901,2151,1840,2177,1939,1887,2176,1965,2140
"2831106",2506,2099,2189,2298,2959,2107,1247,2877,1115,1141,1202,2615,1078,1087,1043,970,1439,953,2098,1008,1027,1820,1038,1581
"1274",2785,2958,2664,2627,2540,2502,2504,2479,2340,2306,2267,2154,2249,2181,2254,2199,2203,2109,2081,2132,2189,2045,2008,1956
"187137",2948,2958,2592,2596,2477,2751,2438,2421,2343,2426,2254,2395,2145,2164,2131,2292,2536,2258,2094,2339,1974,2232,2354,1912
"2894310",2645,2958,2414,2524,2449,2636,2230,2282,2126,2189,2093,2218,1953,1992,1995,2090,2214,2120,2140,2147,1924,2099,2164,1964
"1663591",2899,2957,2568,2487,2439,2664,2083,2551,2023,2042,2038,2360,1825,1963,1843,2058,2200,1930,2093,1978,1762,2230,2009,1962
"2502843",2218,2312,2246,1996,2957,2186,1608,2287,1503,1443,1643,2331,1321,1518,1390,1123,1421,1088,2272,1173,1403,1859,1178,1627
"2982531",2119,1844,2264,1619,2949,1975,1289,1891,1275,1163,1245,1776,1120,1283,1271,1093,1262,1097,2025,1161,1248,1812,1157,1553
"2762325",2796,2948,2797,2662,2631,2626,2473,2318,2462,2456,2470,2327,2197,2324,2267,2192,2279,2229,2233,2131,2217,2118,2132,2062
"2662261",2942,2867,2638,2660,2567,2448,2485,2340,2497,2378,2465,2161,2187,2263,2304,2208,2186,2006,2050,2178,2041,2151,2067,1939
"3034022",2942,2866,2783,2707,2676,2753,2656,2515,2596,2635,2478,2465,2245,2357,2267,2328,2147,2215,2133,2304,2321,2014,2091,2185
"193",2732,2938,2527,2603,2332,2784,2258,2306,2127,2134,2139,2193,2006,1988,1926,2072,2052,2087,2153,1978,1968,2026,2043,1928
"1484693",2937,2279,2049,2021,2645,1741,898,2664,857,842,775,1714,735,841,830,888,1433,908,1655,892,821,1956,913,1315
"2055",2892,2936,2625,2754,2759,2495,2373,2378,2575,2368,2471,2341,2237,2365,2402,2059,2233,2156,2000,2129,2218,2129,2085,2016
"67296",2936,2720,2793,2623,2783,2388,2424,2296,2355,2446,2268,2303,2164,2351,2255,2025,2151,2101,2139,2013,2130,2204,1995,1909
"1652028",2758,2932,2613,2618,2603,2651,2628,2334,2570,2506,2430,2379,2255,2483,2321,2334,2252,2254,2053,2311,2098,2115,2282,1892
"1795630",2843,2932,2640,2570,2546,2555,2403,2465,2386,2286,2383,2296,2094,2192,2233,2218,2231,2144,2254,2116,2121,2083,2080,1996
"40989",2932,2898,2844,2752,2628,2655,2660,2534,2577,2661,2604,2327,2360,2444,2422,2213,2223,2245,2197,2130,2241,2139,2131,1904
"2759707",2930,2886,2619,2514,2928,2735,2149,2504,2049,2187,2203,2495,1888,1891,1819,1958,2055,1772,2286,1862,1876,2074,1895,2097
"2502779",2469,2929,2536,2095,2762,2580,1508,2045,1498,1489,1378,1990,996,1393,1351,1306,1494,1155,2447,1432,1545,2164,1392,1965
"3061626",2919,2928,2789,2614,2613,2756,2846,2523,2729,2622,2616,2352,2432,2563,2508,2356,2075,2258,2220,2237,2375,2131,2107,1834
"93221",2927,2864,2591,2356,2482,2562,1828,2586,1841,1792,1771,2362,1603,1828,1753,1937,2215,1749,2158,1804,1749,2265,1861,1872
"220927",2926,2871,2724,2749,2614,2655,2414,2391,2384,2285,2422,2208,2163,2239,2216,2265,2208,2148,2156,2008,2181,2089,2046,1939
"2962047",2694,2925,2744,2501,2557,2411,2557,2421,2459,2388,2431,2223,2164,2243,2285,2199,2170,2053,2134,2134,2180,2085,2107,1895
"1783515",2924,2569,2568,2633,2672,2327,2515,2473,2498,2328,2305,2261,2137,2082,2238,2062,1952,1815,2087,1945,1970,1932,1816,1815
"2567881",2921,2751,2621,2834,2725,2645,2518,2417,2522,2416,2503,2141,2350,2294,2297,2390,2394,2172,2131,2224,2131,2182,2059,1991
"2909588",2800,2582,2914,2393,2921,2436,2116,2249,2202,1985,2030,2103,1840,2070,2104,1821,1793,1814,2244,1743,1972,2048,1749,2029
"2527972",2829,2919,2768,2774,2801,2582,1898,2464,1980,1942,1923,2420,1775,1988,1837,1690,2306,1712,2402,1696,1793,2354,2052,2112
"3020055",2917,2578,2667,2537,2592,1985,2115,2299,1978,1957,1953,2240,1863,1741,1831,1626,1605,1539,2057,1455,1738,1824,1466,1520
"2038343",2916,2772,2568,2705,2537,2514,2557,2302,2413,2457,2351,2057,2242,2298,2246,2164,2210,2110,2043,2140,2061,2135,2080,1856
"2051957",2639,2807,2100,2590,1972,2486,2914,2013,2608,2688,2670,1723,2337,2308,2236,2648,2316,2423,1607,2459,2219,1755,2244,1651
"1458426",2910,2649,2261,2281,2166,2319,1332,2494,1411,1363,1326,2064,1173,1298,1351,1431,1970,1421,1858,1351,1318,1964,1445,1575
"3049069",2597,2391,2909,2193,2769,2179,1914,2052,2123,1821,1852,1776,1803,1933,2040,1665,1631,1509,2150,1557,1766,2084,1567,1950
"33075",2908,2819,2548,2268,2361,2787,1859,2365,1915,2030,1815,2423,1699,1897,1851,2207,2385,2121,1928,2194,1755,2135,2195,2037
"1226968",2734,2906,2548,2547,2556,2809,2208,2423,2100,2050,2163,2149,1952,2044,1946,2083,2124,2008,2147,2048,1869,2177,1950,2098
"199596",2820,2905,2537,2622,2642,2727,2087,2480,1952,1872,2026,2413,1877,1875,1809,1946,2220,1910,2133,1916,1742,2173,1959,2121
"80860",2901,2817,2815,2667,2780,2608,2563,2503,2331,2353,2466,2241,2316,2275,2331,2223,2092,2221,2221,2076,2203,2058,2019,1883
"2099694",2623,2900,2522,2403,2169,2368,2205,2221,2176,2100,2142,2113,2070,2050,2038,2046,2000,1896,1885,1945,1888,1981,1864,1898
"1078471",2833,2896,2748,2746,2672,2606,2651,2390,2589,2519,2412,2358,2267,2382,2361,2299,2207,2158,2179,2173,2147,2168,2265,1896
"2724914",2896,2761,2827,2742,2809,2574,2450,2570,2390,2420,2327,2401,2192,2470,2295,2114,2144,2046,2200,1935,2076,2254,1925,1950
"51671",2670,2451,2768,2218,2896,2174,1972,2107,2116,1864,1855,1917,1749,1866,1950,1635,1632,1560,2165,1579,1772,2136,1564,2026
"482564",422,421,348,400,317,404,2768,601,793,2895,1777,396,1174,595,521,697,372,1167,306,850,971,300,829,338
"273251",2891,2883,2565,2386,2592,2599,1889,2381,1902,1799,1790,2301,1697,1887,1795,1802,2276,1812,2154,1915,1812,2281,1978,2021
"2976459",2572,2275,2232,2198,2891,2226,1346,2464,1368,1305,1296,2348,1074,1253,1151,1168,1593,1132,2100,1077,1122,1774,1184,1525
"2831967",2654,2890,2857,2565,2496,2690,2249,2346,2497,2308,2217,2305,2015,2231,2157,2350,2112,2334,2241,2477,2343,2495,2279,2285
"2907154",2068,2129,2268,1752,2890,1849,1571,2024,1517,1367,1629,2104,1255,1440,1398,1197,1319,1153,2083,1135,1459,1686,1181,1565
"2675523",2625,1869,2327,1594,2889,2069,1555,1828,1585,1428,1500,1625,1453,1689,1533,1292,1318,1143,1683,1027,1582,2114,1164,1510
"748280",2793,2887,2549,2384,2420,2723,1997,2633,1876,1877,1801,2387,1623,1908,1838,1905,2141,1895,2067,1894,1795,2256,1998,1801
"1325115",2884,2815,2506,2432,2470,2841,1933,2591,1977,1800,1788,2396,1677,1855,1963,1813,1975,1769,2176,1809,1820,2055,1936,2075
"447217",2550,2884,2273,2341,2297,2616,2086,2181,1992,2007,1877,2244,1880,1933,1822,2156,2367,2001,1933,2114,1873,1964,2097,1902
"2567884",2883,2858,2777,2807,2850,2681,2744,2552,2523,2527,2524,2484,2268,2447,2340,2332,2292,2219,2196,2231,2343,2156,2224,2051
"53408",2881,2688,2366,2295,2260,2361,1837,2399,1760,1696,1777,2004,1625,1701,1655,1774,2066,1833,2156,1705,1609,2056,1773,1761
"1969821",2880,2785,2478,2293,2546,2522,1863,2390,1835,1903,1778,2431,1688,1853,1735,1646,2064,1626,2116,1720,1594,2111,1838,1980
"75385",2819,2776,2762,2875,2700,2565,2805,2385,2594,2678,2650,2284,2336,2313,2365,2362,2234,2243,2159,2197,2119,2218,2060,1909
"1355015",2833,2870,2678,2537,2752,2431,2305,2426,2432,2304,2307,2331,2135,2170,2140,2076,2100,2033,2160,1925,2025,2134,1977,1748
"2496847",2604,2865,2346,2057,2263,2448,1815,2298,1836,1746,1668,2185,1484,1879,1919,1848,2288,1877,2035,1933,1869,2346,1975,1838
"2653850",2278,2325,2381,2017,2863,1952,1608,2232,1567,1537,1690,2332,1398,1490,1415,1223,1449,1163,2269,1171,1461,1716,1143,1546
"743009",2863,2773,2777,2404,2623,2485,2201,2359,2266,2226,2242,2192,1958,2248,2134,2012,1982,1903,2225,1977,2029,2176,1903,2053
"2493678",2483,2167,2403,2046,2859,2206,1419,2152,1396,1265,1300,2097,1266,1454,1294,1194,1534,1126,1955,1134,1242,1879,1132,1979
"36805",2754,2480,2841,2312,2856,2129,1952,2085,2050,1847,1984,1954,1733,1942,1985,1689,1721,1629,2136,1729,1826,1954,1596,1943
"2705439",2855,2697,2611,2633,2702,2520,2524,2409,2331,2438,2426,2281,2270,2277,2308,2149,2080,2092,2115,2066,2196,2065,1947,1907
"68249",2850,2626,2645,2413,2746,2330,2437,2443,2451,2400,2394,2206,2177,2181,2375,2033,1963,1978,2095,2114,2092,2058,1893,1849
"121292",2845,1130,1831,2015,2547,1075,814,1396,769,818,795,2198,802,745,864,688,1037,613,1812,591,730,1484,679,939
"2493679",2560,2116,2527,2192,2845,2190,1435,2204,1544,1392,1417,2166,1333,1538,1484,1266,1521,1169,2110,1278,1340,1931,1174,2051
"84292",2549,2243,2843,2209,2741,2183,1932,1940,1947,1896,1758,1881,1719,1869,1913,1615,1585,1591,2054,1599,1793,1975,1557,1868
"44010",2653,2841,2342,2396,2188,2433,2113,2180,2126,2171,1963,2036,1800,1971,1876,1993,1979,1845,1954,1831,1872,1881,1874,1832
"2547601",2251,2401,2271,2017,2840,2077,1496,2114,1514,1467,1567,2048,1316,1507,1486,1318,1498,1258,2210,1253,1463,1800,1241,1564
"2708338",2840,2715,2665,2680,2537,2376,2198,2282,2259,2196,2048,2291,1919,2064,2210,1902,1985,1814,1973,1870,1968,2067,1845,1816
"336203",1665,879,1858,1073,2839,824,397,1407,309,389,402,976,334,364,323,320,503,307,1534,326,300,968,325,640
"3057176",2624,2838,2358,2187,2336,2379,1725,2403,1826,1757,1750,2188,1451,1803,1717,1691,2099,1640,2012,1761,1752,2146,1839,1828
"1798223",2796,2837,2761,2642,2621,2409,2291,2455,2321,2326,2179,2281,2123,2210,2101,1985,2089,1984,2186,1905,1990,2070,1856,1978
"1653478",2836,2689,2523,2608,2467,2441,2391,2302,2352,2373,2228,2075,2128,2118,2265,2184,2121,2063,2035,2072,1955,1972,2009,1872
"2603206",2721,2833,2616,2583,2522,2464,2475,2344,2425,2316,2349,2174,2211,2284,2118,2111,2128,2096,1982,2028,2141,1996,2097,1826
"2904523",2747,2777,2626,2833,2606,2449,2523,2309,2310,2448,2423,2112,2178,2313,2341,2305,2130,2101,2061,2052,2125,2189,1986,1861
"3064901",2778,2542,2595,2431,2832,2250,2241,2444,2134,2164,2201,2201,2088,2004,2065,1855,1815,1852,2088,1831,1828,1887,1747,1631
"2742145",2831,2810,2415,2589,2581,2751,2038,2406,1931,1973,1984,2336,1787,1797,1779,1827,2152,1793,2133,1786,1786,2075,1915,1933
"3015156",2660,2829,2581,2498,2693,2367,2681,2421,2644,2479,2512,2140,2368,2450,2358,2242,1984,2160,2097,2120,2239,1975,1955,1671
"3049073",2365,2344,2828,2009,2671,2097,1820,1907,1918,1800,1815,1867,1593,1782,1910,1530,1588,1500,2017,1536,1786,1965,1519,1799
"2024551",2725,2827,2575,2255,2402,2710,1984,2411,1851,1841,1882,2312,1748,1913,1855,1885,2105,1930,2028,1879,1816,2201,1946,1981
"234612",2827,2714,2679,2649,2428,2534,2395,2375,2346,2314,2451,2156,2199,2177,2189,2084,2068,2084,2079,2136,2023,2042,1948,1937
"391905",2678,2827,2274,2334,2384,2512,1953,2282,1796,1847,1845,2204,1680,1828,1816,1885,2121,1794,1905,1781,1747,1879,1803,1892
"2763257",2696,2472,2784,2305,2826,2329,2029,2170,2000,1878,1945,1994,1746,2022,1821,1799,1857,1707,2159,1602,1838,2171,1584,1983
"185642",2697,2825,2420,2521,2310,2606,2192,2262,2180,2198,2173,2115,2106,1988,2110,2054,2131,2007,2044,1985,1842,1968,1992,1830
"322009",2809,2825,2728,2771,2601,2525,2609,2408,2521,2474,2407,2240,2268,2271,2303,2257,2323,2190,2128,2076,2141,2205,2213,2009
"2662065",2715,2545,2460,2436,2824,2352,2480,2358,2293,2281,2140,2175,2192,2079,2250,1891,1895,2000,2012,1862,2008,1943,1801,1646
"2880218",2824,2821,2456,2184,2426,2408,1847,2316,1733,1787,1683,2172,1632,1790,1772,1749,2001,1755,1960,1692,1712,2123,1817,1809
"1891644",2819,2662,2657,2598,2605,2588,2418,2348,2477,2459,2381,2189,2234,2215,2260,2121,2218,2063,2047,2030,2037,2088,2068,1852
"3016090",2767,2817,2623,2539,2497,2673,2640,2332,2551,2474,2399,2244,2217,2268,2244,2161,1955,2068,2116,2070,2170,2013,1969,1757
"447588",2796,2817,2323,2277,2169,2524,1735,2238,1684,1650,1715,2161,1443,1689,1794,1839,2120,1776,1926,1786,1706,2145,1652,1839
"1033854",2553,2816,2366,2208,2382,2476,1720,2337,1680,1727,1696,2300,1511,1675,1649,1715,2124,1694,1978,1779,1647,2085,1706,1912
"47421",2811,2299,2027,1993,2151,1912,987,2469,936,984,858,1912,830,979,935,1028,1579,987,1656,999,923,1864,881,1262
"3016092",2810,2771,2732,2576,2595,2653,2606,2432,2683,2647,2638,2163,2412,2354,2459,2404,2034,2291,2166,2245,2325,2007,2172,1727
"1617967",2557,2809,2301,2221,2299,2616,1846,2149,1873,1837,1720,2186,1679,1754,1731,2046,2211,2014,1898,2024,1760,2046,2117,1905
"1648182",2805,2786,2514,2605,2553,2554,2461,2408,2453,2360,2258,2088,2189,2235,2219,2167,2087,2044,2211,2075,2070,1977,2110,2364
"57493",2805,2761,2663,2698,2588,2476,2446,2217,2416,2355,2349,2224,2213,2159,2235,2192,2140,2096,2158,2051,2118,2040,1925,1821
"1793",2799,2791,2578,2453,2597,2535,2220,2340,2305,2221,2244,2167,2187,2171,2141,2093,2062,2073,2005,1918,2120,1952,1904,2090
"2929795",2729,2799,2660,2530,2515,2679,2385,2264,2271,2335,2249,2252,2079,2130,2110,2089,2228,2089,1991,2113,2100,2042,2037,2006
"2056258",2711,2678,2798,2305,2480,2522,1942,2482,1901,1804,1820,2351,1708,1719,1660,1640,2080,1659,2097,1681,1542,1934,1687,1955
"2752316",2797,2197,2052,2104,2537,1833,826,2556,809,820,806,1727,701,783,834,940,1458,790,1591,903,798,1830,978,1186
"47671",2795,2622,2333,2131,2387,2204,1698,2265,1787,1577,1580,2076,1443,1800,1760,1605,1999,1608,1992,1641,1623,2024,1733,1576
"1288494",1756,902,1911,2580,2793,871,2573,1304,1994,2223,2469,1408,2367,1971,1567,638,639,596,1700,655,1765,1121,742,645
"664962",2715,2790,2414,2573,2469,2557,2087,2311,2179,2123,2158,2087,1975,2020,2003,2204,2174,2138,2151,2079,1973,2027,2035,1970
"2588711",2683,2786,2433,2459,2440,2660,2179,2213,2104,2145,2158,2268,1860,1978,1923,1904,2094,1848,2143,1933,1866,2119,1833,1902
"47312",2785,2584,2582,2576,2477,2635,2417,2366,2404,2208,2253,2304,2060,2185,2195,2207,2179,2055,1919,2111,2017,2083,2023,1847
"1138189",2784,2053,2024,1898,2028,2050,1125,2353,1161,1134,1089,1718,1038,1099,1119,1105,1391,1018,1683,1124,985,1454,1081,1664
"2729175",2783,2762,2724,2680,2447,2520,2539,2303,2466,2372,2467,2238,2293,2274,2289,2219,2142,2117,2070,2080,2179,2006,1963,1896
"1267766",1984,2084,2264,1707,2782,1921,1223,2165,1299,1134,1206,2429,977,1293,1163,911,1304,910,2190,846,1144,1706,834,1501
"1276",2680,2781,2683,2645,2455,2488,2496,2275,2382,2425,2371,2135,2015,2171,2219,2126,2149,2054,2019,2182,2024,2011,2060,1833
"2763107",2486,2780,2382,2161,2407,2690,1795,2101,1683,1776,1632,2227,1529,1646,1674,1886,2370,1986,1875,1953,1589,2203,2159,2055
"1071679",2779,2633,2310,2147,2261,2337,1737,2247,1750,1672,1530,2106,1449,1686,1653,1614,2005,1732,1913,1815,1607,2019,1721,1709
"3028316",2656,2559,2711,2219,2779,2254,2062,2172,2062,2052,1975,2028,1842,2088,2122,1769,1874,1678,2066,1711,1867,2168,1790,1954
"2829500",2217,2361,2273,1885,2776,2096,1626,2122,1511,1491,1535,2298,1306,1483,1349,1244,1478,1184,2162,1214,1283,1719,1098,1552
"1639348",2583,2774,2319,2218,2347,2491,1948,2298,1768,1859,1824,2111,1663,1926,1767,1866,2111,1819,1986,1732,1692,1960,1719,1901
"2831000",2769,1100,1906,1952,2311,1036,1000,1384,892,953,913,1908,894,804,899,804,1043,706,1740,757,852,1390,742,898
"2565558",2765,2179,1893,1875,2266,1822,1004,2418,914,1009,946,1766,901,968,1072,1036,1593,949,1680,1076,976,1819,1096,1332
"2963431",2658,2660,2610,2765,2579,2367,2537,2299,2433,2349,2328,2201,2162,2278,2224,2131,2053,2057,2137,2003,2146,2111,1966,1748
"1906742",2576,2484,2764,2266,2625,2212,2022,2078,2008,1864,1870,1890,1735,1773,1854,1624,1818,1639,2043,1580,1781,1987,1634,1898
"148447",2698,2763,2380,2262,2442,2495,1687,2345,1725,1638,1625,2066,1512,1703,1572,1835,2102,1615,2049,1734,1552,2015,1637,1803
"2705399",2758,2731,2567,2278,2532,2388,1954,2561,1841,1779,1935,2379,1738,1978,1796,1551,1883,1585,2187,1565,1673,2195,1704,1935
"3033808",2757,2714,2505,2543,2589,2427,2402,2357,2248,2245,2188,2108,2103,2124,2105,2080,1977,1992,2045,1925,2094,1980,1867,1893
"147645",2567,2753,2450,2437,2444,2560,2122,2238,2025,2041,1974,2117,1858,1838,1742,1820,1946,1869,1962,1808,1805,1925,1803,1789
"1903186",2533,2752,2472,2428,2375,2486,2314,2235,2233,2255,2193,2104,1982,2082,2171,2039,2116,2081,1898,2016,1933,1907,1879,1761
"2851648",2711,2466,2752,2012,2546,2368,1957,1974,1950,1759,1721,1818,1697,1781,1831,1588,1625,1530,1947,1536,1726,1909,1476,1826
"43348",2596,2752,2358,2384,2244,2444,2156,2205,2151,2119,2129,2029,1987,2023,2042,1881,1986,1876,1948,1814,1902,1890,1875,1865
"2736649",2751,2552,2186,2280,2245,2716,2005,2205,1892,1986,1911,1896,1794,1838,1839,1709,1873,1785,1820,1747,1698,1748,1723,2012
"134",2529,2750,2307,2277,2351,2483,1836,2183,1746,1834,1891,2192,1688,1721,1718,1808,1976,1786,2030,1771,1763,2027,1787,1926
"420953",2750,2698,2260,2146,2295,2319,1583,2378,1738,1726,1632,2155,1536,1704,1652,1666,2053,1681,1934,1681,1672,1965,1726,1681
"3031712",2531,2742,2480,2141,2201,2455,1681,2522,1672,1666,1631,2562,1451,1778,1769,2010,2096,1902,2123,2099,1814,2190,2138,1983
"2782167",2739,2229,2718,2212,2694,2250,1956,1997,1931,1841,1854,1758,1659,1869,1916,1699,1587,1529,1986,1566,1770,1973,1666,1884
"2594265",2668,2738,2574,2683,2424,2361,2337,2187,2398,2330,2320,2207,2197,2212,2242,1972,2072,2017,1872,1956,2000,2123,1961,1748
"2268461",2469,2301,2737,2213,2591,2086,1888,2022,2028,1773,1807,1788,1678,1772,1932,1616,1642,1508,1951,1531,1859,1895,1609,1828
"1312183",2729,2526,2307,2142,2462,2543,1627,2286,1445,1386,1551,2114,1387,1437,1377,1458,1756,1318,1886,1358,1429,1775,1381,1926
"2575923",2728,2722,2475,2648,2520,2401,2372,2262,2225,2319,2214,2203,2111,2119,2094,2077,2174,1986,1976,1980,2069,1948,2027,1787
"1270",2647,2725,2599,2395,2423,2485,2368,2319,2262,2246,2220,2210,2105,2143,2199,2193,2054,2076,1993,2143,2160,1937,2055,1869
"2996261",2723,1359,2245,2283,2588,1383,1186,1583,1141,1170,1148,2337,1013,970,1123,890,1226,903,1817,826,1033,1698,894,1084
"340345",2630,2722,2543,2467,2490,2565,2452,2403,2519,2428,2333,2170,2282,2241,2214,2057,2117,1987,1955,2132,2079,1892,2092,1919
"3039801",2623,2721,2310,2200,2416,2705,1966,2201,1747,1828,1861,2019,1654,1801,1735,1790,2006,1741,1944,1765,1664,1882,1732,2189
"2995166",2636,2679,2388,2298,2393,2715,2025,2245,1865,1800,1929,2191,1737,1859,1897,1803,2055,1853,1994,1884,1776,1949,1875,2172
"351604",2468,2714,2245,2140,2157,2522,1900,1996,1729,1774,1757,1960,1550,1766,1623,1737,2116,1683,1778,1905,1533,1891,1940,1831
"482957",2705,2699,2287,2233,2256,2392,1731,2183,1801,1695,1608,2011,1518,1742,1758,1745,1942,1757,1986,1611,1606,2023,1726,1722
"1042",2340,2435,2323,2051,2701,2180,1789,2119,1739,1751,1860,2239,1557,1612,1647,1506,1607,1364,2184,1367,1596,1825,1420,1637
"912630",2701,2088,2544,2220,2483,1942,1819,1867,1977,1697,1691,1898,1647,1713,1730,1454,1525,1377,1785,1419,1668,1757,1402,1698
"3049774",2288,2037,2192,2143,2700,2030,1394,2580,1285,1286,1204,2166,1132,1145,1114,1124,1403,1011,1983,1122,1136,1636,1119,1491
"93681",1878,1798,780,2698,1221,1058,191,1066,184,170,194,607,146,201,182,201,604,246,747,228,180,689,263,362
"2541726",2487,2440,2696,2169,2593,2166,1965,1907,1967,1921,1856,1936,1784,1888,1872,1645,1703,1786,1927,1737,1816,1986,1554,1768
"34007",2594,2695,2478,2499,2594,2363,2042,2238,1846,2042,2094,2212,1813,1814,1775,1912,1838,1888,2046,1822,1731,2065,1863,1926
"123899",2694,2499,2183,2065,2207,2272,1608,2118,1510,1508,1588,1997,1308,1723,1532,1607,1899,1541,1878,1582,1567,1883,1672,1682
"1285901",2578,2694,2496,2421,2294,2418,2351,2219,2414,2211,2303,2086,2091,2179,2108,1969,2074,1932,1982,1989,1993,2076,1919,1702
"120962",2427,2692,2185,2376,2230,2601,2027,2285,1832,1991,1896,2264,1843,1687,1690,1951,2172,1845,1667,1931,1551,1656,1950,1963
"2934161",2659,2690,2479,2609,2440,2372,2383,2085,2271,2247,2323,2118,2121,2163,2210,2057,1973,1984,2034,1936,1985,1979,1933,1766
"3002640",2598,2690,2463,2538,2499,2449,2498,2242,2356,2334,2251,2068,2197,2174,2201,2141,1935,2092,2023,2016,2084,1875,2017,1865
"2493671",2226,1937,2300,2034,2689,2145,1294,2013,1368,1262,1350,1899,1238,1332,1316,1179,1435,1066,1951,1081,1244,1756,1211,1837
"132473",2646,2683,2644,2667,2506,2613,2509,2312,2463,2352,2295,2108,2278,2250,2136,2276,2159,2226,2009,2065,2036,2082,2115,1920
"980254",2596,2682,2611,2409,2557,2479,1769,2171,1714,1629,1666,2159,1554,1674,1565,1644,2203,1661,1991,1729,1533,2186,1919,1904
"2546351",2680,2661,2398,2535,2234,2426,2131,2243,2122,2180,1984,2246,1808,2060,1935,2082,2212,2049,1891,2089,1768,1929,2077,1759
"53437",2633,2678,2515,2349,2311,2467,2268,2236,2358,2251,2321,2113,2015,2150,2223,2031,1995,2060,1856,2021,1949,1923,1993,1656
"2599293",2675,2628,2646,2433,2505,2393,2158,2350,2121,2127,2112,2067,1987,2026,2038,2012,1982,1892,2049,1934,1877,1998,1850,1851
"66374",2673,2616,2345,2488,2294,2382,2310,2157,2035,2136,2086,1976,1933,1922,2087,1990,1868,1955,1854,1910,1907,1859,1718,1774
"2919322",2669,2468,2318,2365,2366,2381,2472,2367,2213,2246,2244,2161,2110,2097,2131,2037,2048,2087,2026,1870,1894,1836,1868,1965
"521689",2491,2668,2319,2187,2259,2440,1823,2069,1751,1690,1677,2006,1583,1732,1703,1653,2043,1740,1872,1774,1669,2022,1748,1800
"1250539",2461,2666,2331,2353,2203,2254,1948,2182,1820,1794,1777,2031,1787,1725,1695,1793,1866,1827,1865,1766,1620,1898,1646,1772
"1740163",2664,2643,2177,2145,2145,2419,1703,2171,1666,1629,1694,2033,1543,1749,1685,1733,2034,1690,1931,1691,1650,1991,1816,1699
"2760083",2541,2663,2410,2312,2276,2348,2365,2146,2200,2249,2062,2082,1954,2138,2033,2024,2022,2071,1838,2024,2077,1959,1909,1782
"1644061",2304,2660,2207,2319,2198,2240,2184,2000,1852,1997,2010,2018,1712,1860,1765,1891,2015,1840,1780,1911,1794,1933,1798,1619
"2935861",2658,2659,2594,2476,2382,2547,2543,2286,2392,2276,2210,2203,2058,2177,2210,2225,2157,2147,2105,2160,2075,1974,1938,2059
"60894",2658,2563,2388,2441,2345,2337,2343,2246,2250,2256,2326,2049,2108,2244,2129,2075,1915,2007,1890,2038,2013,1844,1894,1828
"1431246",2519,2657,2234,2240,2207,2376,2083,2170,1996,1950,1875,1876,1814,1880,1976,1751,1753,1719,1800,1666,1769,1787,1746,1634
"3051137",2603,2217,2045,1955,2523,1748,891,2657,923,984,892,1627,800,900,942,1009,1506,994,1741,921,879,1822,966,1237
"2895818",2656,2588,2420,2549,2429,2177,2339,2047,2077,2128,2106,2037,1948,1984,2046,1945,1918,1916,2007,1929,1877,1851,1925,1717
"2083786",2227,1840,2018,1922,2654,1803,1114,2405,1091,1111,1125,2050,1064,1054,1001,983,1334,959,1802,1009,1044,1593,1042,1326
"2952477",2653,2331,2219,2062,2398,2224,1618,2180,1462,1435,1509,2060,1347,1473,1380,1462,1734,1364,1904,1382,1424,1716,1452,1784
"134623",2650,1992,1867,1827,1878,1766,818,2618,839,772,726,2221,616,862,851,748,1433,790,1727,734,807,1792,719,1304
"2527982",2353,2649,2396,1997,2218,2223,1820,2125,1757,1745,1725,1857,1501,1664,1626,1764,1986,1701,1873,1687,1571,1919,1806,1702
"2071627",1940,1804,1761,1856,1622,1613,1896,1656,2648,1872,1769,1421,1726,2114,1714,2028,1218,1560,1444,1532,1592,1394,1307,1104
"2878153",2564,2646,2126,2103,2205,2213,1578,2157,1576,1526,1512,1968,1424,1540,1566,1663,1977,1562,1841,1584,1565,1941,1655,1736
"2994664",2502,2645,2502,2501,2443,2373,2363,2248,2189,2183,2219,2193,1938,2091,2046,2150,2011,1992,1943,1935,1863,1904,1984,1727
"1579979",2466,2643,2266,2087,2418,2437,1667,2194,1693,1771,1722,2194,1613,1694,1666,1721,1974,1696,1963,1804,1672,2041,1698,1762
"3069708",2526,2643,2250,2461,2302,2376,2187,2136,2216,2218,2124,2076,2007,1980,2031,2015,2070,1983,1935,1928,1869,1983,1911,1688
"2812648",2642,2408,2147,2310,2124,2137,1486,2614,1458,1501,1437,1919,1399,1538,1442,1452,1828,1460,1881,1487,1455,1975,1639,1609
"924",2642,2568,2335,1930,2185,2290,1726,2274,1601,1564,1477,2151,1439,1760,1665,1555,1984,1586,1951,1689,1671,2168,1707,1763
"2898276",2640,2566,2457,2465,2378,2400,2423,2148,2302,2147,2269,2028,2033,2129,2140,2044,1947,1941,1865,1988,1995,1996,1845,1804
"357808",2640,2548,2174,2395,2084,2631,2001,2227,1895,2090,2030,2162,1848,1775,1683,2032,2252,1885,1751,2114,1666,1823,2054,1913
"2934158",2608,2639,2484,2555,2482,2293,2413,2223,2479,2361,2256,2057,2048,2132,2259,2072,2013,1968,2001,2000,2034,2046,1887,1792
"1634516",2147,2115,2246,1994,2638,2011,1662,2069,1546,1521,1663,2062,1410,1454,1283,1301,1340,1259,2163,1260,1466,1624,1214,1507
"1763535",2636,2115,1871,1883,2087,1713,930,2287,912,836,892,1553,773,864,814,846,1434,930,1581,930,983,1770,859,1193
"1612173",2635,2492,2314,2250,2478,2479,1748,2288,1844,1763,1853,2048,1662,1667,1644,1651,1768,1650,2110,1749,1585,1969,1687,1889
"2500546",2603,2332,2635,2557,2589,1974,2427,2243,2350,2322,2244,2287,2030,2114,2231,1782,1741,1728,1981,1692,2081,1917,1763,1727
"2420509",2515,2634,2343,2347,2347,2194,2274,2199,2229,2080,2159,2009,1923,1975,1998,2018,1999,1945,1864,2054,1872,1896,1898,1901
"47850",2127,2170,2633,1847,2554,1961,2043,1816,2415,1885,1906,1686,1707,2162,2166,1782,1525,1596,2013,1760,2226,1704,1509,1422
"47880",2630,2088,2085,2027,2027,1908,1529,2053,1370,1367,1415,2013,1248,1413,1375,1342,1536,1348,1809,1349,1370,1751,1346,1395
"69665",2390,2629,2314,2108,2334,2472,1733,2147,1579,1513,1616,1958,1391,1616,1567,1562,1846,1548,2068,1584,1587,1876,1652,1779
"2201999",2616,2628,2373,2363,2299,2352,2611,2250,2495,2418,2312,2023,2347,2253,2311,2149,1815,2138,2122,2107,2106,1869,1917,1662
"2614639",2573,2464,2593,2258,2627,2294,2024,2143,2027,1963,1908,1910,1663,1892,1891,1756,1717,1649,2001,1748,1718,2007,1701,1913
"56454",2147,1780,2243,1630,2627,2078,1164,1862,1222,1201,1187,1758,1091,1278,1240,1086,1257,1070,1801,1060,1212,1807,1076,1580
"1208324",2525,2626,2280,2344,2304,2358,1979,2188,1912,1913,1929,2179,1813,1781,1844,1854,1917,1819,1901,1823,1656,1931,1818,1783
"1936029",2494,2344,2125,2231,2144,2622,1930,1994,1897,1954,2009,1863,1749,1799,1727,1825,1677,1667,1731,1636,1641,1696,1612,1906
"133453",2621,2532,2196,2352,2019,2401,2157,2101,1915,2019,1922,2101,1752,1771,1714,1971,2181,1828,1742,2021,1664,1837,1897,1784
"2282397",2312,2212,2136,1979,2621,2005,1337,2099,1349,1279,1351,2168,1194,1197,1179,1085,1577,1186,2036,1180,1222,1679,1071,1441
"1268041",2400,2620,2376,2413,2284,2369,2089,2146,2131,2028,2061,2176,1855,1926,1890,1819,1957,1838,1858,1747,1876,1928,1768,1763
"207340",2147,2616,1910,2139,1902,2472,1948,1746,1809,1757,1887,1662,1648,1676,1539,2026,1615,1855,1711,1847,1574,1545,1699,1556
"2108470",1954,1844,1925,1958,1782,1725,2000,1746,2614,1885,1872,1474,1750,2088,1722,1996,1299,1432,1404,1583,1658,1378,1310,1137
"2600304",2160,2115,1833,2144,1729,1913,2612,1734,2387,2350,2413,1522,2286,2161,2219,2053,1693,2005,1462,1834,2005,1414,1755,1368
"60548",2597,2610,2077,2056,2043,2281,1521,2144,1609,1496,1481,1910,1446,1525,1507,1596,1914,1613,1866,1577,1477,1831,1638,1591
"367477",2538,2186,2608,2040,2510,2049,1829,1840,1776,1738,1691,1808,1631,1783,1738,1540,1595,1467,1945,1479,1589,1729,1461,1720
"227605",2372,2607,2224,2266,2213,2342,1855,2103,1759,1772,1720,2048,1556,1700,1670,1725,1975,1650,1876,1641,1615,1799,1794,1837
"157592",2384,2604,2077,1859,2065,2082,1621,2095,1662,1503,1554,1974,1401,1673,1536,1534,1962,1556,1765,1577,1557,1847,1691,1551
"2511995",2489,2300,2215,1974,2601,2193,1390,2345,1394,1283,1294,2024,1159,1543,1336,1362,1646,1314,2116,1299,1385,2095,1460,1681
"1069",2447,2600,2185,2145,2242,2457,1828,2129,1701,1720,1784,1990,1548,1735,1686,1676,2031,1692,1916,1726,1601,1866,1844,1858
"3032592",1856,2012,2110,1778,2598,1773,1441,1843,1271,1241,1335,1989,1174,1308,1190,1018,1295,1049,1965,1036,1217,1593,1013,1379
"444597",2593,2480,2367,2280,2312,2288,2177,2064,2138,2075,2073,2010,1821,1857,1952,1805,1897,1847,1892,1789,1765,1994,1841,1766
"1829",2357,2592,2189,2139,2192,2174,2038,1965,1999,1985,1964,1845,1706,1950,1865,1889,1813,1826,1767,1783,1827,1770,1817,1706
"2966192",2586,2592,2453,2433,2450,2222,2266,2077,2212,2192,2057,2029,2195,1964,2126,2017,1938,1984,1997,1951,1937,1966,1802,1659
"1760988",2447,2590,2098,2037,2113,2262,1703,2138,1698,1696,1654,2072,1394,1591,1539,1719,1860,1588,1817,1690,1595,1934,1746,1744
"95485",2590,2544,2184,2139,2189,2299,1774,2150,1623,1659,1618,1969,1576,1658,1690,1711,1937,1681,1967,1740,1697,1986,1733,1939
"2931399",2588,969,1787,1814,2253,1025,826,1249,829,877,877,2022,714,713,804,734,919,655,1644,676,795,1380,677,954
"1920",2584,2525,2289,2354,2352,2283,2170,2152,2139,2144,2146,2012,2000,2018,1953,1935,1992,1850,1872,1854,1894,1851,1833,1683
"3016089",2583,2422,2392,2319,2175,2264,2406,2090,2380,2247,2296,2038,2154,2078,2103,2004,1863,1887,1932,1841,1987,1732,1838,1522
"556288",2535,2582,2291,2234,2317,2307,2230,2082,2191,2231,2092,2038,1884,2003,2048,1959,1990,1925,1942,1983,1898,1917,1957,1720
"2897774",2581,2568,2433,2566,2328,2262,2337,2238,2266,2257,2115,2103,2048,2090,1937,2060,1943,1905,2015,1959,1922,1819,2016,1736
"247333",2567,2578,2430,2473,2406,2302,2334,2167,2329,2316,2228,2046,2092,2129,2187,2012,1965,1995,1968,1897,1934,1821,1953,1760
"2875706",2577,2467,2348,2280,2262,2183,2233,2106,2211,2095,2082,1976,1999,1997,2015,1985,1842,1898,1851,1843,1804,1881,1820,1686
"2943192",2473,2577,2490,2343,2445,2425,1702,2162,1651,1625,1625,2172,1445,1628,1578,1568,2046,1383,2003,1599,1506,2126,1705,1919
"2614638",2382,2379,2576,2251,2504,2222,1876,2046,1925,1823,1911,1880,1643,1854,1773,1783,1640,1643,1918,1536,1678,1848,1573,1751
"68232",2573,2254,2247,2188,2422,2044,2164,2078,2192,2024,2086,1789,2055,2007,2009,1872,1722,1689,1815,1734,1979,1678,1652,1694
"75294",2569,2518,2297,2336,2274,2307,2379,2163,2280,2274,2089,2002,2052,2089,1981,2027,1983,1853,1911,2001,1923,1909,1887,1746
"228899",1500,882,2566,628,2282,647,374,508,915,359,354,511,277,634,660,281,553,314,825,367,393,1222,415,534
"3003272",1873,1608,2023,1439,2566,1825,1161,1715,1158,1114,1050,1452,1043,1235,1123,904,1034,964,1728,871,1083,1849,945,1517
"73010",1060,2566,1215,1386,952,923,780,903,841,725,816,745,672,694,803,752,785,724,793,679,712,950,711,855
"126",2382,2564,2382,2229,2418,2252,1591,2078,1540,1502,1505,1984,1316,1547,1424,1417,2032,1387,2040,1554,1420,2086,1624,1772
"67305",2564,2368,2548,2392,2492,2220,2224,2246,2153,2114,2034,2123,1848,1929,1829,1649,1684,1742,1857,1700,1779,1884,1557,1584
"2341112",2466,2489,2304,2277,2562,2396,1740,2234,1761,1696,1707,2122,1491,1728,1591,1644,1920,1549,1881,1548,1451,1911,1647,1898
"96773",2560,2537,2303,2007,2149,2329,1772,2195,1676,1711,1746,2081,1497,1702,1778,1724,2068,1739,2006,1736,1816,2009,1766,1786
"682798",2558,2385,2104,1979,2014,2050,1600,2250,1524,1637,1466,1868,1306,1508,1607,1465,1867,1525,1743,1502,1514,1944,1572,1518
"2905871",2469,2557,2479,2438,2475,2210,2226,2185,2130,2079,2101,2089,1889,1984,1958,1916,1956,1894,2062,1836,1802,1962,1889,1815
"1912",2535,2555,2325,2364,2290,2257,2146,2117,2163,2191,2043,2051,1877,2025,2059,1875,1847,1934,1752,1826,1846,1895,1723,1698
"2760307",2495,2554,2131,2363,2322,2351,1954,1984,1971,1841,2002,1808,1676,1698,1646,1823,1696,1705,1844,1760,1699,1735,1750,1663
"2734618",2229,2068,2553,1989,2376,1945,1775,1826,1782,1662,1615,1631,1600,1660,1665,1537,1513,1470,1770,1420,1579,1715,1595,1718
"2981137",2517,2553,2148,2142,2281,2147,1642,2164,1609,1583,1505,1944,1464,1646,1647,1618,1872,1573,1864,1603,1675,1973,1729,1720
"2615214",2446,2550,2247,2017,2178,2267,1678,2058,1708,1637,1631,1925,1524,1587,1591,1857,1885,1669,1812,1772,1562,1917,1706,1616
"284035",2550,2389,2308,2084,2232,2165,2201,2071,2025,2137,2049,1905,1964,1949,2007,1851,1721,1908,1770,1681,1721,1790,1727,1575
"1459637",2548,1485,1936,2469,1965,1223,2534,1660,1879,1978,1968,1684,1617,1901,1684,1004,1304,1061,1287,1145,1520,1311,1281,994
"1495650",2427,2548,2250,2436,2062,2302,2006,2086,1923,1958,1891,2077,1718,1788,1687,1886,2180,1784,1697,1969,1631,1826,1934,1830
"186931",2487,2548,2126,2044,2124,2233,1703,2061,1574,1598,1657,1968,1365,1560,1611,1616,1996,1617,1866,1647,1468,1883,1667,1697
"2691357",2351,2547,2356,2189,2285,2263,1508,1958,1458,1271,1384,2098,1246,1469,1308,1357,1905,1316,1974,1347,1315,1970,1624,1715
"332249",2433,2547,2232,2256,2155,2532,2209,2130,1942,2073,2030,2112,1878,1854,1813,1939,2169,2000,1897,1932,1790,1984,2037,1672
"2715678",2546,2478,2167,1972,2015,2058,1585,2114,1650,1528,1501,2030,1343,1654,1602,1484,1924,1551,1889,1595,1604,1952,1655,1652
"1446794",2376,2545,2343,2295,2235,2310,2211,2085,2012,1956,1992,1933,2012,1922,2039,1916,1932,1887,1870,1811,1845,1905,1718,1645
"53335",1461,1475,1259,1231,1279,1724,961,1175,953,973,949,1266,839,897,904,949,2544,896,1066,885,865,1109,959,1030
"615",2544,2419,2137,1962,2160,2187,1643,2040,1508,1624,1528,1979,1419,1520,1539,1597,1735,1639,1709,1559,1446,1803,1629,1550
"2211108",2410,2542,2146,1876,1957,2241,1571,2028,1605,1547,1572,1891,1298,1596,1587,1523,1965,1659,1743,1650,1528,1965,1719,1667
"2999062",2290,2541,2216,2391,2252,2263,2198,2112,2127,2129,2086,1962,2018,2007,1963,2058,2002,1984,1891,1892,1865,1800,1922,1743
"436397",2448,2539,2284,2305,2176,2154,2167,2061,2143,2127,2126,2049,1879,1904,1980,1958,1847,1910,1864,1920,1848,1751,1787,1698
"242606",2538,2190,2163,1969,2233,2137,1465,2122,1516,1513,1417,1971,1233,1516,1445,1514,1709,1356,1923,1520,1451,1919,1481,1690
"281472",2494,2538,2534,2443,2170,2310,2455,2283,2475,2299,2340,1940,2101,2102,2028,1915,1918,1961,1840,1759,1969,1793,1692,1564
"420952",2537,2397,2111,1932,1982,2062,1458,1974,1461,1535,1356,1773,1283,1465,1399,1483,1728,1491,1719,1503,1398,1778,1497,1563
"1804624",2371,2085,2535,2304,2530,1788,1999,2190,2118,1893,2006,2093,1754,1954,1823,1584,1612,1456,1867,1530,1737,1812,1525,1638
"2968086",2433,2264,2535,2240,2533,1916,2216,1896,2138,2148,2052,1989,1907,1945,1916,1646,1708,1690,1823,1575,1718,1827,1564,1515
"2807096",2472,2532,2120,2295,2154,2240,1818,2102,1634,1795,1803,2031,1624,1646,1611,1641,1844,1646,1824,1649,1478,1804,1542,1785
"1331682",2531,2506,2297,2250,2308,2311,2210,2100,2156,2113,2153,2061,1956,2108,1956,1965,2038,1930,1884,1941,1973,1888,1945,1696
"2774190",2496,2319,2258,2142,2531,2351,1944,2052,1865,1676,1715,1933,1592,1708,1634,1609,1748,1546,1932,1541,1770,2017,1501,2225
"311230",2501,2530,2107,2024,2155,2324,1530,2151,1534,1498,1457,1975,1315,1538,1542,1537,1848,1519,1859,1599,1486,1857,1647,1652
"1312364",2386,2321,2110,2171,2436,2529,1883,2008,1773,1845,1779,1949,1489,1701,1589,1632,1692,1529,1915,1524,1652,1926,1453,2417
"1792508",2311,2528,2079,2124,2047,2321,1747,1958,1698,1720,1749,1894,1547,1694,1577,1621,1759,1618,1644,1633,1468,1661,1626,1626
"2419844",2368,2528,2124,1981,2126,2224,1649,2045,1549,1683,1699,1918,1543,1637,1629,1635,1776,1610,1757,1616,1550,1774,1662,1707
"337004",2463,2524,2374,2290,2228,2379,2172,2130,2049,1931,2067,1905,1942,1860,1922,1856,1976,1768,1773,1840,1899,2021,1791,1810
"108010",2377,2516,2218,2024,2244,2396,1655,2013,1712,1623,1647,2118,1508,1631,1647,1694,2039,1660,1809,1690,1646,1819,1696,1722
"2830996",2512,688,1394,1263,1879,673,656,925,601,686,548,1296,550,535,572,474,606,421,1510,468,591,1112,489,789
"321662",1781,602,985,771,2510,736,299,467,331,324,356,472,265,345,340,280,358,222,740,296,312,1368,257,426
"2675524",2411,2508,2121,2170,2142,2186,2008,2003,1892,1871,1840,1919,1811,1852,1775,1831,1751,1710,1759,1705,1667,1839,1628,1635
"2925844",2221,2092,2276,1849,2508,1915,1715,1785,1690,1701,1624,1666,1483,1590,1557,1497,1493,1485,1778,1373,1528,1748,1386,1541
"35554",2358,2507,2184,2062,2017,2299,1707,1886,1579,1710,1705,2003,1422,1507,1497,1754,1936,1781,1745,1790,1535,1799,1813,1706
"2721246",2506,2345,2281,2149,2246,2155,1977,2155,2033,1925,1888,1954,1817,1738,1776,1762,1824,1730,1851,1685,1708,1808,1672,1641
"1223565",2505,2101,1715,1774,1920,2348,1165,1814,1080,1163,1078,1657,992,1077,1162,1062,1348,992,1593,1053,974,1459,1006,1948
"33996",2214,2504,1997,2047,2220,2243,1801,2114,1692,1712,1614,1923,1608,1631,1609,1614,1734,1653,1821,1710,1516,1814,1599,1665
"662",2500,2439,2215,2124,2234,2328,1518,2106,1507,1425,1415,1985,1317,1448,1473,1370,1805,1427,1889,1443,1418,1952,1610,1677
"1207504",2425,2499,2141,2051,2093,2194,1677,2014,1640,1633,1667,1847,1452,1629,1610,1675,2037,1647,1771,1612,1541,1701,1657,1634
"2498452",2442,2499,2311,2120,2201,2437,1804,2169,1745,1751,1852,2022,1573,1687,1630,1736,1960,1743,1827,1638,1646,1786,1780,1907
"22",2498,2349,2117,2062,2176,2259,1581,2010,1555,1460,1501,1876,1253,1556,1445,1495,1753,1467,1830,1520,1489,1876,1610,1650
"2744516",2256,2110,2236,1899,2498,2027,1416,1995,1341,1232,1333,2049,1176,1373,1281,1186,1547,1125,1860,1170,1192,1541,1143,1783
"200252",2490,2496,2154,2192,2159,2265,2024,1964,1973,2037,1905,2028,1773,1810,1827,2060,1931,1917,1797,1831,1709,1810,1910,1738
"2014",2412,2496,2207,2199,2100,2282,2202,2006,2089,2036,2004,1948,1861,1755,1953,1939,1876,1949,1826,1955,1727,1717,1843,1700
"2493681",2190,1832,2077,1818,2494,1953,1212,1795,1301,1137,1073,1754,1184,1218,1155,1037,1388,1006,1744,1062,1119,1584,1147,1648
"2589080",2493,2449,2230,2014,2339,2114,1575,2037,1538,1424,1478,1900,1365,1548,1528,1476,1645,1423,1849,1522,1443,1858,1549,1647
"2909673",1974,2010,1977,1813,2493,1844,1509,1802,1402,1359,1467,1904,1269,1361,1275,1140,1332,1045,1952,1092,1197,1615,1083,1351
"1458425",2491,2324,2063,2010,2031,2070,1208,2208,1136,1215,1124,1844,1002,1152,1197,1219,1739,1207,1735,1207,1086,1753,1237,1379
"1962974",2427,2489,2226,1955,1988,2345,1725,2069,1577,1647,1671,2055,1497,1636,1593,1736,2170,1747,1797,1795,1613,1891,1898,1790
"545619",2417,2489,2267,2327,2267,2114,2194,2119,2079,2063,2057,1807,1857,1973,1927,1839,1824,1831,1897,1704,1895,1831,1821,1693
"2901164",2488,2449,2175,2180,2257,2305,1677,2075,1654,1607,1525,1971,1456,1586,1624,1680,1826,1491,1842,1543,1529,1843,1624,1622
"1592106",2399,2404,2065,2024,2208,2487,1646,2083,1501,1575,1532,1987,1381,1589,1539,1751,1985,1901,1770,1808,1634,1887,1871,1781
"3049071",2238,2131,2487,1940,2300,1945,1636,1818,1733,1488,1546,1639,1505,1663,1641,1494,1449,1371,1816,1449,1585,1751,1465,1615
"1259258",2486,2392,2396,2173,2365,2206,2089,2098,1949,1935,1889,2000,1840,1784,1909,1730,1822,1789,1865,1854,1740,1845,1590,1717
"414996",2387,2486,2211,2292,2163,2279,2276,2054,2166,2048,1912,1998,1871,2034,2044,1986,2012,1814,1783,1842,1801,1792,1788,1698
"2877940",2482,2145,2049,2015,2135,1937,1345,2015,1312,1429,1349,1791,1181,1229,1257,1332,1568,1181,1787,1369,1225,1668,1285,1480
"2663859",2449,2220,2369,2171,2481,1860,2123,2039,2029,1943,2000,1924,1829,1877,1963,1686,1650,1571,1876,1552,1829,1851,1487,1493
"59732",1428,2480,1161,902,1270,1632,423,1101,436,351,380,949,331,465,491,406,753,409,1093,413,505,1136,473,1195
"875808",2393,2474,2237,2235,2411,2175,2211,2060,2137,2062,2005,1994,1927,1936,2000,1935,1859,1904,1876,1800,1888,1894,1796,1717
"333966",2471,2336,2446,2257,2274,2248,2304,2187,2303,2183,2170,2021,1949,2050,2050,1927,1855,1754,1811,1905,1935,1757,1751,1620
"2875948",2351,2191,2426,2016,2470,2143,1770,1789,1687,1632,1616,1736,1560,1614,1668,1461,1515,1434,1833,1385,1601,1760,1484,1576
"85968",2470,2461,2309,2265,2193,2261,2207,2079,2013,1998,1993,1932,1850,1946,1990,1872,1810,1808,1743,1753,1810,1802,1700,1595
"1763524",2157,2469,2138,2132,2061,2347,1557,1862,1482,1416,1441,1808,1341,1393,1343,1531,2065,1558,1727,1607,1368,1844,1675,1843
"536",2468,2283,1998,2012,2010,2078,1609,2105,1573,1523,1447,1791,1388,1584,1538,1485,1727,1523,1660,1530,1458,1798,1490,1501
"347",2173,1981,2230,1784,2467,1919,1326,1921,1300,1230,1252,1797,1223,1367,1306,1193,1333,1193,1836,1213,1291,1901,1154,1593
"1332264",2347,2457,2218,2252,2189,2184,2090,1990,2043,1980,2027,1994,1792,1890,1889,1806,1970,1942,1785,1840,1776,1927,1855,1644
"1735038",2455,2422,2106,2004,2060,2230,1557,2083,1589,1520,1618,2035,1369,1613,1673,1544,2012,1588,1818,1611,1564,1895,1700,1630
"35806",2340,2454,2340,2343,2237,2422,2086,2245,1863,1949,1894,1958,1751,1800,1737,1824,1860,1771,1913,1788,1691,1828,1756,1829
"59405",2275,2453,2017,1767,1989,2027,1579,2086,1575,1435,1469,1882,1319,1640,1631,1553,1843,1455,1751,1514,1639,1858,1540,1614
"120959",2385,2448,2163,2225,2118,2307,1996,1960,1839,1915,1815,1967,1734,1910,1713,1827,1803,1666,1763,1795,1712,1717,1687,1796
"2560053",2448,2398,2244,2254,2269,2344,1932,2069,1809,1864,1889,1890,1720,1693,1713,1704,1821,1722,1789,1757,1642,1814,1628,1687
"2527978",2374,2447,2258,2137,2242,2220,1555,2072,1569,1563,1377,2067,1291,1509,1369,1432,1866,1523,1850,1538,1433,2032,1646,1747
"1005039",2252,2445,2131,2165,2030,2308,1766,2124,1629,1721,1648,2112,1507,1677,1515,1725,2009,1768,1739,1768,1579,1795,1825,1801
"152682",2071,2120,2030,1936,2445,1997,1597,2007,1445,1560,1557,1780,1357,1395,1309,1384,1444,1278,1954,1319,1302,1713,1149,1473
"1534349",2445,2362,2127,2145,2081,2287,1949,1966,1855,1834,1754,1817,1693,1726,1692,1696,1751,1614,1769,1627,1649,1649,1565,1629
"1935379",2405,2443,2227,2075,2229,2284,2068,2067,1987,1848,1951,1806,1790,1962,1886,1761,1905,1860,1841,1770,1769,1797,1745,1808
"2963406",2410,2441,2308,2238,2243,2256,2087,2093,1993,2087,2007,1910,1861,1809,1906,1871,1907,1758,1822,1735,1821,1908,1645,1678
"2782166",2094,1852,2306,1934,2440,1837,1622,1715,1635,1587,1506,1550,1464,1578,1617,1359,1360,1238,1781,1213,1465,1763,1290,1510
"543877",1841,1991,1952,1614,2440,1634,1315,1735,1338,1170,1392,1876,1129,1236,1127,983,1189,894,1920,898,1128,1420,884,1374
"56464",1881,1820,2009,1581,2439,1873,1334,1781,1326,1256,1354,1671,1164,1326,1237,1144,1190,1126,1722,1046,1231,1747,1071,1505
"2865837",2270,1826,2080,1817,2438,1960,1374,1905,1336,1333,1387,1769,1217,1339,1279,1154,1420,1058,1744,1136,1170,1690,1117,1811
"1404367",2437,2363,1948,1912,2060,2119,1555,1989,1553,1437,1494,1836,1430,1455,1436,1476,1649,1366,1648,1373,1552,1679,1435,1664
"363952",2261,1928,1785,1778,2436,1591,964,2130,902,872,872,1475,793,869,932,918,1229,930,1446,920,834,1540,930,1152
"3040935",2435,2409,2155,1969,2114,2302,1749,1970,1648,1627,1612,1999,1591,1681,1502,1532,1772,1604,1705,1550,1472,1812,1580,1687
"2879618",2433,1203,1949,1814,2302,1158,1091,1352,944,1016,948,1962,858,941,895,767,1044,741,1679,793,810,1516,814,1008
"319707",2432,2238,1980,2011,1950,2046,1837,1831,1698,1700,1601,1628,1513,1652,1579,1655,1661,1476,1704,1521,1552,1584,1464,1593
"2660554",2377,2429,2234,2133,2117,2239,2009,2055,1889,1888,1836,1994,1670,1788,1707,1923,1922,1819,1836,1841,1691,1903,1824,1649
"191494",1961,2054,1719,2115,1630,1753,2401,1679,2424,2338,2360,1466,2260,2148,2166,1991,1695,1809,1293,1788,1987,1341,1724,1205
"1874630",2196,2422,2156,2132,2154,2028,2012,2027,1991,1979,1885,1913,1794,1851,1849,1878,1788,1836,1775,1706,1754,1778,1781,1668
"2483404",2224,1945,2142,1873,2422,1912,1411,1915,1339,1284,1292,1794,1196,1369,1276,1175,1469,1160,1770,1146,1159,1564,1165,1648
"2780091",2420,2051,1906,1813,2111,1936,1260,1776,1375,1329,1309,1756,1202,1277,1368,1312,1498,1244,1574,1272,1278,1661,1393,1414
"692036",2053,2417,1933,1877,1793,2212,1363,1690,1268,1301,1241,1701,1199,1285,1221,1443,1987,1478,1594,1535,1230,1641,1598,1708
"1389713",2321,2416,1990,2051,2094,2156,1968,2025,1926,1829,1800,1889,1665,1725,1710,1666,1857,1616,1759,1634,1645,1689,1604,1564
"2183911",2303,2416,2202,1909,2209,2170,1618,2141,1641,1587,1501,2071,1419,1598,1634,1541,1885,1475,1816,1497,1556,1911,1735,1663
"39687",2415,2255,2059,2060,1983,2095,1758,1909,1762,1684,1745,1636,1573,1769,1627,1621,1593,1503,1572,1493,1601,1570,1649,1617
"1508451",2357,2413,2062,1982,2153,2111,1753,1966,1675,1762,1719,1779,1574,1673,1544,1723,1758,1493,1824,1610,1492,1727,1608,1640
"1575",2413,2296,2278,2207,2277,2150,2021,1976,1949,1912,1949,1878,1802,1845,1903,1815,1867,1810,1754,1707,1753,1793,1615,1570
"2830992",2412,1011,1716,1677,2117,959,769,1238,771,797,709,1874,734,719,718,608,841,523,1496,585,691,1319,559,868
"556499",2412,2400,2224,2324,2088,2278,2195,2089,1965,2030,1939,1812,1870,1902,1839,1930,1928,1841,1716,1743,1765,1676,1918,1610
"79328",2128,2110,1945,1062,2151,2410,490,1611,529,515,454,1259,408,589,612,579,1014,449,1427,570,589,1512,637,2297
"661481",2020,2336,2072,1638,2409,2183,1189,1779,1033,1061,1032,1603,754,1031,1107,1080,1205,910,1889,1042,1150,1836,1042,1684
"405212",2212,2405,2123,2087,2027,2172,1789,1927,1746,1674,1646,1953,1609,1730,1678,1749,1964,1711,1720,1662,1512,1709,1842,1649
"2963432",2404,1074,1828,1881,2231,971,990,1347,869,941,890,1800,854,805,874,731,841,631,1695,632,837,1327,703,862
"1234",2402,1872,2181,1956,2090,1706,1736,1701,1560,1592,1715,1718,1263,1616,1382,1256,1547,1190,1923,1388,1464,1728,1472,1208
"379895",2164,1753,1660,1437,2401,1338,781,2241,805,721,764,1318,675,779,772,801,1168,809,1323,767,796,1587,749,1050
"134536",2400,2213,1918,1941,2030,2142,1539,1877,1380,1349,1328,1730,1284,1485,1387,1411,1710,1483,1710,1396,1372,1733,1454,1467
"2691354",2238,2398,2229,2211,2168,2094,1538,1817,1454,1383,1422,1997,1237,1504,1410,1221,1894,1333,1821,1343,1328,1923,1458,1752
"39122",2319,2397,2092,2069,2107,2183,1972,1987,1911,1841,1923,1750,1789,1820,1742,1754,1855,1717,1732,1727,1717,1742,1676,1604
"1034015",2394,1225,1959,2323,2124,1073,2336,1692,1864,1864,1895,1724,1498,1767,1508,956,1253,886,1188,1014,1406,1277,1308,955
"1682490",2255,2393,1924,1805,1891,2005,1542,1822,1483,1432,1394,1872,1306,1575,1460,1520,1871,1450,1747,1551,1492,1855,1558,1654
"644",1870,2388,1706,1933,1719,1742,1295,1554,1279,1370,1272,1470,1175,1300,1375,1269,1455,1269,1290,1250,1260,1508,1267,1202
"3068889",2309,2386,2007,2035,2033,2138,1665,1975,1528,1559,1495,1973,1486,1579,1486,1651,1949,1745,1633,1678,1455,1916,1805,1676
"43669",2284,2385,2208,2139,2220,2256,2072,2030,1874,1936,2020,1849,1840,1881,1914,1914,1870,1785,1790,1867,1826,1857,1811,1637
"645517",1757,1804,1908,1589,2385,1588,1159,1715,1155,1091,1218,1754,1027,1103,1105,905,1086,862,1708,908,1026,1471,953,1190
"3016419",2363,2383,2115,2116,2029,2083,2209,1986,2304,2135,2190,1841,1987,1960,2037,1951,1652,1799,1747,1841,1945,1738,1607,1391
"2857059",2382,2330,2097,2069,2067,2078,1919,2046,1948,1921,1814,1888,1563,1793,1778,1688,1737,1606,1717,1643,1652,1749,1621,1642
"1335048",2381,2379,2065,2197,2163,2213,1832,2066,1641,1750,1664,1898,1536,1567,1459,1715,1737,1608,1866,1605,1531,1646,1579,1644
"2014534",2201,2139,2380,1911,2315,1920,1681,1890,1776,1679,1667,1704,1551,1623,1707,1530,1492,1357,1777,1429,1612,1777,1451,1703
"2203210",2365,2380,2160,2270,2095,2107,2091,1955,2003,1970,2010,1913,1883,1928,1825,1960,1808,1812,1703,1742,1732,1695,1742,1604
"244734",2254,2380,2028,2058,2048,2135,1555,1985,1521,1479,1497,1899,1393,1433,1457,1485,1690,1349,1806,1476,1374,1576,1434,1744
"410837",2379,1103,1762,1694,2060,1052,951,1232,929,916,920,1653,813,859,917,698,958,660,1535,667,797,1239,695,830
"2806346",2377,1975,2010,1733,2100,1975,1252,1975,1233,1143,1151,1812,1057,1103,1143,1082,1402,1088,1572,1144,1139,1554,1133,1552
"312306",2377,2078,2004,1934,2010,1929,1450,1856,1442,1503,1422,1745,1263,1470,1454,1460,1521,1427,1669,1420,1324,1662,1362,1433
"1571470",2375,2077,1970,1929,2098,1980,1387,1968,1395,1334,1235,1899,1250,1274,1180,1201,1472,1166,1637,1170,1244,1574,1220,1575
"2665643",2319,2372,2199,2111,2130,2147,1986,1909,1978,1913,1945,1871,1693,1853,1845,1754,1849,1713,1754,1699,1670,1805,1732,1586
"1850250",2371,2367,2139,2253,2081,2151,1799,2055,1829,1776,1774,1936,1636,1603,1676,1618,1860,1614,1790,1704,1553,1796,1681,1674
"3049072",2210,2025,2368,1864,2171,1850,1643,1675,1785,1656,1452,1591,1453,1594,1594,1417,1413,1380,1717,1365,1550,1664,1460,1596
"99653",2285,2368,2161,2159,2128,2118,2120,1979,2015,1974,1972,1782,1764,1907,1861,1769,1761,1769,1804,1762,1760,1701,1736,1578
"73141",2364,2349,2143,1993,2056,2213,1553,1968,1587,1470,1444,1888,1296,1496,1565,1475,1762,1633,1777,1567,1464,1806,1486,1646
"280",2208,2361,2035,1993,1972,2157,1591,1756,1547,1584,1574,1804,1419,1529,1448,1604,1819,1530,1572,1559,1505,1592,1578,1624
"940614",2180,2359,1893,1860,2072,2208,1599,1878,1493,1522,1487,1824,1341,1536,1538,1683,1959,1687,1655,1761,1463,1769,1767,1691
"2971235",1810,1691,1944,1445,2355,1788,1177,1659,1204,1073,1133,1492,1051,1233,1093,991,1185,1014,1604,993,1079,1627,1024,1471
"2740807",2272,2351,2174,1987,2123,2149,1576,1995,1627,1601,1547,2023,1371,1654,1511,1510,1781,1510,1772,1581,1526,1744,1536,1659
"3027808",2338,2350,2049,2103,1995,2032,1852,1907,1775,1894,1804,1810,1639,1769,1765,1774,1745,1589,1631,1600,1653,1731,1660,1608
"3003271",1706,1518,1759,1294,2349,1793,960,1517,1004,892,1041,1430,927,1003,1027,903,1048,871,1620,831,944,1621,814,1496
"311231",2307,2348,2057,1898,1908,2012,1550,1909,1576,1415,1404,1806,1262,1425,1400,1504,1710,1431,1826,1554,1464,1729,1514,1493
"128",2242,2345,2110,2040,2114,2299,1713,1914,1478,1495,1409,1944,1350,1426,1357,1610,2005,1542,1714,1650,1365,1893,1716,1711
"111015",2289,2344,2013,2138,2012,2083,2042,1863,1966,1943,1897,1867,1799,1800,1720,1851,1821,1792,1745,1732,1740,1727,1788,1626
"2593973",2303,2344,2033,2138,2056,1955,2130,1881,1981,1949,1960,1764,1858,1797,1903,1690,1772,1727,1743,1629,1827,1690,1624,1526
"1108595",2343,2242,1902,2005,1961,2101,1491,1918,1530,1476,1369,1735,1340,1457,1569,1478,1682,1530,1698,1511,1445,1694,1533,1592
"2932245",2169,2343,2091,1970,2039,1971,1846,1853,1781,1747,1820,1697,1644,1726,1689,1659,1739,1632,1632,1590,1643,1630,1610,1681
"2582831",2321,2342,2195,2286,2153,2087,2060,1995,1892,1998,1871,1777,1780,1761,1938,1908,1791,1797,1660,1677,1634,1705,1724,1551
"2918299",2164,1818,1728,1648,2339,1542,846,2028,795,894,791,1328,733,756,825,877,1336,868,1304,865,785,1533,844,1081
"1748",2177,2338,2024,2044,1977,2039,1983,1799,1818,1904,1906,1725,1735,1747,1733,1821,1661,1670,1649,1754,1635,1684,1719,1521
"1784719",2295,2337,2217,2039,2181,2088,1931,1907,1958,1861,1874,1844,1651,1759,1816,1799,1753,1637,1750,1625,1767,1754,1787,1733
"2560787",2336,1,768,471,142,81,1,591,3,5,2,190,2,1,3,0,5,1,312,1,1,13,0,3
"2078786",2334,916,1167,330,325,314,202,329,202,217,181,266,210,192,212,195,267,188,449,187,196,305,207,238
"379684",2333,2085,1953,1924,2091,2048,1442,1891,1366,1300,1392,1861,1225,1326,1330,1365,1600,1275,1630,1441,1205,1465,1296,1500
"2039870",2205,2329,2158,2100,2116,2017,2184,2002,2192,2175,2171,1798,1878,1934,1972,1827,1642,1731,1643,1828,1832,1669,1612,1415
"53635",2063,2329,2174,2163,1897,2083,2032,1876,1891,1954,1771,1803,1731,1784,1713,1803,1880,1807,1629,1845,1728,1754,1812,1600
"1930058",2068,2328,2000,2045,1963,2010,1837,1952,1882,1929,1932,1832,1745,1723,1716,1795,1750,1750,1699,1708,1557,1730,1681,1538
"2857058",2276,2324,2058,2091,1954,2150,1824,1958,1905,1874,1835,1813,1774,1825,1782,1825,1770,1711,1652,1707,1639,1685,1657,1604
"1404768",2268,2294,2111,1959,2000,2323,1491,1949,1520,1477,1467,1869,1383,1488,1456,1571,1722,1491,1642,1431,1394,1591,1449,1688
"309887",2243,2323,2069,2003,1986,2100,1764,1824,1678,1846,1681,1865,1513,1702,1675,1784,1828,1694,1732,1716,1580,1662,1794,1594
"2048898",2321,1993,2232,1855,2250,1910,1665,1753,1645,1639,1511,1660,1496,1453,1526,1324,1465,1362,1696,1333,1526,1649,1323,1665
"488446",2320,2175,2059,1822,1876,1908,1412,1901,1444,1421,1396,1632,1320,1474,1367,1335,1618,1459,1723,1458,1336,1700,1471,1428
"73919",2113,2319,1949,2044,1912,2279,1830,1865,1673,1789,1769,1853,1661,1599,1664,1745,1983,1763,1672,1772,1565,1589,1677,1602
"1136941",2318,2270,2304,2148,2152,2054,2082,2019,1977,1944,1944,1885,1834,1820,1836,1921,1790,1752,1665,1813,1753,1770,1804,1687
"293958",2317,1757,1743,1646,1734,1794,1103,1682,1115,991,1056,1579,971,1076,1044,1002,1283,979,1399,947,971,1314,1080,1433
"1069221",2287,2316,2167,2034,2011,2053,1979,1814,1996,1926,1801,1667,1766,1830,1795,1720,1705,1773,1588,1662,1765,1668,1655,1583
"31957",2304,2197,2232,2293,2209,2069,2164,1860,2316,1986,2117,1860,1933,2040,1916,1885,1695,1753,1688,1693,1917,1649,1684,1444
"1004901",2127,2314,1867,1980,1989,1984,1970,1773,1784,1777,1818,1688,1699,1769,1662,1732,1695,1677,1587,1680,1587,1555,1717,1536
"36821",2216,2313,2097,1977,2008,2071,1975,1848,1910,1923,1769,1842,1607,1789,1759,1707,1655,1733,1715,1628,1667,1572,1641,1616
"273678",2311,1938,2061,1676,1933,1659,1599,1566,1437,1544,1358,1507,1506,1422,1399,1338,1274,1197,1507,1172,1338,1491,1178,1322
"2823043",2309,2287,2105,2106,2135,2221,1877,1992,1763,1791,1855,1865,1650,1647,1647,1698,1864,1601,1831,1686,1570,1750,1627,1645
"3064529",2081,2309,1991,2069,2109,1982,1902,1943,1845,1854,1844,1811,1631,1802,1726,1742,1794,1688,1575,1651,1727,1697,1570,1602
"656178",2309,2274,1844,1819,1764,2007,1389,1874,1349,1234,1318,1663,1212,1440,1327,1365,1652,1359,1538,1271,1376,1652,1448,1509
"926",2276,2309,1838,1782,1847,1927,1273,1921,1308,1230,1247,1703,1080,1255,1332,1177,1642,1175,1632,1315,1174,1841,1253,1326
"191493",2109,2307,2038,1952,2002,2063,1950,1897,1919,1897,1826,1750,1742,1769,1805,1721,1693,1696,1582,1733,1662,1703,1691,1518
"2897342",2166,2306,2143,1971,1961,2169,1692,2060,1716,1680,1650,1944,1460,1593,1585,1765,1963,1723,1586,1742,1450,1682,1855,1622
"293089",2248,2305,1993,1958,2051,2156,1579,1989,1491,1622,1560,1990,1530,1496,1456,1504,1681,1437,1721,1392,1400,1635,1533,1648
"2811104",2199,2304,2049,2090,2051,1998,1984,1875,2068,1860,2017,1832,1751,1750,1664,1728,1700,1655,1661,1761,1679,1655,1705,1623
"37923",2272,2304,2082,2131,2010,2010,1985,1865,1860,1827,1775,1797,1677,1637,1762,1783,1739,1744,1691,1709,1591,1639,1707,1553
"2059672",2302,2250,2067,1940,1963,2062,1514,2046,1538,1415,1458,1858,1325,1455,1462,1548,1759,1524,1688,1520,1429,1704,1535,1482
"2592654",2289,2240,2281,2052,2301,2127,1883,1927,1972,1857,1828,1851,1648,1847,1872,1685,1715,1640,1743,1677,1722,1918,1678,1658
"3047875",2297,852,1003,1042,1082,768,178,763,147,180,173,878,130,122,132,87,676,116,766,138,129,656,141,521
"1775",2290,2296,1954,1947,1864,2146,1793,1790,1730,1692,1692,1698,1612,1660,1666,1587,1681,1532,1647,1637,1602,1501,1591,1600
"2884455",2296,1829,1784,1566,1880,1501,1080,1761,1009,1019,933,1685,868,1081,1062,938,1354,995,1506,998,973,1525,1046,1179
"569860",2281,2296,1991,2018,2115,2273,1685,2028,1594,1574,1552,1942,1392,1582,1510,1618,1874,1536,1782,1530,1402,1765,1571,1821
"2083284",2295,2180,2069,2022,2241,1862,2016,1981,1892,1931,1834,1728,1773,1771,1765,1542,1589,1575,1642,1630,1573,1548,1550,1403
"2211140",2204,2295,2007,1836,1940,2253,1523,1774,1476,1554,1462,1793,1333,1434,1429,1605,1783,1677,1583,1684,1386,1765,1727,1610
"2806210",2239,2294,1952,1821,1774,2112,1297,2093,1293,1253,1240,2057,1112,1294,1179,1251,1945,1234,1764,1330,1312,1873,1293,1712
"1077935",2292,2184,1950,1911,1907,2026,1692,1874,1622,1582,1682,1805,1471,1594,1570,1496,1675,1476,1654,1407,1416,1646,1444,1538
"3047478",1752,1422,1207,1215,1453,1179,909,1250,948,806,853,1154,804,831,904,825,1012,780,1178,858,781,1155,898,2291
"536018",2213,1902,2068,1863,2291,1961,1372,1935,1347,1254,1287,1873,1211,1403,1252,1185,1389,1077,1735,1177,1113,1593,1207,1655
"1852",1936,1946,2142,1834,2123,1789,1817,1649,2290,1667,1721,1602,1529,2055,2053,1546,1528,1492,1633,1504,1828,1729,1445,1405
"3049047",2077,2283,2019,1964,1940,1935,1868,1827,1696,1771,1631,1675,1606,1719,1686,1642,1704,1604,1506,1574,1619,1657,1512,1382
"381",2237,1930,2046,1885,2279,2057,1362,1988,1310,1232,1301,1869,1128,1238,1231,1195,1393,1119,1727,1240,1246,1654,1168,1689
"2770322",1610,1449,1835,1315,2277,1601,1028,1466,1017,928,980,1355,798,1031,948,778,956,816,1572,744,986,1508,769,1349
"1972068",2275,2224,2059,1861,1930,2015,1528,1945,1517,1449,1422,2024,1277,1467,1427,1400,1689,1376,1791,1575,1465,1819,1518,1534
"2943498",2267,2275,2205,2020,1951,2142,2030,1845,2058,1904,1896,1790,1732,1811,1775,1720,1710,1647,1673,1722,1642,1646,1639,1454
"376489",2149,2274,1943,1911,1864,2045,1513,1793,1503,1488,1467,1712,1335,1482,1494,1436,1593,1425,1613,1494,1416,1663,1543,1450
"1545728",2219,2267,2031,1983,1996,1948,1766,1868,1791,1687,1634,1697,1622,1691,1596,1563,1612,1531,1632,1582,1543,1503,1528,1563
"1230998",2116,2266,1980,2110,1888,1919,1908,1874,1851,1817,1879,1644,1737,1770,1636,1694,1689,1787,1563,1742,1681,1602,1581,1444
"2597660",2231,2266,2061,2115,2107,2123,2073,2016,1980,1992,1973,1874,1872,1909,1810,1825,1816,1793,1875,1831,1715,1674,1735,1586
"47960",2095,2262,1977,1976,1891,2049,1616,1850,1547,1508,1416,1831,1363,1512,1508,1450,1707,1409,1742,1498,1368,1773,1428,1501
"1522758",2209,2260,1953,1993,1937,2016,1898,1744,1900,1843,1744,1701,1614,1689,1725,1650,1633,1665,1494,1569,1570,1504,1533,1497
"2609257",2259,2240,2047,2077,1880,1980,1891,1840,1813,1857,1822,1794,1607,1688,1707,1767,1777,1555,1727,1684,1596,1611,1501,1515
"2320867",2258,1991,1881,1777,1784,1591,1209,1680,1183,1226,1162,1560,1019,1192,1186,1192,1363,1130,1634,1097,1177,1547,1150,1239
"1678028",2254,614,714,1208,1195,515,329,967,274,271,312,510,244,282,308,246,394,305,533,271,266,584,282,344
"1793722",2196,2254,2009,2039,2012,1966,1862,1907,1853,1858,1859,1688,1693,1628,1738,1671,1678,1585,1617,1671,1610,1682,1501,1519
"1961362",1863,1810,1828,1663,2253,1759,1428,1756,1216,1399,1455,1644,1198,1250,1164,1214,1203,1087,1641,1083,1154,1434,970,1248
"2987701",2253,1199,1811,1830,2194,1146,999,1398,932,925,978,1921,871,917,896,747,1053,757,1533,762,798,1401,718,947
"3025315",1920,1930,1872,1662,2252,1763,1431,1832,1334,1343,1369,1817,1217,1283,1174,1164,1274,1071,1727,1105,1253,1424,995,1295
"1940612",2249,2113,1651,1682,1768,1808,1155,1774,1165,1108,1151,1613,976,1155,1126,1227,1404,1167,1461,1156,1087,1523,1173,1262
"280333",2248,2072,1967,1682,1863,2037,1258,1849,1300,1367,1295,1680,1241,1403,1241,1309,1464,1243,1545,1288,1283,1483,1283,1487
"1712261",1972,2246,1878,1848,1942,1907,1417,1762,1499,1357,1416,1788,1317,1367,1278,1423,1610,1365,1633,1397,1333,1559,1365,1565
"93219",2246,2049,1818,1780,1890,1931,1379,1827,1314,1302,1200,1648,1126,1329,1262,1292,1636,1374,1519,1294,1213,1559,1299,1425
"188770",2179,2245,2177,2000,1923,2015,1985,1834,1948,1980,1835,1801,1748,1778,1767,1789,1668,1738,1684,1757,1676,1612,1677,1570
"126673",2239,2242,2028,1886,1811,1933,1713,1776,1809,1666,1732,1593,1511,1566,1599,1584,1639,1545,1589,1527,1644,1642,1479,1479
"2742602",2166,2238,2117,2062,1878,1965,1910,1808,1812,1821,1817,1703,1667,1716,1739,1705,1823,1651,1580,1663,1584,1683,1592,1613
"502394",2206,2238,2008,2095,2024,2021,1804,1704,1735,1760,1741,1884,1600,1607,1626,1872,1819,1685,1719,1724,1502,1801,1668,1497
"2872646",1691,1759,1757,1507,2237,1505,1105,1791,1081,984,1122,1713,902,1011,1109,872,1195,774,1759,838,968,1360,870,1649
"1040979",2236,1703,1763,1410,1748,1482,1040,1551,1002,970,964,1501,830,959,889,912,1128,954,1538,969,902,1299,976,1057
"2995145",2234,2232,2108,2067,2018,2031,1887,1786,1820,1783,1753,1707,1640,1740,1674,1696,1705,1617,1651,1576,1628,1642,1580,1541
"1437453",2232,2021,1868,1899,1913,1747,1786,1793,1689,1672,1688,1695,1589,1655,1635,1630,1524,1522,1600,1483,1519,1475,1389,1243
"2798724",1873,1900,1977,1716,2232,1691,1283,1800,1324,1280,1388,1751,1131,1207,1161,1188,1297,1054,1714,1105,1158,1596,1137,1292
"479978",2114,2114,2137,2006,2169,1900,2090,1971,2231,1898,1919,1693,1811,1963,1998,1742,1481,1731,1698,1701,1981,1726,1599,1407
"2744515",2060,1842,2056,1826,2230,1947,1251,1711,1272,1158,1154,1824,1113,1096,1094,1039,1339,1020,1662,1054,1060,1459,1041,1709
"475662",2026,2229,1880,1885,1839,1897,1504,1789,1516,1518,1612,1689,1371,1422,1452,1538,1680,1449,1419,1492,1422,1490,1450,1505
"1660",2113,2228,1953,2017,1859,2062,1872,1752,1736,1799,1748,1762,1619,1669,1563,1659,1637,1600,1576,1662,1654,1588,1664,1472
"300",2226,2090,1984,1878,1794,1798,1375,1795,1269,1305,1325,1682,1163,1286,1301,1284,1562,1329,1692,1342,1313,1725,1328,1429
"2867408",743,139,2225,144,167,143,86,140,86,100,93,139,76,109,88,70,99,86,232,95,86,1701,88,103
"1943633",2138,2224,1880,1970,2090,1977,1687,1933,1576,1620,1592,1813,1528,1449,1491,1559,1573,1507,1663,1483,1396,1641,1576,1487
"1804990",2207,2223,1995,2073,1963,2116,1921,1899,1963,1872,1818,1751,1726,1795,1747,1738,1657,1699,1679,1577,1670,1727,1629,1594
"300028",2223,2211,2095,2103,2100,2053,1994,1874,1885,1947,1938,1833,1707,1912,1835,1776,1734,1677,1571,1683,1649,1665,1668,1625
"1855416",1672,1624,1834,1467,2221,1560,1242,1577,1183,1094,1240,1769,961,1134,1041,886,1029,905,1698,764,1046,1368,818,1172
"1938605",2046,2013,2076,1754,2220,2051,1700,1845,1636,1624,1579,1679,1327,1503,1374,1524,1611,1355,1703,1438,1522,1751,1301,1899
"346",1961,1865,1918,1602,2217,1768,1232,1686,1190,1107,1201,1623,1121,1232,1144,1093,1300,1033,1617,1148,1206,1589,1125,1332
"106591",2215,1675,1791,1670,1800,1493,960,1576,879,937,960,1462,859,888,863,841,1064,810,1468,805,871,1357,897,1195
"2962065",2214,1914,1707,1577,1772,1788,1248,1821,1308,1197,1215,1599,1117,1286,1318,1230,1561,1196,1586,1285,1198,1595,1230,1351
"3015997",2142,2212,2062,1802,2193,2188,1601,1869,1566,1537,1503,1788,1425,1517,1421,1521,1423,1363,1701,1408,1570,1706,1415,2023
"925818",1876,2211,1743,1824,1732,1913,1549,1640,1439,1521,1547,1617,1450,1408,1534,1572,1632,1514,1458,1543,1279,1409,1482,1433
"270",2144,2207,1865,2060,1846,2015,1755,1828,1565,1673,1668,1690,1413,1537,1433,1623,1842,1559,1556,1729,1414,1630,1623,1505
"3055080",1559,1291,1627,1153,2207,1644,901,1328,944,835,887,1291,758,937,844,721,901,735,1504,697,831,1471,750,1494
"2054",2154,2205,2128,2081,2025,2017,1885,1859,1850,1827,1828,1674,1777,1776,1771,1757,1764,1632,1698,1653,1636,1649,1692,1535
"2605946",2067,2205,1880,1878,1895,1934,1535,1740,1592,1567,1504,1690,1462,1516,1343,1481,1625,1464,1548,1433,1432,1650,1455,1376
"3073562",2114,2204,1956,1861,1889,1977,1761,1845,1730,1661,1726,1608,1595,1605,1576,1515,1616,1487,1547,1535,1554,1553,1553,1523
"2873270",2202,2168,2047,2050,1949,1955,1845,1880,1825,1755,1710,1751,1586,1740,1551,1611,1679,1579,1574,1577,1602,1782,1556,1531
"1273155",2074,2201,1949,1777,1862,1958,1324,1796,1406,1354,1348,1775,1217,1412,1412,1318,1639,1363,1568,1317,1323,1709,1300,1481
"1767",2165,2201,2018,2144,1956,2102,1726,1830,1820,1823,1794,1682,1596,1759,1694,1669,1680,1607,1699,1651,1597,1641,1561,1481
"75309",2055,1870,1940,1632,2201,1721,1319,1780,1296,1269,1247,1672,1108,1230,1218,1137,1372,1093,1688,1091,1214,1773,1087,1348
"2782568",1621,1771,1800,1434,2198,1524,1223,1505,1273,1208,1187,1775,1087,1201,1112,977,1176,916,1734,971,1111,1434,945,1230
"2885079",2041,2198,1875,1967,1885,2183,1552,1768,1581,1475,1454,1699,1417,1480,1386,1550,1663,1456,1599,1440,1364,1596,1446,1574
"2982692",2114,2197,1834,1802,1819,2002,1567,1770,1538,1586,1505,1714,1394,1431,1510,1523,1613,1489,1538,1507,1427,1668,1538,1478
"3015163",2142,2197,2153,2033,1956,1951,2067,1926,2162,1979,2049,1717,1872,1865,1841,1791,1600,1709,1722,1649,1813,1598,1601,1355
"317577",2197,2144,1950,2015,1847,1959,1736,1760,1586,1792,1687,1676,1420,1446,1551,1638,1652,1553,1601,1564,1571,1644,1579,1418
"1749",2177,2196,2066,2003,2036,1993,2104,1814,1910,1893,1917,1647,1702,1759,1753,1754,1716,1820,1672,1696,1645,1623,1709,1444
"506591",2094,1872,1758,2011,1778,1803,1386,2196,1331,1282,1297,1620,1194,1239,1201,1237,1439,1249,1518,1189,1214,1412,1250,1320
"1777866",2093,1871,1934,1780,2195,1878,1358,1796,1279,1257,1249,1792,1185,1272,1241,1149,1310,981,1748,1079,1190,1563,1181,1581
"1053",2127,2194,1993,1796,1862,1967,1558,1889,1495,1484,1424,1821,1361,1499,1463,1495,1776,1508,1580,1421,1400,1687,1518,1450
"74829",2051,2190,1898,1846,1900,1807,1412,1708,1448,1436,1383,1613,1294,1374,1370,1462,1519,1335,1584,1394,1343,1437,1378,1380
"1353260",1815,1043,1965,1787,2188,829,1461,1118,1843,1295,1526,1018,1080,1699,1584,647,875,626,1258,758,1261,1234,878,757
"654",1912,2184,1725,1763,1565,1701,1221,1475,1218,1186,1229,1473,1137,1238,1218,1252,1468,1106,1373,1190,1110,1398,1277,1181
"2838157",1832,2183,2157,1348,2094,2108,584,1695,658,551,485,1682,433,664,654,576,1030,524,1816,644,713,1806,721,1750
"3026161",1901,1390,1716,1588,2182,1569,951,1974,955,895,971,1698,874,848,881,717,1037,774,1580,784,856,1391,810,1086
"2880219",2181,2160,1872,1735,1838,1941,1530,1770,1355,1451,1479,1632,1207,1406,1354,1474,1624,1423,1517,1450,1391,1548,1427,1379
"1778",2082,2180,1960,1881,1913,2032,1810,1839,1777,1725,1651,1672,1586,1698,1700,1600,1622,1567,1634,1584,1557,1554,1571,1477
"582702",2023,1849,1899,1788,2177,1711,1211,1707,1207,1113,1217,1607,1094,1266,1183,1195,1350,1137,1566,1134,1210,1684,1087,1360
"351052",2126,2170,1956,1792,1870,1964,1493,1768,1421,1440,1406,1778,1292,1469,1386,1448,1603,1427,1667,1498,1506,1621,1576,1434
"2654282",2067,2169,1838,1757,1786,2042,1475,1823,1482,1508,1485,1790,1392,1410,1353,1448,1656,1390,1545,1429,1362,1631,1539,1479
"2758710",2134,2169,2014,2023,2066,2017,1828,1812,1934,1761,1784,1692,1667,1738,1700,1709,1530,1612,1659,1603,1614,1640,1578,1517
"1183401",2167,1321,1380,1179,1659,1281,858,1137,800,769,780,1199,687,759,712,682,876,672,1194,810,692,966,793,969
"173366",2087,2165,1895,1975,1843,2027,1578,1764,1433,1442,1547,1707,1436,1471,1361,1468,1643,1390,1615,1452,1394,1574,1521,1584
"40990",2164,2126,1976,1914,1993,1983,2074,1834,1900,1811,1959,1668,1739,1872,1744,1681,1593,1697,1544,1644,1664,1469,1624,1616
"69395",2065,2157,1945,1794,2007,2164,1447,1662,1254,1303,1429,1669,1183,1210,1250,1345,1491,1299,1699,1265,1259,1759,1267,1474
"2021234",2022,2163,1915,1599,1952,1751,1297,1926,1236,1188,1110,1711,1052,1321,1232,1185,1443,1130,1661,1179,1168,1635,1263,1370
"2919578",2163,577,700,1222,1032,469,269,849,267,245,253,437,239,252,248,278,420,278,480,303,235,528,237,328
"1432792",2162,2153,2037,1837,2068,2160,1389,1777,1743,1382,1447,1709,1213,1584,1531,1463,1812,1430,1816,1365,1463,1785,1577,1409
"1854057",1968,1661,1827,1760,2162,1703,1123,1706,1223,1160,1048,1681,967,1078,1045,980,1201,975,1645,946,1013,1493,1072,1388
"1761016",2143,2160,1762,1631,1686,1823,1253,1790,1282,1265,1195,1703,978,1349,1289,1228,1508,1254,1592,1214,1217,1534,1350,1274
"2843200",1875,2158,1790,1955,1645,1754,1915,1466,1802,1786,1848,1359,1532,1676,1700,1607,1783,1568,1191,1589,1589,1371,1543,1249
"2175648",2157,2084,1973,1995,2010,1881,1841,1684,1760,1755,1659,1641,1677,1704,1627,1556,1757,1569,1613,1537,1523,1612,1484,1399
"2762729",1944,1862,1875,1726,2154,1688,1407,1747,1172,1258,1371,1691,1107,1179,1049,1123,1343,1087,1665,1085,1061,1547,1072,1320
"231455",2079,2056,1994,1821,2153,1843,1265,1909,1295,1204,1300,1729,1178,1321,1334,1177,1424,1164,1576,1096,1249,1795,1226,1432
"2698828",1779,1758,1723,1476,2152,1610,1225,1584,977,1202,1258,1617,1033,1049,911,933,1127,880,1632,933,1000,1388,817,1165
"377615",2122,2152,1863,1722,1725,1895,1559,1611,1508,1562,1463,1703,1360,1464,1393,1504,1617,1488,1447,1601,1375,1515,1548,1428
"2792603",2044,2145,1816,1708,1778,1797,1370,1839,1364,1285,1289,1641,1185,1306,1350,1328,1673,1292,1572,1366,1256,1632,1413,1423
"399497",1956,2145,2056,1904,1916,1898,1923,1770,1832,1829,1824,1643,1659,1768,1738,1600,1653,1638,1604,1579,1705,1594,1537,1440
"2561924",1928,1887,1780,1614,1978,1918,1494,1589,1436,1378,1519,1494,1233,1492,1300,1383,1374,1364,1466,1230,1402,1507,1215,2143
"458032",2010,2142,1753,1787,1813,2104,1553,1656,1307,1470,1391,1669,1266,1359,1365,1568,1955,1584,1447,1793,1327,1666,1710,1629
"208439",2068,2139,1845,1886,1835,1736,1965,1849,1754,1794,1751,1625,1606,1609,1639,1600,1629,1550,1479,1577,1514,1556,1429,1543
"3014995",2126,2047,1890,1955,1990,1817,1914,1732,1991,1790,1752,1667,1637,1727,1790,1646,1507,1517,1518,1548,1733,1447,1426,1229
"2763498",2013,1835,1792,1566,2125,1792,1279,1724,1277,1215,1105,1560,1047,1265,1252,1102,1314,1104,1652,1153,1207,1690,1229,1380
"2861285",2125,2093,1996,1892,2066,1986,1666,1877,1567,1591,1585,1694,1311,1462,1340,1461,1436,1423,1604,1447,1433,1637,1236,2000
"722731",2125,2124,1877,1915,1873,1967,1789,1782,1677,1725,1624,1638,1503,1468,1584,1508,1558,1574,1555,1506,1469,1588,1551,1415
"1123043",1815,2124,1688,1617,1587,1885,1155,1537,1214,1126,1046,1578,983,1088,1056,1200,1727,1275,1356,1332,1050,1529,1350,1567
"1069220",1886,2122,1761,1800,1901,1826,1742,1641,1700,1550,1698,1556,1551,1564,1524,1552,1528,1466,1432,1525,1498,1489,1383,1393
"354",1998,2121,1875,1732,1769,1841,1457,1698,1392,1344,1402,1581,1258,1366,1325,1383,1592,1327,1544,1369,1271,1583,1398,1421
"444103",2121,2121,2011,1993,1950,1894,1937,1879,1990,1853,1866,1668,1808,1772,1780,1588,1625,1687,1503,1642,1653,1614,1517,1492
"60552",2080,1786,1525,1895,1643,1559,1142,2118,1110,1174,1123,1418,1066,1112,1172,1163,1366,1098,1449,1125,1027,1399,1132,1162
"556533",2114,1779,1764,1698,1577,1567,1131,1518,1185,1156,1055,1443,1016,1093,1177,1147,1234,1058,1398,1096,1060,1431,1160,1074
"2726185",2113,2111,1788,1843,1873,1938,1572,1664,1488,1525,1495,1683,1390,1453,1382,1496,1722,1531,1493,1548,1384,1541,1433,1485
"56689",2113,2085,1835,1898,1777,1815,1606,1679,1636,1552,1492,1498,1507,1463,1478,1432,1400,1380,1534,1368,1424,1421,1320,1421
"68278",2112,1962,2031,1856,2104,1763,1813,1815,1770,1780,1724,1700,1595,1597,1655,1473,1534,1472,1653,1492,1581,1557,1378,1427
"110505",1865,2111,1835,1821,1820,1887,1726,1652,1696,1683,1585,1565,1416,1514,1569,1524,1469,1397,1467,1436,1519,1537,1409,1410
"1799",2110,1955,1632,1680,1741,1792,1578,1605,1528,1428,1459,1519,1382,1462,1404,1378,1343,1353,1420,1328,1376,1358,1321,1373
"1325724",384,409,371,342,429,363,294,293,273,290,290,263,265,250,244,285,276,279,285,261,264,295,260,2109
"1503055",2046,2106,1788,1722,1758,1914,1398,1729,1329,1357,1319,1658,1207,1383,1439,1417,1516,1274,1461,1325,1256,1497,1370,1335
"1704044",2106,1570,1785,1768,1935,1466,1402,1497,1331,1357,1356,1645,1193,1287,1263,1245,1399,1102,1419,1089,1094,1436,1146,1165
"1905847",2074,2106,1869,1955,1867,1876,1788,1753,1744,1724,1605,1576,1584,1593,1641,1588,1662,1617,1513,1527,1577,1536,1501,1438
"2995140",2105,1641,1913,1580,1769,1444,1274,1360,1259,1231,1214,1457,1164,1170,1277,1051,1296,1057,1388,1030,1225,1399,1125,1160
"266",2104,2032,1828,1747,1898,1881,1601,1821,1455,1543,1549,1591,1412,1421,1364,1410,1480,1378,1594,1358,1283,1521,1327,1464
"1503054",2059,2102,1874,1699,1716,1836,1439,1870,1385,1352,1357,1654,1290,1368,1379,1399,1586,1335,1471,1423,1290,1659,1404,1439
"674079",2101,2079,2027,1830,1844,1902,1761,1732,1639,1682,1644,1604,1677,1622,1575,1516,1575,1588,1590,1502,1496,1578,1440,1496
"2927975",2098,1887,1832,1836,1794,1815,1472,1795,1419,1424,1377,1780,1300,1385,1295,1483,1611,1484,1498,1533,1287,1607,1599,1517
"370622",2079,2098,1890,1773,1938,1910,1434,1702,1413,1430,1453,1599,1281,1317,1423,1351,1542,1342,1437,1246,1268,1484,1406,1556
"380021",2095,1859,1819,1641,1853,1733,1288,1692,1227,1227,1213,1527,1110,1228,1139,1217,1391,1159,1418,1238,1157,1428,1240,1277
"2060726",2094,1777,1717,1656,1894,1735,1193,1719,1153,1142,1167,1536,1028,1163,1158,1103,1265,1087,1447,1074,1053,1332,1145,1369
"3015999",1947,1945,1920,1763,2094,2024,1631,1676,1623,1545,1520,1502,1396,1372,1250,1434,1365,1393,1582,1412,1429,1630,1310,1976
"1295382",2090,2083,1931,1746,1769,1912,1391,1851,1380,1328,1279,1548,1162,1258,1287,1372,1600,1233,1537,1272,1306,1553,1398,1432
"169430",2088,2073,1790,1719,1678,1938,1342,1794,1283,1302,1224,1563,1111,1263,1181,1344,1585,1284,1579,1339,1288,1584,1360,1330
"2708084",2006,2085,1936,1875,1961,1865,1634,1773,1568,1649,1464,1543,1476,1618,1495,1532,1506,1480,1520,1408,1456,1573,1500,1442
"2952571",2084,1587,1578,851,1870,1709,424,1270,420,400,324,926,311,460,447,433,775,345,1096,435,445,1136,476,1815
"3019890",1861,1869,1998,1705,2084,1645,1563,1496,1518,1385,1406,1421,1337,1394,1409,1363,1267,1256,1503,1322,1320,1460,1271,1423
"1402135",2083,2061,1859,1809,1754,1988,1397,1755,1294,1364,1405,1606,1166,1317,1301,1305,1473,1293,1406,1338,1298,1448,1387,1395
"2866627",1908,2083,1725,1745,1628,1882,1640,1686,1430,1520,1567,1550,1429,1451,1395,1525,1745,1541,1337,1583,1373,1557,1503,1394
"337191",2031,2083,1831,1824,1715,1800,1565,1708,1626,1586,1542,1491,1470,1577,1529,1518,1450,1375,1484,1425,1412,1413,1449,1358
"33069",2082,1849,1766,1634,1843,1687,1242,1773,1229,1219,1158,1525,1062,1197,1108,1153,1461,1228,1387,1145,1165,1469,1179,1269
"1671680",2072,2081,1924,1873,1812,1801,1744,1732,1558,1696,1672,1630,1447,1534,1555,1487,1587,1471,1427,1428,1488,1479,1374,1346
"1897060",1990,2081,1986,1851,1906,1792,1790,1713,1711,1726,1607,1608,1565,1607,1505,1537,1510,1436,1556,1467,1491,1581,1447,1502
"1084",1904,2079,1792,1818,1720,1870,1431,1626,1396,1384,1409,1603,1259,1295,1254,1356,1513,1383,1619,1327,1303,1430,1407,1405
"1756988",2079,1927,1899,1686,2073,1891,1337,1812,1301,1255,1315,1686,1176,1283,1221,1158,1522,1138,1502,1144,1144,1450,1234,1474
"2527980",1963,2059,2040,1800,2079,1899,1451,1763,1463,1426,1388,1665,1240,1358,1258,1363,1646,1326,1621,1340,1310,1685,1330,1598
"2815343",2003,2078,1743,1644,1752,1827,1320,1750,1312,1276,1245,1574,1137,1334,1277,1275,1611,1265,1417,1319,1335,1653,1295,1322
"2697363",2050,2070,1989,1774,2034,1947,1528,1853,1540,1498,1502,1731,1327,1511,1502,1416,1529,1417,1560,1458,1372,1610,1427,1570
"1192162",2067,1970,1667,1587,1694,1635,1297,1653,1197,1225,1297,1456,1127,1268,1228,1319,1492,1179,1451,1280,1133,1478,1267,1293
"34004",2035,2067,1852,1798,1817,1877,1663,1735,1576,1456,1623,1608,1377,1476,1447,1424,1485,1306,1549,1361,1423,1548,1329,1392
"1310165",2065,1815,1733,1587,1734,1674,1126,1747,1119,1172,1092,1468,973,1141,1102,1153,1508,1115,1511,1139,1049,1520,1098,1176
"656179",2065,1962,1644,1714,1842,1778,1278,1804,1278,1261,1133,1595,1152,1226,1265,1308,1524,1302,1515,1286,1260,1582,1335,1237
"191579",2064,209,711,1524,1099,1128,85,1087,80,44,63,240,55,114,90,47,103,44,739,68,92,335,59,230
"2816454",2063,2053,1861,1832,1811,1950,1581,1777,1541,1486,1421,1709,1362,1303,1418,1365,1535,1368,1641,1425,1254,1500,1331,1448
"2703788",2049,2062,1749,1629,1778,1880,1362,1559,1353,1298,1269,1545,1193,1385,1249,1434,1625,1391,1465,1511,1253,1644,1605,1419
"2835787",1904,2062,1746,1604,1939,1861,1516,1679,1337,1493,1432,1635,1254,1375,1237,1369,1429,1270,1619,1331,1232,1490,1341,1390
"3050069",1941,2062,1923,1867,1884,1839,1679,1672,1780,1707,1677,1632,1574,1595,1703,1672,1608,1497,1436,1505,1533,1554,1465,1467
"78587",1855,2026,1748,1679,2062,1999,1162,1629,1165,1103,1093,1455,1098,1099,1022,1165,1391,1069,1458,1076,1081,1375,1061,1426
"1784",1985,2059,1896,1858,1775,2004,1754,1574,1712,1665,1575,1608,1443,1555,1464,1562,1631,1430,1525,1457,1367,1481,1375,1442
"1248727",2058,2031,1810,1662,1845,1733,1259,1713,1291,1247,1258,1641,1135,1316,1315,1410,1567,1258,1574,1260,1316,1589,1246,1384
"138118",2058,2042,1637,1565,1544,1775,1273,1715,1278,1165,1225,1519,1036,1367,1374,1226,1478,1294,1461,1318,1268,1481,1279,1336
"2840373",1956,2058,1922,1896,1903,1810,1774,1660,1845,1766,1799,1572,1578,1562,1592,1568,1602,1507,1420,1549,1528,1512,1541,1388
"467975",1646,1642,2056,1790,1801,1520,1705,1438,1938,1593,1659,1440,1447,1687,1690,1368,1295,1308,1447,1283,1580,1439,1346,1205
"549",1820,1774,1548,1464,1720,1878,1228,1581,1149,1185,1179,1564,1022,1177,1180,1197,2056,1181,1454,1209,1080,1268,1221,1216
"2911538",2054,2051,1779,1533,2013,1780,1233,1661,1183,1147,1209,1565,1061,1245,1259,1190,1425,1175,1587,1212,1219,1520,1231,1376
"423349",2053,1371,1409,1223,1523,1643,378,1574,425,409,338,1028,281,448,445,357,830,376,1225,389,444,1157,461,1023
"1486262",2052,1891,1754,1726,1783,1908,1377,1783,1327,1387,1325,1609,1225,1320,1233,1324,1434,1291,1560,1250,1211,1426,1221,1527
"32003",1871,2052,1707,1549,1471,1707,1325,1635,1378,1209,1218,1507,1097,1469,1395,1195,1503,1226,1466,1310,1436,1669,1300,1259
"1245526",2005,2051,1827,1736,1684,1662,1378,1759,1391,1396,1377,1514,1181,1182,1240,1383,1493,1309,1481,1307,1200,1560,1347,1339
"1938606",2049,1158,1071,1269,1348,928,653,1161,628,635,597,802,524,672,594,612,813,620,860,614,596,898,623,680
"398",2049,1980,1723,1662,1865,2011,1237,1607,1097,1091,1013,1530,990,1034,1062,1040,1246,969,1487,1005,1004,1357,1026,1458
"57480",2048,2042,1804,1668,1756,1842,1328,1725,1425,1235,1318,1593,1164,1379,1320,1246,1526,1225,1479,1332,1254,1524,1364,1317
"3026420",2014,2046,1887,1833,1839,1831,1782,1664,1730,1754,1742,1536,1527,1669,1631,1620,1516,1619,1528,1431,1491,1478,1477,1452
"2683590",2044,2006,1909,1967,1846,1785,1721,1740,1575,1660,1680,1551,1551,1680,1618,1449,1454,1388,1548,1471,1488,1483,1382,1399
"2746961",2044,1952,2007,1718,1756,1927,1557,1935,1573,1435,1453,1833,1339,1357,1384,1383,1531,1333,1528,1304,1276,1510,1329,1412
"29447",1431,1252,1494,1254,2044,1422,801,1360,757,763,763,1317,710,795,781,629,905,697,1295,661,733,1302,690,1213
"3015167",2003,2044,2042,1945,1797,1804,1986,1708,1835,1785,1800,1600,1841,1636,1836,1609,1409,1601,1501,1664,1670,1478,1516,1290
"339268",1888,2042,1730,1763,1750,1939,1664,1597,1704,1596,1591,1539,1433,1495,1472,1393,1433,1330,1404,1463,1408,1441,1421,1421
"363852",2041,322,1748,286,870,383,72,425,87,81,74,270,68,96,91,78,189,68,646,76,106,1010,74,652
"574727",1901,2041,1593,1631,1632,1959,1270,1634,1237,1238,1285,1604,1156,1263,1105,1329,1398,1148,1346,1274,1104,1242,1229,1482
"561184",2037,1979,1969,1992,1899,1931,1623,1824,1463,1518,1502,1723,1414,1439,1366,1470,1572,1445,1653,1473,1396,1562,1423,1512
"38501",1699,1672,1626,1752,1803,1379,1831,1202,2033,1826,1907,1094,1679,1626,1854,1563,1132,1318,1248,1377,1546,1040,1255,912
"1729695",1982,2028,1892,1754,1891,1896,1783,1647,1748,1741,1686,1610,1497,1579,1492,1539,1627,1557,1539,1546,1522,1496,1515,1461
"2838156",1671,1932,1762,1185,1931,2028,709,1428,594,639,530,1355,485,678,689,644,975,525,1592,684,754,1479,679,1608
"204286",2027,1989,1820,1647,1695,1807,1428,1588,1359,1305,1396,1493,1161,1339,1314,1338,1372,1306,1464,1287,1236,1458,1377,1370
"3035531",2027,1872,1952,1689,1991,1601,1504,1527,1404,1434,1453,1434,1297,1400,1447,1260,1229,1137,1545,1162,1364,1477,1224,1318
"2871820",1974,1865,1783,1586,2009,1798,1247,1569,1144,1108,1189,1499,1100,1101,1146,1076,1283,995,1501,1064,1031,1359,1038,2026
"3039156",2025,1775,1625,1608,1808,1783,997,1649,996,977,1029,1448,922,917,979,969,1187,931,1403,905,955,1244,1056,1366
"1547487",2024,1971,1721,1666,1663,1789,1544,1639,1508,1494,1480,1497,1338,1495,1422,1402,1479,1318,1431,1351,1330,1511,1293,1313
"3074437",2023,1860,1664,1650,1582,1725,1268,1624,1235,1127,1142,1417,1102,1170,1187,1192,1492,1167,1426,1201,1204,1386,1186,1302
"560555",2015,2021,1729,1785,1768,1932,1597,1742,1562,1579,1473,1468,1458,1460,1496,1442,1553,1365,1419,1390,1414,1477,1374,1457
"1112",1621,1631,1740,1332,2020,1536,1223,1638,1114,1123,1219,1638,1007,1075,1010,995,1059,856,1569,864,1048,1191,796,1151
"2066070",1828,1859,1886,1651,2020,1770,1149,1701,1230,1113,1135,1669,1092,1168,1159,1106,1326,1085,1511,1030,1004,1461,1096,1555
"1396826",2019,1939,1713,1701,1709,1796,1405,1693,1367,1375,1368,1526,1223,1241,1292,1323,1391,1259,1386,1317,1221,1435,1273,1399
"375286",2015,963,786,1024,1000,843,403,1069,416,378,407,606,384,409,372,413,638,408,680,431,400,685,446,479
"2684212",2011,593,1117,573,817,552,397,667,378,379,427,567,303,362,338,364,471,341,690,349,360,652,389,585
"702113",1707,1664,1634,1452,2011,1468,1026,1534,1001,942,1039,1667,933,980,887,862,998,772,1569,795,972,1274,805,1080
"2175645",2010,1979,1970,1911,1866,1848,1771,1692,1762,1625,1637,1538,1580,1556,1539,1564,1414,1533,1468,1533,1492,1518,1494,1335
"2942909",1982,2008,1911,1969,1814,1782,1878,1688,1753,1753,1670,1722,1585,1618,1555,1594,1575,1554,1561,1526,1608,1532,1520,1378
"453230",1850,2008,1853,1702,1646,1885,1420,1642,1356,1439,1391,1598,1206,1326,1375,1536,1606,1448,1377,1522,1317,1495,1593,1421
"2768071",1912,2005,1846,1699,1805,1726,1688,1590,1579,1555,1525,1566,1424,1499,1447,1446,1524,1466,1407,1396,1446,1440,1408,1251
"486698",1991,1999,1910,1817,1823,2005,1652,1789,1725,1570,1658,1533,1423,1584,1566,1516,1485,1532,1620,1536,1482,1539,1378,1364
"3073268",2003,1969,1774,1894,1760,1750,1782,1627,1732,1599,1692,1576,1532,1560,1547,1647,1630,1447,1391,1428,1519,1442,1471,1321
"3016103",2002,1928,1910,1744,1914,1818,1916,1730,1919,1822,1865,1636,1603,1797,1779,1779,1501,1625,1653,1702,1773,1505,1447,1283
"146937",1999,1836,1674,1497,1552,1622,1267,1669,1267,1240,1168,1496,1095,1295,1231,1225,1582,1202,1466,1189,1293,1504,1339,1204
"215813",1927,1999,1776,1812,1826,1774,1584,1682,1409,1510,1490,1621,1383,1441,1230,1368,1504,1345,1529,1357,1333,1501,1313,1311
"1485",1996,1679,1097,1922,1342,1584,384,1791,346,367,471,1376,260,414,373,276,1248,380,828,330,334,882,349,1238
"940615",1918,1996,1685,1552,1668,1909,1416,1559,1326,1316,1285,1655,1238,1367,1272,1473,1575,1391,1412,1572,1269,1605,1565,1327
"1823759",1995,1940,1764,1722,1750,1910,1484,1770,1423,1451,1369,1654,1322,1358,1319,1443,1678,1439,1419,1504,1328,1474,1539,1371
"2739433",1714,1828,1650,1408,1995,1464,1111,1577,1080,1053,1124,1548,909,997,997,871,980,837,1624,846,1056,1242,844,1088
"577492",1995,1887,1697,1721,1715,1720,1566,1578,1476,1453,1465,1523,1360,1467,1444,1357,1466,1287,1399,1239,1285,1346,1309,1302
"1725",1938,1994,1844,1813,1812,1770,1662,1646,1692,1652,1519,1544,1515,1559,1558,1583,1599,1539,1467,1572,1462,1492,1430,1342
"2867233",1480,1467,1456,1203,1994,1364,1151,1406,1147,1052,1092,1388,954,1022,995,841,995,814,1474,826,986,1113,832,1034
"1161",1659,1992,1464,1449,1495,1919,1184,1469,1232,1300,1130,1515,999,1065,1083,1391,1641,1514,1106,1499,1026,1325,1675,1451
"1826872",1970,849,1956,1969,1737,648,1890,1143,1991,1542,1832,948,1408,1729,1394,724,602,607,1463,786,1395,1207,940,620
"1744",1900,1990,1761,1717,1662,1759,1593,1553,1594,1596,1544,1585,1487,1581,1428,1408,1457,1428,1485,1442,1383,1443,1383,1327
"36808",1811,1986,1747,1832,1702,1788,1735,1643,1660,1549,1677,1515,1506,1539,1574,1552,1545,1529,1377,1485,1431,1382,1470,1292
"2175620",1951,1985,1830,1966,1835,1861,1781,1663,1702,1662,1703,1673,1639,1622,1637,1643,1535,1474,1519,1566,1529,1557,1578,1445
"2486855",1977,1673,1723,1786,1840,1523,1482,1530,1488,1455,1374,1476,1348,1398,1428,1222,1324,1210,1394,1162,1255,1411,1232,1118
"2694929",1562,1461,1496,1339,1975,1258,1977,1160,1504,1676,1727,1191,1312,1475,1092,1160,1048,1005,1332,1062,1375,1240,1125,1212
"60136",1976,1891,1817,1790,1937,1854,1476,1615,1413,1426,1407,1606,1303,1377,1297,1281,1468,1374,1483,1357,1260,1488,1311,1374
"75692",1921,1976,1740,1624,1630,1565,1244,1682,1273,1271,1169,1397,1111,1233,1199,1171,1320,1211,1523,1202,1164,1398,1177,1184
"2979461",1551,1699,1615,1260,1972,1333,1208,1499,1129,1099,1095,1499,1034,978,969,910,1000,875,1588,873,965,1142,862,1066
"2751478",1971,1027,1085,1284,1187,916,646,1155,563,576,623,839,535,655,609,597,748,608,804,611,564,844,617,658
"68192",1951,1970,1794,1778,1938,1715,1756,1748,1743,1544,1613,1559,1526,1513,1541,1656,1409,1513,1437,1483,1457,1466,1300,1316
"160699",1907,1605,1415,1294,1825,1969,866,1300,822,789,858,1251,696,794,770,777,1123,803,1149,778,755,1127,867,1093
"36822",1969,1913,1767,1800,1831,1777,1714,1679,1625,1559,1577,1650,1495,1517,1514,1426,1561,1478,1479,1402,1495,1408,1457,1353
"1064539",1753,1966,1537,1663,1547,1802,1343,1486,1359,1411,1357,1369,1191,1360,1298,1365,1356,1374,1398,1343,1243,1294,1300,1309
"943830",1963,1892,1681,1619,1667,1762,1233,1670,1142,1200,1169,1534,1126,1172,1212,1083,1336,1106,1361,1156,1090,1401,1235,1306
"2603277",1962,1763,1799,1661,1764,1697,1168,1780,1056,1061,1170,1506,1052,1038,1136,1046,1229,1078,1430,981,1037,1391,1135,1299
"1610493",1939,1961,1903,1807,1827,1530,1682,1576,1716,1577,1651,1483,1584,1629,1526,1464,1474,1512,1380,1455,1505,1441,1378,1361
"2831662",1961,1915,1806,1794,1630,1729,1620,1635,1592,1548,1481,1591,1356,1497,1450,1491,1432,1414,1427,1404,1361,1463,1417,1294
"345370",1798,1959,1660,1622,1529,1840,1390,1515,1361,1415,1350,1568,1339,1335,1273,1473,1551,1410,1299,1376,1262,1469,1453,1330
"1331258",1956,1948,1659,1613,1620,1649,1195,1690,1323,1229,1152,1504,1190,1202,1282,1198,1511,1266,1368,1238,1234,1457,1225,1302
"3070683",1956,786,878,968,909,627,119,664,113,136,153,809,111,121,108,76,641,116,630,110,84,570,128,521
"2986927",1953,803,878,759,874,674,457,694,632,447,517,580,428,544,487,649,538,577,542,869,433,907,599,549
"135613",1859,1950,1684,1445,1692,1726,1106,1590,1126,1089,1056,1606,894,1138,1103,1105,1308,1097,1425,1150,1115,1546,1145,1237
"2898442",1945,1950,1701,1625,1656,1840,1278,1611,1188,1234,1203,1501,1104,1267,1267,1196,1408,1089,1397,1233,1139,1271,1158,1384
"225992",1419,1089,1161,1103,1949,841,472,1637,511,437,485,751,428,509,470,437,680,481,858,505,480,1168,435,574
"2830995",1949,781,1569,1471,1910,820,743,1084,716,736,664,1545,699,635,699,576,773,514,1309,572,625,1217,531,747
"33883",1946,1860,1949,1706,1804,1654,1451,1572,1564,1404,1448,1487,1346,1469,1389,1277,1330,1222,1566,1232,1356,1459,1253,1385
"1643826",1794,1948,1654,1630,1562,1727,1335,1499,1330,1363,1338,1440,1358,1270,1305,1372,1484,1362,1263,1330,1236,1376,1357,1172
"1896196",1469,1678,1668,1323,1947,1468,1091,1527,1033,1034,1135,1562,993,1018,1003,898,1052,862,1512,875,985,1179,825,1016
"204037",1934,1947,1726,1594,1785,1798,1270,1692,1208,1253,1260,1550,1095,1167,1188,1233,1456,1217,1377,1164,1152,1457,1329,1297
"2779775",1882,1945,1766,1782,1723,1742,1676,1583,1543,1574,1504,1480,1488,1409,1483,1321,1538,1482,1413,1420,1355,1401,1343,1277
"342113",1901,1945,1746,1603,1717,1775,1336,1581,1294,1283,1225,1500,1061,1326,1327,1294,1506,1306,1403,1406,1145,1453,1308,1406
"1678128",1944,1411,1308,1275,1540,1196,648,1670,623,651,576,1104,491,639,576,587,918,648,1108,579,559,1183,692,748
"2760310",1944,1854,1794,1853,1695,1754,1602,1641,1705,1691,1554,1503,1429,1535,1486,1545,1478,1460,1463,1369,1423,1368,1447,1263
"2795216",1944,1564,1619,1386,1573,1636,988,1471,936,1047,903,1337,928,888,890,854,1130,854,1333,905,851,1256,909,1261
"1267768",1881,1941,1702,1736,1697,1707,1501,1627,1459,1349,1400,1486,1256,1293,1265,1426,1478,1213,1364,1374,1282,1394,1375,1317
"2811421",1941,1896,1616,1784,1727,1765,1598,1515,1533,1542,1517,1458,1475,1500,1568,1429,1408,1356,1395,1411,1324,1345,1371,1300
"3041175",1514,1530,1830,1435,1746,1365,1300,1234,1941,1227,1240,1198,1182,1825,1684,1125,1191,1116,1533,1098,1556,1362,1184,998
"1938334",1797,1583,1829,1438,1940,1446,1332,1368,1290,1222,1214,1330,1197,1175,1302,1131,1133,1071,1322,1073,1123,1378,1110,1314
"3068324",1608,1309,1578,1196,1939,1832,959,1348,987,910,928,1238,858,973,836,851,934,827,1440,843,902,1240,792,1479
"36873",1933,1939,1650,1635,1679,1716,1202,1649,1224,1228,1226,1638,1112,1212,1159,1288,1535,1237,1402,1221,1180,1399,1241,1236
"2862331",1775,1938,1774,1628,1775,1687,1422,1555,1352,1392,1443,1432,1257,1263,1250,1329,1365,1162,1427,1247,1221,1364,1247,1282
"1930532",1936,1276,1407,1405,1078,1029,784,1176,704,738,695,978,619,729,691,701,869,741,1002,713,674,987,802,788
"2293838",1932,1873,1629,1780,1667,1873,1579,1510,1513,1487,1494,1662,1385,1395,1420,1527,1597,1459,1432,1490,1355,1485,1513,1302
"2895559",1897,1932,1846,1770,1785,1703,1553,1630,1485,1440,1466,1467,1391,1405,1441,1288,1425,1371,1414,1367,1371,1449,1445,1229
"1419277",1882,1931,1606,1609,1645,1820,1180,1688,1222,1194,1110,1601,1071,1089,1190,1196,1330,1092,1346,1115,1049,1281,1125,1388
"38310",1793,1931,1869,1764,1761,1669,1611,1664,1572,1622,1544,1453,1503,1550,1460,1463,1614,1475,1407,1417,1388,1420,1396,1316
"497726",1929,1240,1453,1903,1288,1066,1714,1333,1536,1467,1507,1254,1165,1366,1256,808,1066,815,1011,897,1119,1072,1058,845
"68280",1880,1929,1807,1842,1758,1722,1695,1690,1646,1528,1599,1527,1473,1637,1512,1594,1459,1449,1455,1423,1425,1360,1381,1276
"1796606",1928,1535,1551,1258,1542,1349,827,1319,861,791,818,1336,695,837,844,849,971,832,1353,827,823,1122,837,949
"414",1925,1821,1643,1548,1706,1675,1318,1627,1117,1249,1242,1586,1110,1231,1262,1114,1442,1199,1388,1173,1146,1451,1295,1234
"2017484",1823,1921,1687,1745,1707,1711,1643,1571,1630,1570,1586,1470,1582,1445,1451,1431,1508,1462,1410,1419,1428,1387,1402,1306
"3025663",1881,1714,1920,1563,1873,1627,1315,1493,1479,1432,1296,1418,1315,1402,1378,1257,1366,1191,1489,1208,1301,1383,1244,1383
"469",1419,1127,1920,982,1391,1007,545,857,548,568,563,925,450,541,497,472,763,484,837,488,568,817,559,746
"2211211",1887,1918,1695,1483,1531,1708,1161,1688,1244,1176,1171,1494,1078,1249,1253,1306,1430,1200,1393,1286,1195,1493,1168,1266
"2604537",1518,1568,1486,1264,1917,1442,996,1445,1034,949,1098,1526,898,965,839,858,985,791,1501,807,963,1144,776,1004
"2822761",1716,1916,1535,1458,1494,1740,1304,1455,1236,1287,1155,1447,1082,1142,1106,1226,1426,1102,1324,1174,1072,1306,1162,1296
"544",1815,1911,1568,1516,1638,1637,1155,1506,1167,1111,1090,1381,912,1144,1081,1190,1348,1078,1334,1132,1056,1306,1194,1152
"1750",1910,1715,1711,1698,1651,1623,1660,1523,1585,1479,1589,1336,1465,1463,1454,1459,1393,1391,1319,1383,1299,1375,1368,1236
"459858",1910,1786,1552,1601,1536,1714,1449,1492,1435,1365,1447,1416,1253,1370,1271,1333,1397,1301,1277,1323,1219,1279,1226,1280
"1263728",1887,1909,1790,1834,1882,1851,1587,1726,1472,1438,1476,1630,1291,1408,1360,1469,1343,1371,1508,1370,1296,1420,1301,1578
"2319844",1511,1452,1489,1366,1909,1306,1009,1390,860,972,979,1333,876,839,790,770,920,775,1420,780,816,1245,685,969
"712122",1845,1908,1703,1687,1654,1642,1575,1571,1526,1504,1581,1443,1446,1433,1469,1604,1451,1427,1299,1473,1376,1385,1442,1282
"2762331",1907,1864,1773,1808,1798,1658,1795,1505,1617,1567,1608,1498,1497,1457,1423,1485,1442,1374,1387,1407,1486,1378,1342,1264
"2895796",1810,1903,1606,1695,1761,1704,1365,1497,1336,1341,1290,1404,1217,1227,1132,1158,1365,1272,1307,1228,1203,1316,1125,1237
"1562974",1901,1448,1374,1231,1595,1213,694,1718,708,662,629,1104,590,621,625,644,978,670,1093,703,624,1221,738,867
"186192",1771,1899,1619,1787,1575,1772,1477,1461,1449,1390,1422,1449,1291,1374,1344,1424,1496,1481,1251,1396,1233,1372,1446,1260
"1945662",1781,1898,1575,1660,1694,1664,1326,1442,1339,1315,1337,1418,1212,1276,1240,1256,1311,1203,1341,1304,1194,1252,1247,1328
"2996004",1775,1898,1758,1738,1604,1670,1638,1627,1500,1502,1647,1418,1447,1396,1380,1422,1448,1379,1303,1448,1458,1411,1353,1258
"2259340",1893,1896,1670,1721,1748,1777,1432,1580,1376,1358,1447,1454,1251,1311,1241,1350,1452,1283,1452,1261,1209,1414,1323,1349
"2028343",1895,1699,1494,1495,1600,1722,978,1491,934,973,937,1446,914,938,901,890,1159,914,1232,900,905,1182,889,1277
"659350",1885,1895,1615,1737,1697,1642,1466,1522,1352,1384,1440,1465,1271,1205,1223,1211,1376,1242,1355,1289,1138,1306,1298,1293
"1659",1812,1893,1711,1783,1717,1817,1770,1682,1596,1623,1608,1501,1594,1551,1532,1545,1499,1564,1417,1453,1396,1398,1541,1328
"1211322",1892,1888,1831,1872,1766,1852,1534,1645,1517,1490,1473,1571,1356,1389,1421,1523,1638,1460,1426,1456,1365,1495,1519,1338
"169765",1708,1891,1704,1647,1384,1701,1429,1416,1463,1398,1413,1357,1290,1341,1319,1283,1352,1282,1310,1272,1236,1278,1365,1244
"1719132",1832,1890,1622,1631,1608,1725,1404,1496,1504,1413,1316,1463,1283,1404,1430,1313,1431,1327,1282,1247,1366,1369,1307,1329
"1348774",1587,1600,1505,1347,1888,1384,1035,1403,941,978,1042,1441,851,924,948,821,1055,701,1483,835,933,1205,817,1062
"2735433",1887,1887,1540,1543,1558,1588,1087,1471,1092,1101,1129,1352,1041,1184,1113,1084,1349,1127,1316,1177,1124,1423,1122,1158
"56455",1380,1219,1472,1101,1883,1325,923,1325,952,871,896,1149,763,879,854,742,900,742,1217,780,848,1334,751,1053
"1917485",1743,1881,1585,1543,1529,1619,1251,1495,1309,1321,1290,1483,1210,1195,1152,1174,1307,1228,1308,1257,1157,1339,1201,1263
"1049",1800,1879,1603,1632,1701,1613,1238,1562,1244,1197,1127,1526,1030,1236,1182,1243,1386,1176,1356,1243,1229,1452,1234,1253
"47759",1878,1837,1851,1732,1816,1833,1786,1630,1697,1675,1564,1662,1533,1551,1584,1570,1482,1515,1433,1470,1506,1451,1530,1328
"2587844",1872,1877,1728,1652,1674,1755,1376,1589,1470,1377,1375,1572,1264,1316,1276,1430,1584,1394,1426,1325,1288,1454,1381,1287
"2994496",1877,1755,1662,1532,1827,1695,1133,1714,1099,1134,1030,1515,949,1136,1119,1054,1330,1031,1412,1015,1113,1464,1128,1401
"683047",1601,1642,1725,1459,1876,1429,1352,1378,1368,1309,1238,1332,1184,1250,1259,1077,1135,1133,1271,1108,1206,1382,1098,1088
"370038",1647,1875,1521,1404,1459,1676,1285,1447,1195,1273,1185,1330,1094,1246,1111,1309,1431,1233,1282,1235,1078,1310,1243,1229
"53376",1841,1875,1666,1633,1559,1695,1491,1514,1531,1476,1390,1345,1331,1406,1352,1438,1334,1297,1236,1336,1175,1332,1351,1266
"2507582",1873,1847,1722,1751,1784,1663,1598,1550,1578,1488,1570,1522,1394,1443,1372,1371,1377,1364,1365,1369,1281,1350,1358,1376
"1933044",1847,1871,1634,1629,1650,1853,1333,1611,1242,1196,1123,1538,1047,1185,1128,1402,1543,1311,1302,1385,1176,1481,1473,1323
"52771",1752,1871,1623,1696,1506,1527,1615,1480,1489,1480,1516,1438,1380,1377,1416,1389,1408,1423,1271,1369,1323,1302,1334,1229
"2795215",1786,1868,1714,1790,1669,1657,1562,1530,1580,1606,1549,1542,1404,1428,1507,1405,1500,1398,1364,1485,1442,1398,1373,1266
"3068640",1831,1868,1563,1635,1524,1810,1303,1547,1222,1300,1201,1493,1116,1230,1209,1259,1593,1239,1277,1414,1119,1515,1292,1305
"500",1868,1775,1561,1705,1509,1639,1571,1529,1362,1517,1460,1467,1293,1434,1316,1385,1499,1340,1369,1347,1244,1369,1414,1169
"1492737",298,1392,835,1865,269,179,94,155,167,111,196,137,58,201,353,47,86,35,250,72,155,884,64,153
"1658672",1863,1684,1487,1458,1605,1355,843,1555,755,727,739,1174,662,758,779,777,1049,770,1204,779,734,1181,852,961
"2065379",1863,1778,1702,1658,1614,1692,1477,1525,1330,1357,1380,1476,1255,1208,1246,1308,1349,1230,1327,1296,1272,1436,1380,1282
"28104",1799,1618,1578,1583,1863,1567,1126,1490,1062,1016,1099,1464,1023,1036,1026,880,1118,932,1444,919,910,1234,1017,1337
"155177",1862,1825,1697,1711,1654,1724,1659,1591,1619,1477,1536,1479,1408,1487,1534,1496,1442,1526,1363,1433,1308,1302,1409,1248
"3028808",1841,1862,1791,1721,1746,1643,1713,1504,1622,1565,1562,1441,1523,1507,1564,1350,1379,1270,1455,1312,1469,1423,1322,1289
"551759",1860,1813,1639,1442,1646,1675,1208,1621,1273,1255,1240,1456,1108,1341,1263,1227,1468,1227,1442,1232,1198,1469,1300,1305
"2974552",1859,1789,1595,1490,1560,1632,1168,1557,1218,1065,1149,1436,1058,1132,1092,1084,1267,1069,1349,1092,1213,1383,1084,1132
"3036127",1745,1859,1714,1623,1562,1736,1393,1480,1354,1297,1323,1547,1220,1322,1186,1271,1485,1268,1409,1233,1237,1382,1260,1154
"1138194",1858,1675,1490,1433,1492,1775,940,1497,945,1039,915,1367,874,938,965,919,1170,900,1318,894,906,1160,867,1400
"1561022",1804,1801,1766,1696,1858,1566,1586,1517,1598,1572,1546,1546,1342,1487,1531,1399,1300,1289,1326,1288,1316,1348,1251,1185
"1768",1855,1846,1764,1671,1677,1733,1591,1558,1525,1486,1413,1451,1391,1411,1379,1404,1510,1399,1370,1384,1301,1341,1335,1216
"564369",1855,1685,1594,1402,1689,1620,1144,1538,1090,1063,1015,1424,974,1046,1159,1028,1245,1030,1332,1089,992,1427,1051,1315
"2841594",1854,1852,1683,1773,1725,1700,1650,1664,1588,1498,1596,1492,1436,1456,1440,1480,1462,1418,1488,1405,1357,1415,1272,1294
"2920382",1538,1494,1546,936,1676,1736,505,1214,496,432,429,984,365,511,559,482,743,462,1133,454,528,1203,478,1854
"1534110",912,113,691,116,163,130,84,103,71,64,82,122,68,88,75,85,118,74,135,77,83,1852,67,100
"155925",1068,376,1075,1613,1851,373,1542,647,1377,1276,1606,798,1467,1299,931,301,278,258,975,278,1032,665,338,271
"2847991",1738,1726,1568,1492,1439,1851,1223,1378,1227,1246,1219,1449,1124,1166,1144,1259,1480,1319,1253,1324,1186,1382,1360,1245
"2911539",1851,1795,1652,1499,1766,1568,1187,1674,1180,1122,1046,1454,1019,1196,1125,1096,1302,1039,1410,1106,1118,1362,1161,1186
"3046670",1717,1286,1285,1273,1851,1086,620,1616,608,610,537,982,512,540,581,583,890,596,1037,570,654,1275,584,777
"76758",1851,1680,1470,1442,1511,1436,1143,1391,1039,1049,943,1318,894,1057,1076,1026,1247,1036,1214,1031,1026,1163,946,1091
"1285192",1806,1848,1681,1742,1670,1592,1716,1460,1591,1568,1577,1407,1460,1536,1576,1374,1364,1344,1363,1302,1481,1350,1342,1267
"396595",1848,1802,1707,1533,1633,1737,1271,1544,1339,1208,1159,1460,1131,1281,1220,1213,1481,1149,1419,1261,1171,1545,1203,1266
"1395974",1828,1823,1608,1559,1554,1847,1090,1544,1122,1119,1128,1516,1015,1140,1159,1065,1300,1031,1346,1131,1050,1223,1239,1402
"172043",1321,1279,1275,1096,1315,1270,947,1131,897,853,918,1074,840,825,856,862,898,858,923,846,882,1022,867,1847
"1798806",1778,985,1643,1844,1445,715,1767,1016,1654,1380,1568,970,1254,1453,1227,711,659,644,1183,737,1228,1130,887,682
"3025670",1685,1577,1538,1371,1839,1414,1037,1497,990,887,952,1474,930,926,877,876,1078,860,1407,824,935,1182,840,1099
"1915078",1814,1835,1575,1560,1576,1595,1207,1452,1183,1303,1250,1429,1189,1269,1197,1242,1391,1231,1298,1140,1204,1313,1236,1211
"56460",1348,1131,1319,1066,1835,1264,737,1241,747,729,737,1090,652,778,797,672,746,626,1256,652,798,1271,673,1102
"518",1834,1728,1573,1498,1510,1578,1260,1601,1237,1225,1199,1354,1045,1221,1227,1150,1403,1113,1319,1078,1145,1395,1146,1179
"2856555",1833,1801,1675,1731,1637,1561,1610,1488,1488,1519,1455,1342,1368,1412,1376,1450,1326,1355,1383,1323,1383,1303,1306,1206
"106634",1814,1832,1635,1533,1715,1617,1316,1516,1244,1306,1193,1481,1158,1291,1307,1193,1384,1211,1459,1299,1313,1573,1262,1330
"2842456",1830,1701,1461,1415,1503,1433,1035,1630,905,946,949,1388,857,1003,953,958,1269,964,1268,960,941,1324,1030,1005
"488731",1637,1827,1529,1495,1420,1669,1156,1438,1154,1159,1074,1333,1079,1213,1107,1118,1359,1053,1309,1142,1050,1342,1196,1153
"103816",1689,1709,1824,1571,1589,1557,1473,1392,1474,1565,1443,1316,1341,1345,1367,1338,1266,1311,1421,1276,1315,1230,1216,1183
"206351",1822,1708,1472,1424,1400,1530,1105,1496,1090,1067,1073,1438,933,1172,1124,1054,1325,1072,1367,1083,1104,1511,1199,1196
"292462",1717,1822,1628,1597,1502,1671,1381,1423,1482,1354,1444,1401,1267,1241,1368,1244,1225,1277,1305,1254,1172,1217,1251,1250
"2961893",1821,1595,1369,1400,1508,1344,1054,1326,1011,994,1061,1300,843,985,940,995,1088,1017,1293,918,906,1278,966,1001
"48664",1535,1299,1646,1150,1821,1392,870,1373,850,836,826,1233,742,911,870,747,902,737,1309,744,753,1372,759,1099
"2851959",1664,1652,1494,1423,1467,1820,1182,1375,1161,1152,1134,1420,1063,1156,1115,1359,1423,1318,1145,1455,1130,1343,1497,1292
"1548548",1659,1819,1492,1468,1462,1647,1225,1422,1168,1203,1147,1387,1039,1146,1171,1243,1383,1220,1263,1298,1153,1300,1248,1222
"1538159",1817,1643,1478,1423,1533,1624,878,1501,857,851,832,1329,826,901,838,841,1100,815,1254,806,785,1119,829,1278
"132919",1816,1783,1677,1613,1623,1629,1530,1472,1513,1547,1517,1442,1406,1427,1403,1335,1368,1326,1300,1343,1355,1302,1343,1343
"2764705",1816,1741,1578,1358,1467,1499,1087,1448,1214,1130,1140,1378,992,1174,1101,1075,1426,1107,1396,1161,1225,1332,1289,1142
"2840183",1713,1816,1610,1510,1469,1678,1229,1560,1212,1206,1115,1460,1022,1205,1106,1234,1455,1280,1379,1179,1129,1366,1298,1194
"881260",1814,244,249,260,183,224,134,199,117,112,114,157,109,146,126,125,218,132,333,133,97,206,142,145
"2021862",1794,1813,1622,1475,1605,1652,1269,1505,1204,1168,1228,1462,1073,1208,1175,1242,1421,1115,1268,1161,1065,1261,1136,1372
"2803845",1326,1813,1288,1070,1159,1479,790,1185,941,754,799,1113,747,931,929,902,1186,943,1177,1028,933,1191,1017,1132
"1788",1665,1672,1620,1426,1811,1514,1387,1323,1393,1355,1390,1345,1195,1354,1302,1350,1254,1220,1254,1247,1307,1339,1212,1142
"2910158",1117,746,1173,608,1806,748,230,759,315,247,261,595,235,331,276,284,365,239,933,286,305,857,261,1070
"93218",1806,1785,1507,1411,1549,1653,1073,1465,1110,1059,1053,1377,955,1068,1102,1070,1357,1101,1305,1070,1060,1260,1060,1180
"187303",1736,1805,1633,1645,1684,1748,1198,1506,1223,1212,1234,1406,1128,1194,1061,1236,1398,1172,1316,1237,1196,1279,1230,1326
"263913",1433,1530,1495,1276,1805,1360,1081,1434,939,961,944,1384,898,981,879,852,948,786,1387,783,878,1208,783,1065
"2719023",1805,1716,1579,1554,1527,1639,1575,1444,1524,1478,1573,1329,1345,1434,1401,1351,1293,1310,1304,1304,1336,1256,1215,1250
"279828",1805,1729,1676,1679,1699,1614,1532,1463,1542,1434,1462,1388,1314,1430,1390,1359,1402,1313,1308,1307,1271,1378,1269,1247
"2952527",1805,1775,1584,1519,1562,1652,1340,1465,1306,1248,1345,1503,1157,1217,1218,1365,1384,1134,1308,1251,1188,1330,1230,1313
"29314",1769,1802,1550,1512,1571,1626,1403,1374,1422,1318,1409,1301,1234,1309,1199,1271,1255,1282,1185,1168,1267,1216,1217,1201
"453842",1802,1744,1578,1572,1672,1632,1326,1430,1157,1313,1260,1434,1162,1250,1191,1242,1328,1212,1368,1252,1179,1236,1189,1273
"28049",1801,1641,1675,1695,1555,1605,1511,1395,1473,1439,1509,1337,1352,1387,1371,1439,1441,1346,1286,1385,1337,1301,1447,1159
"2211210",1800,1564,1626,1622,1759,1383,1436,1344,1315,1269,1295,1446,1201,1208,1216,1158,1239,1090,1358,1094,1096,1303,1101,979
"2759167",1791,1800,1664,1689,1648,1573,1646,1561,1534,1527,1530,1492,1376,1417,1413,1442,1366,1448,1433,1388,1478,1306,1311,1220
"546160",1723,1797,1620,1661,1713,1522,1498,1439,1542,1374,1421,1411,1385,1406,1371,1453,1421,1232,1288,1276,1298,1327,1255,1251
"1930276",1795,1771,1765,1654,1608,1584,1279,1550,1219,1147,1271,1609,1067,1167,1154,1044,1383,1070,1353,1097,1087,1407,1269,1259
"1416614",1645,1794,1537,1511,1422,1771,1275,1463,1157,1261,1203,1407,1122,1200,1056,1319,1475,1313,1210,1224,1078,1331,1366,1130
"1891926",1792,1694,1613,1515,1580,1567,1050,1460,1055,1040,1011,1521,908,1129,1086,1003,1356,1058,1392,1146,1017,1465,1110,1248
"39775",1722,1792,1573,1460,1571,1559,1129,1438,1105,1053,1121,1422,966,1154,1049,1166,1297,1024,1350,1054,1116,1377,1100,1217
"398694",1790,1740,1623,1733,1642,1555,1452,1519,1528,1427,1494,1391,1370,1319,1456,1321,1419,1353,1353,1309,1296,1310,1318,1240
"71999",1716,1790,1629,1686,1699,1620,1652,1510,1515,1548,1515,1433,1319,1364,1416,1430,1409,1343,1350,1377,1391,1347,1377,1264
"470076",1776,1788,1591,1611,1495,1635,1511,1435,1422,1388,1381,1356,1264,1284,1323,1313,1330,1285,1236,1299,1262,1230,1307,1255
"2740185",1723,1773,1555,1588,1585,1785,1283,1572,1291,1284,1240,1436,1148,1314,1217,1288,1482,1318,1270,1254,1201,1367,1416,1244
"141349",1746,1782,1552,1477,1569,1552,1437,1472,1400,1290,1341,1424,1317,1276,1274,1195,1334,1264,1210,1342,1259,1289,1275,1248
"1138190",1781,1476,1424,1411,1406,1570,916,1432,918,841,826,1275,782,855,811,843,1120,795,1228,841,815,1157,872,1214
"2840468",1581,1781,1482,1315,1628,1722,906,1329,949,906,939,1252,798,897,884,952,1286,912,1297,909,897,1190,961,1096
"3026424",1778,1676,1692,1566,1606,1642,1159,1445,1055,1046,950,1466,870,1076,1059,1040,1341,965,1281,1024,1017,1292,1148,1230
"1404741",1717,1777,1464,1483,1527,1674,1073,1542,1089,1048,1034,1472,1024,1083,1084,1138,1245,1105,1264,1104,1030,1202,1217,1315
"28256",1775,1717,1586,1397,1700,1610,1273,1537,1115,1087,1182,1459,995,1154,1079,1100,1328,1077,1293,1231,1113,1495,1176,1225
"1891094",1727,1774,1356,1228,1347,1489,1045,1343,983,951,1012,1253,867,1022,948,969,1193,923,1278,969,965,1172,954,1104
"501023",1773,1666,1721,1559,1638,1581,1380,1540,1441,1344,1372,1441,1283,1275,1359,1230,1280,1245,1275,1198,1194,1329,1165,1158
"1603606",1643,1772,1493,1427,1417,1621,1207,1314,1182,1175,1169,1386,1061,1146,1126,1286,1413,1213,1181,1252,1102,1329,1256,1207
"1273",1766,1741,1544,1650,1602,1572,1568,1474,1439,1504,1451,1366,1356,1362,1372,1437,1356,1294,1338,1278,1333,1318,1330,1185
"205844",1450,1360,1415,1239,1766,1217,982,1224,912,910,898,1407,855,880,816,752,1014,737,1332,755,845,1160,715,883
"502682",1366,1434,1420,1220,1765,1289,934,1365,829,858,954,1512,781,835,821,718,887,634,1300,663,746,1161,723,985
"1913979",1764,1709,1663,1628,1639,1594,1391,1408,1444,1327,1269,1379,1288,1269,1349,1266,1388,1224,1273,1212,1169,1310,1207,1188
"2527990",1710,1764,1607,1593,1635,1664,1164,1513,1158,1161,1060,1547,1003,1216,1073,1053,1433,1061,1380,1141,1061,1461,1245,1233
"2971236",1241,1063,1383,1061,1763,1500,844,1075,854,852,825,1073,710,902,852,818,1518,744,1208,732,795,1177,726,990
"477680",1449,1601,1291,965,1469,1762,438,1362,412,414,367,1147,287,461,439,423,909,378,1214,479,486,1176,508,1343
"2725477",1761,1630,1490,1355,1320,1366,1025,1377,982,1019,981,1236,883,925,921,970,1102,935,1311,975,910,1247,989,978
"311182",1760,1735,1520,1329,1421,1540,1017,1443,1072,1044,1059,1338,951,1142,990,1039,1322,1037,1302,1122,1048,1411,1080,1041
"590652",1749,1760,1546,1529,1525,1591,1469,1416,1376,1371,1327,1295,1286,1364,1297,1313,1335,1191,1230,1239,1290,1240,1169,1217
"2915130",1675,1757,1614,1650,1616,1613,1542,1569,1517,1442,1472,1488,1344,1401,1404,1357,1328,1338,1299,1275,1313,1384,1295,1218
"553982",1744,1756,1598,1527,1508,1649,1217,1409,1202,1141,1063,1445,1061,1248,1122,1154,1411,1085,1268,1153,1112,1365,1217,1209
"1883416",1612,1755,1426,1421,1379,1568,1222,1395,1158,1187,1243,1353,1053,1150,1110,1144,1304,1215,1351,1138,1080,1242,1186,1154
"2614442",1754,1348,1324,1320,1218,1096,802,1131,855,820,770,1073,693,801,801,817,889,770,1141,765,827,948,793,775
"2841257",1570,1752,1527,1525,1462,1582,1330,1397,1319,1340,1237,1338,1191,1239,1290,1231,1396,1192,1222,1342,1252,1257,1324,1141
"2785056",1751,1328,1102,1221,1119,1402,517,1252,502,484,502,1049,452,470,438,514,762,440,968,484,489,857,519,771
"2770551",1750,1736,1748,1742,1671,1558,1610,1536,1520,1473,1463,1465,1414,1351,1442,1387,1242,1297,1354,1337,1334,1282,1262,1102
"322509",1747,1680,1629,1619,1615,1567,1569,1408,1543,1483,1583,1358,1364,1456,1456,1434,1413,1380,1297,1282,1374,1312,1217,1265
"179879",1708,1746,1439,1342,1540,1428,1094,1388,1140,1067,1054,1313,962,1076,1055,1104,1256,1061,1216,1094,1076,1248,1102,1094
"1978566",1686,1668,1744,1593,1653,1465,1393,1492,1455,1397,1419,1381,1251,1370,1439,1263,1301,1152,1338,1186,1283,1373,1225,1180
"3055079",1152,1007,1393,952,1744,1190,767,1134,783,719,720,1016,678,783,735,666,730,669,1202,596,693,1068,689,1216
"56453",1198,1098,1377,1019,1744,1262,800,1148,808,754,740,1084,720,785,733,693,787,671,1130,673,705,1118,679,1073
"1649453",1646,1743,1673,1537,1504,1648,1072,1407,1068,1054,985,1519,883,1008,997,975,1397,996,1390,1127,990,1443,1230,1260
"33900",1743,1685,1593,1608,1576,1603,1469,1456,1464,1405,1426,1416,1292,1412,1431,1366,1305,1346,1310,1336,1187,1314,1322,1228
"2483403",1685,1555,1528,1436,1742,1584,1055,1505,1008,866,984,1411,856,956,974,824,1100,866,1339,875,951,1205,943,1465
"2738409",1742,1665,1633,1488,1452,1513,1412,1416,1370,1352,1376,1304,1219,1272,1283,1238,1271,1172,1246,1195,1158,1251,1214,1216
"69578",1723,1700,1742,1684,1606,1573,1461,1472,1543,1419,1352,1444,1230,1347,1295,1300,1262,1236,1324,1195,1332,1289,1262,1223
"82367",1624,1742,1528,1515,1643,1629,1256,1488,1236,1271,1282,1378,1076,1203,1174,1182,1292,1097,1298,1192,1112,1209,1113,1157
"1534348",1741,1689,1512,1418,1475,1644,1370,1408,1308,1233,1247,1323,1185,1270,1177,1173,1246,1157,1189,1133,1149,1179,1207,1226
"2606451",1740,1544,1663,1386,1710,1615,1374,1321,1287,1287,1283,1352,1203,1260,1239,1111,1218,1083,1294,1120,1179,1264,1061,1213
"171865",1739,1609,1438,1342,1383,1424,1095,1329,1033,991,962,1307,933,1081,1028,915,1313,1009,1224,1016,1080,1329,1104,1016
"119981",1662,1734,1554,1498,1559,1548,1580,1319,1472,1443,1439,1278,1277,1411,1334,1403,1333,1330,1250,1386,1290,1306,1321,1135
"32012",1734,1613,1429,1359,1479,1478,951,1559,976,862,954,1376,811,1007,900,932,1286,944,1208,978,861,1408,1048,1065
"2077182",1487,1453,1352,1290,1733,1259,969,1415,833,948,995,1218,873,830,841,839,1006,796,1255,801,781,1119,717,953
"83676",1613,1733,1615,1507,1428,1446,1520,1381,1536,1473,1475,1228,1380,1421,1373,1366,1289,1357,1181,1331,1231,1234,1232,1113
"213422",1596,1732,1489,1400,1408,1553,1232,1400,1100,1230,1114,1376,1097,1103,1019,1214,1438,1232,1161,1317,1053,1387,1344,1163
"2875729",1666,1729,1573,1718,1504,1573,1488,1504,1402,1409,1420,1300,1310,1337,1254,1345,1458,1238,1263,1238,1248,1371,1377,1211
"2830983",1728,700,1260,1255,1609,758,627,957,620,703,567,1353,575,577,557,539,739,501,1170,500,491,1011,489,633
"345632",1629,1726,1584,1484,1424,1689,1242,1426,1211,1254,1186,1429,1103,1130,1168,1342,1484,1243,1234,1283,1180,1276,1312,1177
"412963",1725,1577,1355,1279,1372,1441,964,1411,1000,1013,934,1235,835,1036,893,981,1258,998,1147,944,941,1221,948,1089
"1649486",1169,1264,1176,1045,1389,1085,756,1724,518,638,753,1444,622,546,476,584,680,541,1317,517,546,786,488,710
"2775496",1665,1723,1518,1519,1539,1554,1357,1380,1291,1275,1281,1311,1179,1158,1216,1135,1179,1188,1211,1130,1114,1186,1105,1191
"701042",1644,1722,1607,1533,1524,1602,1545,1417,1457,1304,1265,1248,1252,1294,1274,1316,1276,1157,1251,1218,1236,1218,1240,1169
"2080419",1603,1719,1486,1453,1442,1566,1335,1339,1226,1316,1309,1357,1190,1232,1195,1353,1320,1314,1236,1383,1204,1317,1291,1195
"931866",1665,1719,1329,1370,1367,1643,1099,1404,988,1016,949,1344,879,948,941,958,1125,937,1205,999,951,1126,1022,1131
"2694930",704,1044,915,1057,1173,707,1718,601,1042,1678,1526,539,1002,902,747,1167,777,1238,921,1425,1072,1006,1077,965
"37931",1718,506,787,781,1139,433,433,603,421,447,453,845,374,396,402,359,412,336,831,346,400,666,361,425
"1561023",1651,1717,1540,1482,1442,1594,1400,1341,1358,1338,1294,1276,1248,1220,1278,1203,1344,1210,1191,1237,1227,1184,1157,1130
"2854260",1510,1533,1378,1226,1716,1460,1087,1396,968,1079,1119,1429,855,1008,921,880,951,812,1398,846,985,1161,768,1057
"37914",1597,1713,1552,1602,1572,1494,1483,1392,1490,1522,1437,1309,1387,1392,1384,1280,1329,1316,1277,1352,1283,1343,1296,1117
"1184720",1712,1457,1259,1211,1391,1576,795,1379,755,744,736,1141,638,715,756,763,956,676,1104,687,668,1032,773,1124
"2979467",1346,1179,1350,1059,1710,1008,693,1180,649,673,666,1172,590,696,614,605,726,547,1181,583,593,923,507,734
"69964",1596,1710,1494,1401,1462,1593,1203,1357,1168,1120,1072,1314,1104,1075,1162,1131,1277,1159,1156,1118,1097,1337,1100,1195
"2704462",1705,1561,1500,1530,1540,1437,1279,1366,1167,1177,1123,1269,1065,1110,1087,1207,1342,1212,1267,1134,1122,1202,1195,1095
"870903",1650,1703,1328,1330,1408,1673,1104,1384,1107,1092,1061,1365,954,1103,1040,1275,1287,1266,1111,1265,1093,1274,1284,1199
"555316",1701,1557,1425,1357,1581,1508,1030,1422,992,990,991,1385,981,1032,946,963,1177,888,1339,972,926,1143,1029,1263
"2589076",1699,1587,1374,1567,1458,1358,1220,1289,1167,1173,1194,1161,973,1080,1021,1132,1106,1001,1203,1065,1024,1010,956,1076
"69362",1584,1485,1699,1360,1663,1361,1243,1389,1283,1230,1170,1206,1107,1243,1257,1053,1137,1020,1276,1096,1161,1120,975,1187
"31998",1537,1698,1493,1561,1387,1554,1261,1370,1196,1195,1232,1198,1117,1205,1149,1248,1206,1273,1135,1255,1109,1205,1214,1124
"1564506",1591,1696,1438,1483,1386,1455,1220,1341,1157,1223,1172,1252,1012,1089,1086,1134,1248,1130,1190,1020,1064,1213,1207,1095
"54298",452,442,1048,712,351,739,702,1082,364,1266,1571,368,667,334,388,717,904,1695,309,1617,282,307,885,357
"1780",1642,1694,1445,1404,1445,1593,1349,1396,1361,1278,1306,1305,1342,1302,1257,1181,1309,1225,1210,1154,1159,1202,1164,1196
"2773266",1694,1521,1472,1519,1522,1454,1386,1421,1304,1344,1251,1241,1205,1240,1238,1166,1170,1161,1253,1171,1154,1279,1118,1144
"2878391",1577,1694,1430,1461,1441,1521,1320,1440,1285,1277,1321,1285,1181,1142,1303,1327,1264,1206,1167,1205,1148,1198,1215,1140
"68175",1648,1692,1472,1543,1448,1514,1423,1446,1442,1420,1372,1298,1358,1291,1244,1283,1295,1287,1238,1254,1211,1191,1267,1214
"1765967",1558,1691,1532,1343,1610,1530,1212,1465,1209,1026,1102,1428,1006,1133,1100,1058,1332,1070,1384,1072,1139,1316,1081,1159
"2041385",1599,1610,1490,1476,1545,1691,1064,1406,1030,978,1019,1382,909,947,1012,934,1146,922,1274,977,983,1239,926,1204
"1400387",1688,1545,1611,1501,1576,1466,1124,1352,1137,1084,1054,1505,930,1114,961,902,1298,874,1290,987,1014,1260,1121,1237
"2979324",1685,823,1182,1213,1487,805,646,918,654,742,722,1234,629,633,682,636,725,563,1095,528,624,932,598,628
"2175646",1608,1684,1541,1527,1513,1382,1398,1400,1359,1397,1342,1276,1206,1286,1372,1280,1300,1190,1271,1204,1215,1192,1182,1032
"3064287",1609,1682,1517,1502,1625,1509,1443,1519,1409,1388,1312,1409,1251,1342,1235,1240,1271,1241,1249,1257,1273,1238,1231,1195
"249567",1583,1681,1508,1473,1379,1351,1382,1373,1395,1371,1290,1269,1318,1274,1205,1301,1267,1188,1271,1302,1206,1148,1159,1126
"2597769",1603,1679,1473,1329,1351,1589,1126,1276,1110,1161,1090,1339,989,1127,1123,1225,1434,1196,1199,1166,993,1176,1291,1179
"3030011",1624,1679,1502,1551,1510,1444,1240,1362,1218,1200,1175,1217,1163,1101,1030,1109,1147,1013,1204,1120,1063,1243,1087,1127
"186822",1676,1515,1335,1368,1381,1366,1083,1299,1038,995,971,1194,913,1046,983,1019,1215,1008,1033,985,893,1175,1136,1143
"347534",1595,1676,1344,1466,1412,1422,1145,1284,1124,1106,964,1164,985,1125,1002,1101,1217,1104,1182,1102,1043,1156,1073,1087
"2822760",1675,1251,1163,1079,1321,1135,544,1437,551,595,574,931,451,525,513,601,854,560,914,581,523,1010,582,697
"2560785",1674,54,898,151,1406,64,6,728,11,6,10,255,10,12,11,1,69,3,785,2,12,344,3,26
"2984530",1673,1474,1515,1488,1640,1390,998,1538,958,1019,965,1365,886,951,905,939,1073,888,1224,992,926,1099,910,1012
"446683",1347,1363,1362,954,1531,1673,406,1203,431,382,376,1163,327,466,448,384,755,326,1174,407,428,1165,426,1272
"2023229",1376,1443,1435,1187,1672,1298,987,1280,1007,902,953,1476,856,916,833,802,899,734,1241,728,853,1073,783,1035
"394964",1536,1670,1481,1461,1453,1491,1376,1357,1308,1322,1272,1279,1244,1248,1239,1307,1305,1188,1158,1236,1152,1205,1236,1112
"2991728",1613,1669,1466,1393,1391,1495,1311,1368,1251,1288,1217,1263,1202,1186,1122,1127,1171,1174,1046,1167,1162,1185,1193,1189
"1461694",1631,1668,1414,1533,1529,1489,1301,1365,1145,1136,1182,1298,1062,1133,1048,1136,1196,1118,1289,1063,1094,1280,1176,1201
"1870985",1495,1668,1421,1420,1371,1449,1236,1321,1287,1260,1175,1261,1128,1147,1174,1283,1348,1224,1211,1159,1128,1155,1193,1080
"34003",1538,1668,1384,1357,1416,1465,1138,1306,1091,1072,1124,1297,960,1075,936,1049,1105,1064,1212,1008,945,1102,980,1074
"531813",1668,1582,1511,1476,1591,1491,1069,1652,1024,1004,1026,1563,913,982,961,964,1083,952,1320,919,825,1169,907,1132
"2860258",1667,1640,1466,1365,1402,1453,1104,1324,1067,1070,1016,1344,951,1045,1051,1007,1291,1069,1170,1105,1079,1339,1157,1135
"3045175",1667,1287,1150,876,1359,1425,638,919,598,587,656,838,583,668,640,645,724,647,834,604,638,822,650,1269
"186802",1648,1666,1411,1426,1409,1554,1134,1342,1194,1134,1095,1366,936,1085,1065,1084,1380,1143,1250,1172,1075,1252,1162,1184
"2744517",1505,1399,1491,1272,1665,1435,927,1381,991,936,837,1299,819,948,869,814,1017,775,1313,764,930,1194,856,1230
"1075",1663,1664,1434,1554,1509,1477,1259,1452,1136,1292,1160,1326,1113,1069,1082,1140,1183,1082,1341,1103,1091,1220,1036,1198
"2651583",1584,1663,1397,1419,1496,1607,1225,1351,1088,1125,1168,1432,1050,1137,1089,1292,1377,1235,1147,1297,992,1249,1285,1244
"1176587",1202,1373,1270,845,1393,1658,424,1161,410,392,321,1191,290,444,457,385,741,354,1137,407,456,1130,480,1218
"249058",1631,1650,1590,1497,1486,1468,1406,1471,1308,1329,1302,1318,1247,1314,1255,1236,1285,1236,1279,1130,1182,1302,1216,1147
"3021811",406,483,427,347,430,420,288,346,328,325,312,361,284,306,277,330,312,291,327,290,286,342,276,1649
"2847045",1556,1646,1322,1237,1280,1475,1085,1245,1005,1058,1033,1233,972,1012,936,1041,1276,1024,1024,1128,948,1145,1110,1108
"2737050",1507,1645,1349,1375,1297,1446,1302,1317,1155,1166,1098,1250,1041,1157,1126,1184,1253,1191,1125,1127,1075,1175,1187,1125
"2919917",1644,1485,1404,1393,1537,1294,927,1331,895,892,876,1203,846,902,918,806,1066,791,1185,839,782,1080,767,1091
"1073531",1544,1582,1483,1424,1643,1614,1262,1374,1363,1278,1271,1204,1200,1270,1259,1253,1159,1127,1175,1177,1092,1220,1112,1153
"1897729",1537,1640,1469,1428,1344,1441,1189,1335,1220,1247,1128,1308,1122,1117,1062,1195,1310,1159,1124,1112,1033,1195,1087,1106
"200644",1531,1455,1554,1122,1640,1344,447,1231,565,433,379,1097,308,548,507,410,819,437,1285,515,511,1234,567,1172
"2975482",1640,798,621,836,591,812,238,701,258,266,275,680,234,241,226,255,670,240,474,241,235,455,272,588
"1827195",1533,1639,1273,1209,1227,1370,993,1283,944,886,912,1192,788,934,913,954,1210,1010,1115,916,955,1130,1012,1040
"2175650",1639,1588,1491,1439,1469,1411,1442,1288,1325,1284,1312,1262,1150,1278,1292,1261,1368,1200,1193,1185,1149,1217,1136,1032
"1478",1634,444,1124,568,1116,464,197,489,205,149,187,584,131,198,219,102,334,141,595,142,168,563,156,281
"2596912",1634,1490,1467,1386,1395,1385,1277,1309,1288,1201,1202,1183,1139,1139,1168,1121,1106,1113,1222,1099,1115,1071,1084,1106
"1081866",1481,1633,1342,1333,1358,1372,1147,1333,1065,1029,1029,1252,1041,1037,1007,1092,1210,1084,1195,1041,1036,1123,1017,1045
"404941",1020,979,882,857,830,876,813,824,765,788,792,753,679,779,723,713,760,766,657,735,653,751,670,1631
"2021",1630,1607,1563,1506,1455,1432,1363,1414,1519,1365,1318,1198,1286,1307,1296,1210,1235,1240,1144,1223,1272,1244,1160,1088
"2847989",1548,1630,1387,1397,1365,1497,1138,1221,1098,1067,1074,1210,1004,1065,1025,1126,1203,1134,1182,1121,1068,1202,1193,1026
"2735528",1625,1391,1275,1267,1458,1333,920,1158,818,817,833,1160,701,740,782,798,963,790,1026,800,788,1058,880,1047
"190323",1624,1468,1503,1543,1532,1332,1370,1362,1258,1230,1299,1303,1105,1260,1198,1135,1143,1109,1276,1100,1142,1232,1044,1136
"2897773",1623,1567,1442,1395,1483,1392,1401,1368,1358,1295,1273,1282,1171,1276,1240,1098,1208,1157,1179,1213,1219,1202,1103,1061
"2811424",1610,1621,1381,1357,1473,1422,1371,1383,1265,1307,1318,1400,1128,1268,1287,1227,1231,1171,1208,1186,1184,1243,1186,1067
"2856823",1621,1526,1476,1381,1358,1487,1211,1314,1063,1130,1241,1321,1075,1141,1090,1171,1250,1158,1252,1121,1064,1249,1101,1112
"3041435",1504,1620,1425,1312,1373,1421,1089,1364,1058,1047,1048,1308,962,927,955,1062,1192,1007,1143,1032,964,1161,1083,1106
"35798",976,517,1133,1517,1620,428,1496,641,1201,1243,1359,797,1292,1254,942,318,316,318,990,354,1036,667,361,349
"69823",1489,1617,1323,1207,1254,1486,1122,1219,1095,1144,1087,1230,981,1014,1037,1110,1253,1071,1097,1110,942,1189,1162,1034
"2060",1549,1616,1492,1370,1336,1406,1394,1288,1293,1321,1276,1258,1154,1207,1263,1177,1215,1203,1165,1177,1147,1099,1125,1055
"1897061",1578,1615,1601,1536,1517,1541,1377,1389,1412,1348,1302,1334,1223,1252,1221,1140,1195,1143,1237,1157,1221,1220,1091,1146
"1548547",1585,1504,1470,1325,1614,1301,1005,1351,1046,972,980,1389,895,1034,976,846,1124,873,1128,914,1015,1355,928,1060
"1789",1611,1604,1480,1498,1457,1553,1339,1508,1391,1316,1319,1306,1280,1234,1210,1224,1244,1252,1309,1224,1167,1163,1162,1166
"1325114",1597,1610,1439,1381,1513,1585,1068,1386,1032,1048,950,1289,865,945,1039,994,1112,916,1176,962,986,1126,1035,1133
"2855503",1427,1463,1382,1231,1609,1253,1140,1194,1141,1153,1110,1159,1023,1034,1068,1057,1017,994,1028,1043,991,1094,993,1049
"55080",1571,1607,1382,1364,1435,1502,1240,1248,1033,1058,1120,1312,878,1117,1035,1114,1258,1135,1105,1132,1007,1188,1217,1174
"3034026",1401,1606,1399,1400,1316,1544,1267,1296,1235,1273,1237,1229,1128,1175,1153,1264,1246,1247,1091,1249,1160,1102,1177,1023
"88138",1343,1322,1389,1444,1384,1217,1606,1053,1575,1443,1520,980,1461,1305,1500,1330,891,1172,1051,1226,1296,930,1052,800
"139021",1594,1605,1581,1509,1516,1490,1416,1332,1419,1380,1388,1362,1306,1311,1279,1332,1249,1207,1178,1281,1214,1248,1284,1135
"2175655",1605,1586,1572,1456,1429,1473,1419,1322,1332,1373,1345,1275,1188,1265,1230,1243,1297,1258,1190,1191,1178,1213,1187,1082
"2603292",1538,1605,1561,1465,1445,1459,1395,1386,1343,1287,1321,1229,1198,1260,1205,1233,1137,1059,1187,1152,1116,1258,1116,1086
"390988",1604,1525,1499,1420,1426,1446,1494,1305,1455,1340,1387,1226,1283,1292,1304,1245,1107,1208,1130,1189,1283,1192,1170,1009
"168471",1603,1555,1479,1213,1266,1351,1003,1433,1051,957,980,1226,856,1034,1032,962,1125,1000,1176,1005,1043,1210,1083,1018
"1041",1109,1189,1207,977,1602,1056,809,1122,811,702,795,1190,638,755,697,625,681,505,1171,584,745,847,550,808
"119",1602,1575,1539,1277,1510,1358,1035,1339,990,999,955,1271,812,932,940,945,1182,890,1232,1044,933,1284,1010,1116
"237609",1185,1143,1602,818,976,911,656,875,615,603,578,828,604,591,659,623,699,640,825,618,554,881,580,711
"199591",1493,1601,1490,1434,1357,1448,1400,1314,1301,1296,1246,1235,1118,1266,1199,1157,1170,1161,1144,1140,1135,1077,1129,1034
"2735434",1576,1600,1324,1216,1355,1390,991,1350,969,967,963,1166,835,1013,926,982,1219,940,1238,969,917,1175,1019,992
"522259",1600,1498,1517,1273,1585,1442,929,1426,954,942,863,1247,846,985,893,882,992,925,1242,928,983,1237,940,1061
"2795488",1598,1545,1445,1456,1447,1527,1309,1262,1295,1248,1263,1236,1210,1257,1288,1172,1180,1207,1167,1155,1075,1200,1174,1034
"364410",1488,1598,1367,1381,1532,1430,1007,1313,1013,1017,984,1289,922,932,965,921,1052,999,1226,958,948,1100,987,1031
"2004",1582,1597,1527,1413,1513,1396,1420,1462,1424,1400,1382,1269,1209,1396,1508,1174,1162,1104,1272,1102,1323,1254,1085,1157
"67308",1596,1302,1572,1401,1505,1253,1236,1371,1128,1253,1151,1382,1180,1015,1062,1061,1014,977,1118,985,1057,1086,949,928
"1225769",1577,1595,1350,1226,1323,1308,1013,1304,1038,1037,941,1279,956,968,977,993,1145,909,1160,1028,935,1208,1007,1037
"2789739",1595,1513,1509,1490,1535,1530,1338,1256,1339,1243,1297,1173,1210,1245,1210,1239,1268,1101,1212,1146,1122,1077,1111,1060
"81479",1595,1206,1103,1078,1401,1048,613,1531,537,515,560,983,431,561,487,608,857,546,999,587,539,989,636,732
"1694",1453,1594,1381,1372,1414,1365,1239,1272,1149,1228,1078,1196,1049,1092,1174,1103,1185,1151,1073,1122,1052,1122,1127,986
"79329",1268,1402,1209,755,1318,1594,377,1168,348,325,299,917,225,381,388,354,663,279,976,356,363,938,377,1278
"2017485",1543,1590,1463,1454,1412,1345,1426,1349,1285,1394,1285,1255,1179,1223,1137,1224,1221,1197,1110,1179,1189,1193,1114,1131
"225326",1578,1589,1483,1481,1409,1439,1292,1312,1262,1269,1201,1223,1174,1207,1170,1208,1246,1180,1097,1174,1109,1176,1127,1097
"930166",1588,1015,1037,845,1384,915,633,910,643,617,554,917,548,603,622,623,694,573,990,621,607,961,601,635
"2587852",1586,1585,1460,1480,1499,1559,1260,1462,1211,1290,1273,1326,1119,1192,1175,1133,1342,1157,1274,1143,1116,1278,1187,1118
"2821543",1493,1585,1301,1181,1392,1540,941,1271,956,955,979,1337,819,1049,977,1104,1291,1075,1149,1231,924,1221,1157,1180
"1399",725,384,1583,362,1291,268,256,317,532,288,234,271,243,439,391,153,248,175,702,161,302,830,181,270
"293088",1526,1582,1423,1354,1494,1486,1141,1466,1141,1069,1051,1328,995,1052,966,1005,1144,971,1146,968,989,1154,953,1228
"2731096",1581,1443,1293,1194,1364,1475,802,1319,797,785,827,1204,696,717,778,781,1002,722,1115,769,749,1039,861,1135
"1094342",1066,776,741,1260,861,727,529,1580,481,488,470,727,421,468,448,475,608,496,708,522,439,651,499,518
"63",1580,1405,1114,1060,1244,1224,666,1324,656,655,708,1111,598,593,648,607,973,681,962,701,625,1035,710,726
"2991729",1579,1571,1460,1442,1427,1524,1242,1313,1243,1233,1249,1241,1165,1187,1157,1054,1297,1105,1139,1088,1144,1179,1148,1102
"712270",1409,1578,1406,1280,1372,1311,1270,1241,1286,1213,1181,1313,1173,1188,1147,1129,1027,1098,1050,1123,1013,1042,1067,992
"2771012",1577,1486,1440,1327,1416,1386,1047,1406,946,1059,964,1278,878,1045,1018,1052,1122,954,1180,981,960,1225,1030,1082
"2594795",1576,1498,1316,1241,1342,1371,965,1341,973,923,874,1284,810,957,989,931,1075,939,1195,930,883,1207,983,994
"84112",1576,1516,1509,1422,1418,1522,1187,1352,1179,1227,1172,1244,1082,1176,1095,1163,1290,1151,1130,1276,1110,1272,1147,1048
"3016094",1572,1509,1412,1456,1303,1265,1526,1359,1387,1340,1351,1152,1194,1346,1369,1204,1116,1169,1166,1172,1172,1121,1081,935
"2731112",1571,1260,1193,1177,1320,1406,817,1147,755,771,792,1141,735,765,706,720,907,734,1032,758,780,998,755,1139
"2674997",1569,1440,1282,1300,1400,1378,1067,1257,967,1029,933,1202,797,951,931,974,1149,931,1174,1033,908,1212,1036,1150
"400061",1569,1459,1263,1172,1288,1406,988,1241,886,909,904,1170,848,851,1005,856,1116,962,1123,905,913,1115,951,956
"507",1569,1397,1178,1213,1363,1203,893,1200,861,808,830,1060,680,893,893,838,947,745,1031,845,900,1081,880,939
"857417",1512,1569,1563,1478,1467,1296,1438,1292,1346,1352,1359,1277,1246,1280,1280,1242,1243,1174,1136,1211,1288,1147,1183,988
"129337",1568,1518,1397,1340,1339,1530,1066,1291,1118,1072,1075,1256,882,1050,1022,1052,1277,1068,1085,1093,956,1239,1143,1006
"2792015",1568,652,643,616,765,623,449,672,424,439,387,566,379,431,423,400,502,347,543,432,385,514,421,534
"1705399",1454,1566,1294,1297,1371,1343,1094,1143,984,1046,1063,1133,909,957,948,1042,1187,938,1167,1080,958,1058,1054,1019
"2051959",1452,1566,1290,1191,1336,1461,1123,1195,1079,1059,1032,1312,937,1002,1049,1129,1264,1154,1082,1160,1069,1176,1286,1118
"2821406",1511,1559,1347,1333,1356,1512,985,1311,1027,955,954,1292,855,1018,983,991,1107,987,1075,1005,897,1095,1023,1154
"59930",1442,1559,1299,1354,1283,1394,1147,1299,1168,1169,1078,1198,1105,1030,1144,1048,1193,1113,1026,1128,1076,1095,1107,938
"169176",1323,1346,1260,1092,1558,1289,842,1283,693,730,707,1257,620,716,709,640,860,701,1229,604,643,1063,715,912
"62140",1473,1558,1300,1327,1306,1443,1182,1236,1101,1152,1146,1158,1010,1085,1041,1160,1168,1135,1118,1100,1080,1088,1108,1012
"240521",1556,1471,1318,1312,1492,1397,889,1304,829,933,826,1248,722,847,802,794,949,770,1110,804,755,1089,857,1017
"3026192",1489,1556,1431,1465,1403,1410,1388,1223,1272,1315,1266,1208,1242,1252,1243,1181,1155,1176,1149,1141,1182,1076,1104,997
"3003247",1215,1157,1268,972,1549,1542,818,1233,811,778,798,1123,742,784,736,745,1555,758,1089,672,737,1092,616,1045
"2847992",1504,1554,1313,1293,1290,1484,1124,1252,1143,1107,1138,1258,979,1089,968,1076,1176,1079,1098,1151,1021,1113,1137,1070
"3039385",1553,1348,1298,1345,1524,1232,1166,1150,1051,1076,1092,1272,962,994,949,949,1039,974,1196,993,966,1080,897,929
"308754",1472,1553,1241,1350,1347,1417,1155,1302,1106,1138,1159,1231,1008,1062,1125,1047,1081,1060,1186,1070,989,1134,1009,1051
"33052",1154,1076,1003,897,1343,1050,753,930,625,667,733,910,574,662,641,564,674,576,952,613,613,838,539,1553
"89184",1553,1551,1426,1292,1388,1373,1082,1323,1070,1071,1138,1182,1032,1012,1014,961,1187,1073,1187,1009,1018,1168,1059,1022
"1609966",1525,1552,1269,1353,1378,1430,1066,1257,967,1108,1145,1254,1002,992,890,1022,1109,973,1072,996,974,1031,984,1077
"2220095",1434,1551,1416,1416,1427,1348,1246,1313,1205,1147,1221,1176,1077,1154,1187,1125,1176,1095,1138,1039,1097,1067,1043,990
"2587849",1497,1551,1314,1305,1244,1401,1137,1261,1125,1126,1072,1113,980,1036,1022,1126,1222,1090,1058,1041,953,1088,999,970
"3009083",1200,1232,1274,1039,1551,1014,831,1072,701,711,806,1248,630,700,687,589,775,537,1103,541,712,981,670,904
"2953657",1488,1549,1340,1335,1296,1473,1061,1308,992,1011,1089,1290,901,1096,1056,1026,1123,1036,1128,1004,1033,1134,993,983
"1981173",1545,1246,1155,1150,1327,1329,796,1157,729,717,696,1092,629,707,743,681,965,671,951,713,666,903,701,1150
"2182384",1257,1324,1256,1097,1545,1187,891,1217,837,866,871,1271,824,808,713,711,823,665,1172,686,800,983,636,816
"159346",1544,1488,1378,1401,1349,1435,1154,1313,1174,1115,1126,1208,1006,1006,1015,1056,1049,1066,1098,1098,1075,1103,1074,1040
"195105",1465,1543,1423,1438,1316,1454,1097,1370,1063,1107,1090,1215,989,1018,1029,1013,1144,999,1161,1026,932,1146,1003,1114
"2893890",1543,1444,1364,1224,1349,1267,986,1284,1003,913,915,1209,850,930,905,950,1055,914,1105,870,876,1064,929,993
"1032851",1463,1541,1252,1394,1261,1270,1285,1187,1254,1203,1170,1270,1092,1216,1204,1112,1162,1099,1135,1157,1073,1075,1109,1013
"2800818",1486,1429,1421,1273,1541,1494,1135,1302,1022,1027,998,1103,999,1067,958,1041,1052,981,1156,887,1052,1172,865,1309
"2867231",1274,1270,1292,1091,1541,1114,951,1095,921,829,956,1235,782,862,726,733,858,736,1118,731,698,957,695,898
"1710540",1392,1539,1363,1259,1233,1328,1212,1150,1138,1286,1174,1135,1063,1127,1087,1129,1124,1157,1065,1131,1027,1087,1001,1002
"34002",1539,1494,1274,1353,1499,1400,1041,1330,1055,1120,1048,1082,976,1059,974,1013,1128,1014,1132,992,974,1075,1006,1097
"1919",1530,1538,1477,1503,1510,1399,1400,1348,1330,1310,1330,1227,1157,1248,1169,1219,1114,1187,1240,1169,1146,1100,1228,1046
"2781021",856,827,1064,702,1538,839,591,829,601,573,632,855,566,660,603,463,530,441,1017,434,629,1066,458,706
"2795779",1530,1538,1449,1402,1486,1453,1019,1310,1079,1013,926,1294,902,1036,988,988,1349,956,1247,1015,936,1328,1045,1128
"2202141",1537,1430,1244,1216,1238,1279,1013,1309,986,876,914,1068,827,919,908,874,1025,847,1053,890,890,1105,986,883
"1009682",1514,1536,1281,1187,1131,1291,975,1190,970,927,858,1134,797,948,874,941,1134,938,1065,825,965,1122,938,894
"2184083",1536,1535,1229,1210,1237,1285,953,1265,893,1001,912,1148,809,980,926,925,1137,968,1130,950,947,1152,1003,1033
"2692330",1535,1466,1369,1260,1211,1400,1108,1207,994,1020,988,1218,929,1023,865,977,1126,972,1040,997,901,1012,988,935
"74031",1520,1535,1328,1357,1341,1383,1213,1274,1182,1171,1177,1228,1008,1112,1095,1145,1140,1068,1161,1121,994,1116,1035,1031
"361183",1187,1240,1215,986,1531,1126,826,1196,805,754,836,1127,670,756,725,649,772,606,1191,629,748,933,612,802
"2878151",1431,1530,1177,1183,1190,1239,912,1158,874,920,848,1001,731,961,895,922,1115,962,1011,967,850,997,947,920
"1620421",1529,1443,1386,1479,1399,1415,1051,1288,975,894,1015,1323,872,915,862,956,1081,914,1213,951,884,1083,966,1123
"208223",715,544,459,500,517,675,346,450,346,326,330,1529,298,289,335,352,368,328,433,348,364,434,341,312
"2982694",1516,1528,1283,1335,1305,1357,1039,1359,974,989,979,1269,908,1022,981,1042,1179,933,1175,1048,912,1183,1032,1092
"1396",1527,1138,886,1328,927,1314,475,966,443,397,455,728,390,516,378,383,799,387,599,428,361,647,439,968
"223392",1382,1502,1456,1371,1527,1372,1365,1220,1364,1233,1227,1169,1122,1210,1194,1152,1106,1195,1146,1113,1214,1084,1129,1040
"72000",1506,1526,1338,1384,1286,1385,1371,1278,1253,1210,1213,1157,1127,1157,1150,1174,1180,1146,1087,1129,1105,1109,1053,985
"2743089",1466,1525,1293,1336,1273,1368,1273,1198,1223,1210,1175,1195,1060,1168,1084,1161,1241,1156,1055,1195,1083,1125,1108,947
"2587163",1523,1477,1378,1270,1328,1395,1071,1244,1070,1069,1133,1225,1003,1010,999,1001,1100,1000,987,978,1003,1097,1016,1021
"191028",1509,1521,1338,1333,1409,1417,1225,1283,1079,1091,1106,1281,921,1039,1018,1029,1114,1033,1205,960,973,1201,1091,1146
"1368430",1519,1425,1385,1345,1384,1288,908,1328,855,876,865,1176,794,849,780,764,952,801,1099,751,784,977,831,977
"2175666",1500,1519,1478,1436,1346,1389,1353,1295,1266,1329,1335,1246,1226,1207,1239,1290,1184,1211,1146,1165,1142,1159,1147,1146
"2861284",1519,829,840,943,939,777,552,833,580,490,421,718,460,490,486,505,577,445,617,492,461,728,494,519
"2829499",1301,1518,1251,1307,1247,1268,1211,1188,1105,1164,1218,1088,1140,1043,1108,1074,1077,1052,990,1060,1072,1002,1031,899
"1478019",1517,886,1043,864,1157,831,352,886,374,390,348,913,335,358,360,441,576,385,1059,398,390,848,440,597
"487698",1002,899,973,777,1515,921,588,835,526,543,536,943,495,574,566,514,610,509,940,512,538,771,515,752
"1963268",1514,1403,1363,1384,1301,1369,1317,1178,1137,1225,1180,1122,1070,1156,1085,1195,1296,1153,979,1164,1079,1146,1089,1054
"2920387",1512,1044,1217,378,436,312,255,408,204,257,209,332,217,211,225,256,271,207,382,225,204,308,261,325
"56688",1465,1510,1319,1256,1289,1384,1236,1176,1141,1177,1115,1201,1100,1074,1127,1143,1195,1127,1050,1087,1038,1081,1065,1018
"2691571",1206,1051,1250,966,1509,1282,837,1079,902,780,767,1000,718,817,829,676,760,707,1098,665,723,1037,688,1066
"2604158",1500,1508,1226,1251,1167,1302,1059,1195,1025,1067,1101,1150,957,1010,975,1038,1150,1030,1030,1101,938,1130,1091,987
"1265445",355,1282,1505,212,290,351,105,277,98,100,105,282,69,109,147,108,196,108,291,127,106,907,125,656
"2690837",1486,1505,1330,1308,1338,1461,1288,1254,1231,1129,1232,1149,1061,1135,1105,1289,1274,1176,1138,1244,1077,1067,1185,1071
"2691359",1386,1441,1505,1435,1450,1218,1034,1371,1066,1015,999,1375,895,1036,969,811,1246,723,1186,911,881,1227,956,1073
"1872427",1457,1504,1304,1159,1278,1255,967,1282,935,937,912,1227,827,991,926,892,1158,932,1091,966,821,1166,1035,1009
"2528642",1483,1504,1168,1345,1280,1376,1086,1194,1107,999,1011,1168,898,983,905,1045,1095,971,1017,986,895,1111,1058,1113
"386911",1504,1504,1364,1384,1336,1418,1302,1231,1206,1222,1113,1197,1086,1226,1159,1156,1138,1154,1136,1078,1194,1137,1095,1072
"1938841",1472,1503,1432,1381,1371,1445,1445,1219,1261,1323,1309,1154,1245,1251,1228,1209,1210,1165,1190,1163,1203,1086,1178,994
"85021",1476,1374,1418,1486,1503,1102,1229,1262,1275,1255,1128,1118,1145,1170,1195,950,902,908,1106,947,1134,1064,917,947
"13134",1370,1501,1373,1338,1330,1305,992,1338,1004,1050,1057,1183,917,991,983,1060,1117,964,1131,891,946,1168,975,1099
"1385715",582,801,582,685,573,611,600,526,447,522,439,551,398,400,436,1500,540,751,514,1036,410,498,845,751
"3031330",1451,1354,1406,1108,1500,1194,916,1329,920,844,830,1115,786,901,871,809,969,794,1218,845,846,1191,836,936
"1608628",1458,1498,1351,1225,1311,1311,1057,1245,1055,969,1018,1154,856,1012,947,954,1120,892,1120,868,956,1102,1010,1142
"1903704",1430,1496,1318,1225,1347,1463,1120,1255,1051,1084,1034,1292,923,1039,1121,1136,1242,1056,1077,1074,1029,1205,1091,1073
"2781022",855,708,1129,685,1496,777,620,853,652,594,632,773,537,684,596,442,447,472,913,406,525,937,445,682
"2605989",1372,1495,1414,1221,1360,1303,874,1196,892,816,870,1136,760,863,855,863,1096,789,1047,823,842,1193,912,1014
"416",1495,1429,1223,1161,1174,1325,900,1243,866,862,875,1196,726,923,914,854,1023,869,1047,870,864,1053,978,953
"60035",1482,1495,1271,1301,1230,1348,1140,1226,1000,985,1044,1154,967,963,990,1051,1217,1026,1049,1031,963,1122,1116,1009
"1550733",1275,1242,1133,1051,1491,1163,807,1130,668,771,788,1093,685,731,648,644,764,639,1135,607,639,887,612,820
"2587851",1245,1340,1273,1038,1491,1169,889,1209,841,914,879,1224,732,885,757,697,849,718,1277,683,765,1111,673,962
"2716227",1491,1335,1404,1329,1272,1275,1315,1177,1105,1107,1213,1155,1070,1044,1095,1041,1028,1005,1042,1115,1169,1150,1045,914
"2692125",1181,1490,1094,1237,1158,1276,771,1060,761,757,831,1160,666,711,771,710,1077,736,838,678,668,817,713,1015
"2219225",1489,858,1389,374,403,318,209,310,167,251,204,324,188,205,245,213,240,208,495,189,158,343,181,249
"328692",1386,1487,1354,1211,1249,1336,1172,1222,1170,1180,1131,1133,1004,1095,1028,1056,1156,1063,1115,1084,1103,1132,1122,1028
"84566",1487,1018,1030,841,1055,946,256,1085,325,198,224,688,170,292,266,206,569,227,779,268,292,740,255,686
"173479",1486,1347,1265,1409,1252,1265,1249,1149,1213,1253,1212,1221,1011,1261,1106,1135,1306,1001,1087,1119,1153,1250,1219,898
"1805478",1362,1486,1242,1367,1256,1318,1200,1169,1148,1171,1205,1162,1118,1136,1061,1133,1225,1103,1065,1185,1051,1081,1130,1042
"2678260",1485,1383,1299,1162,1376,1245,857,1227,855,859,843,1047,718,791,880,828,1018,820,1076,840,753,1065,836,866
"2930199",1485,1401,1249,1339,1272,1384,1105,1273,1059,1102,1174,1261,985,1047,1054,1058,1121,1046,1146,1052,961,1063,971,1129
"2979863",1484,1253,1077,765,1324,1206,522,1138,536,493,527,845,507,522,594,543,585,472,996,414,557,991,498,798
"2057246",1483,1477,1336,1361,1402,1288,1266,1236,1259,1179,1289,1116,1164,1153,1153,1153,1132,1075,1063,1049,1118,1077,1034,976
"2894192",1482,1156,1329,1258,1389,1077,1086,1025,1042,1044,989,1200,910,962,983,865,961,912,1072,839,903,1031,839,849
"2932250",1480,1361,1254,1262,1290,1277,1037,1245,1039,987,1048,1128,845,934,984,993,1079,991,1038,971,897,1038,990,960
"221822",1406,1479,1319,1288,1362,1356,1102,1258,1066,1029,1053,1198,890,950,952,940,1075,904,1168,961,919,1132,996,1061
"2724527",1117,1113,1177,905,1477,1042,849,1081,692,785,841,1011,627,696,624,663,786,681,1086,592,676,926,597,705
"1930273",1475,1470,1395,1330,1316,1407,968,1219,962,948,948,1235,873,900,942,878,1288,991,1265,942,864,1273,1033,1124
"1964449",1475,1402,1393,1356,1306,1371,1321,1268,1254,1265,1156,1047,1201,1112,1101,1103,1165,1068,1039,1085,1075,1003,1069,960
"35799",863,347,891,1353,1475,300,1308,559,1075,1111,1272,652,1227,1169,780,259,261,239,852,283,837,530,299,282
"41276",1311,1207,1282,1061,1286,1473,853,1022,810,865,829,1002,798,852,745,716,948,791,1093,748,761,1174,777,1064
"158080",1472,1468,1364,1289,1315,1344,1122,1202,1027,1010,988,1158,922,941,976,984,1095,1052,1117,1053,1002,1041,1051,968
"2202254",1472,1428,1246,1362,1256,1352,1170,1198,1094,1179,1092,1158,1011,1080,1007,1114,1097,1080,1013,1057,1060,1124,1021,1074
"2840474",1470,1366,1276,1248,1246,1241,1013,1156,1032,976,938,1138,877,894,971,929,1019,838,1037,861,827,988,901,927
"3041765",1470,1416,1391,1263,1405,1273,1230,1210,1236,1161,1137,1107,1102,1049,1158,1113,934,991,994,1045,1035,1010,1134,1013
"1837283",1407,1469,1340,1301,1374,1233,1284,1200,1202,1258,1188,1123,1181,1103,1063,1116,1046,1149,974,1067,1172,1054,1019,975
"242605",1469,1227,1230,992,1338,1167,772,1244,848,771,712,1119,699,769,832,730,924,763,1064,713,752,1126,773,873
"3026162",1463,1469,1327,1258,1365,1345,1229,1237,1223,1124,1194,1168,1121,1073,1111,1155,1131,1185,1064,1160,1096,1032,1139,989
"2235",1382,1468,1276,1360,1216,1395,1158,1230,1188,1140,1151,1169,999,1106,1078,1127,1240,1121,1124,1160,1004,1040,1139,1065
"1050",1441,1462,1290,1181,1291,1266,975,1210,948,921,929,1165,809,970,916,881,1153,937,1010,899,915,1077,975,1021
"1357074",1462,1339,1190,1163,1168,1144,726,1142,709,718,745,1001,616,810,792,734,851,709,1063,780,741,966,736,833
"3016091",1462,1373,1263,1318,1248,1182,1298,1081,1235,1198,1132,1098,1088,1157,1117,1053,965,1080,971,1012,1164,938,1061,884
"2681310",1410,1461,1170,1180,1160,1291,914,1163,889,928,848,1094,764,853,824,899,1064,918,999,885,840,1135,919,950
"2762576",1457,1388,1330,1260,1243,1218,922,1157,955,882,861,1094,823,813,805,891,1003,808,987,849,873,999,873,1017
"3034023",1273,1457,1171,1292,1163,1192,1178,1085,1089,1134,1140,1058,1007,1062,962,1075,1071,1107,1061,980,1027,1066,1065,933
"2779671",1454,1256,1205,1140,1309,1082,1114,1203,1082,1024,1079,1121,1084,1006,1020,1077,999,986,1029,1014,920,1022,963,872
"130049",1299,1453,1231,1194,1104,1333,1067,1103,934,1002,894,1091,870,932,913,934,1042,948,897,928,837,976,1034,1041
"114687",1366,1452,1267,1278,1227,1233,1167,1122,1218,1200,1189,1095,1054,1119,1155,1123,1068,1131,1041,1095,1008,1024,1044,937
"157782",1452,1280,1205,1128,1187,1208,844,1187,866,827,814,1073,780,822,817,830,973,820,1050,857,833,1025,888,874
"2020486",1451,622,1032,1012,1316,540,524,708,478,472,505,936,466,458,413,425,473,401,887,393,438,796,367,511
"2583377",1451,1451,1224,1183,1278,1327,1034,1175,1002,988,1033,1172,920,996,930,1076,1176,1053,1006,996,930,1050,1007,991
"2653853",1451,1405,1215,1240,1269,1126,883,1189,897,883,800,1043,764,836,816,865,1005,854,1101,831,798,1043,889,865
"2683284",1451,1377,1370,1403,1283,1407,1065,1178,1016,1032,1035,1182,929,1059,867,934,1077,927,1097,965,962,1086,979,1007
"2813744",1383,1451,1327,1245,1316,1288,1214,1221,1205,1239,1153,1144,1030,1112,1133,1099,1082,1019,1077,1134,1067,1108,1078,1045
"1325107",1449,1407,1238,1240,1114,1360,913,1217,937,866,890,1122,851,905,829,887,980,905,982,895,886,979,957,1080
"2527996",1355,1449,1328,1252,1341,1172,920,1211,896,936,882,1119,831,881,872,822,1096,859,1168,936,893,1149,945,1092
"2878152",1449,1420,1218,1110,1161,1215,931,1187,959,788,866,1090,794,909,865,890,1072,894,1040,867,837,1114,932,891
"2708301",1375,1448,1191,1037,1272,1267,956,1218,861,849,907,1115,823,901,866,857,1034,842,1011,847,836,1115,961,970
"2742",1448,1337,1197,1097,1245,1168,882,1173,864,802,888,1050,761,868,834,838,989,742,1032,870,834,1066,854,927
"2127060",1324,1446,1295,1163,1236,1253,891,1056,850,819,828,1100,754,879,819,847,1134,805,1081,808,789,1123,846,897
"2613965",1444,1428,1317,1298,1189,1330,1096,1219,983,1020,1036,1155,936,1056,911,1009,1012,964,995,1061,889,1169,959,997
"2961596",1405,1444,1316,1282,1186,1296,1228,1241,1147,1144,1235,1128,1138,1128,1079,1192,1243,1134,1033,1070,978,1075,1220,977
"2023772",1443,1391,1232,1294,1291,1264,1073,1185,998,1128,1013,1166,915,1019,1013,977,1153,1039,1027,989,1015,1105,1113,1008
"573737",1386,1443,1151,1173,1197,1248,866,1234,865,829,820,1056,736,892,873,839,972,847,1035,927,857,1060,899,899
"1526572",1440,1442,1338,1213,1325,1287,1035,1242,968,986,902,1220,874,906,904,983,1054,905,1081,848,899,1095,922,1057
"1549850",1442,1413,1287,1207,1208,1236,1029,1193,973,920,1000,1021,933,884,910,980,966,962,1047,918,922,1011,998,949
"2493674",1303,1233,1292,1235,1442,1211,852,1175,881,785,802,1092,738,813,740,724,811,709,1074,745,785,1017,712,1028
"1783348",1437,1441,1398,1381,1304,1312,1342,1236,1219,1294,1191,1144,1193,1216,1126,1133,1156,1131,1014,1135,1054,1045,1110,1009
"886343",1441,1429,1264,1324,1274,1393,1125,1118,1106,1164,1055,1119,975,1003,1093,1066,1065,1033,945,1034,954,1097,1067,1007
"2755559",1303,1440,1134,1223,1126,1259,1164,1073,1088,1070,1098,1045,1052,1052,1083,1132,1079,980,974,1079,958,930,1033,887
"1393",1220,1312,1026,1072,1029,1160,882,972,784,1074,893,1003,1437,820,786,843,1062,806,876,809,733,885,862,841
"29581",1437,860,716,836,893,686,482,873,414,425,415,637,387,393,440,439,592,434,646,454,390,608,463,443
"202907",1436,707,632,771,726,636,342,752,341,343,335,566,278,314,356,328,530,351,514,357,329,592,364,421
"2883126",1277,1436,1087,1313,1112,1277,1046,1072,1011,915,995,1034,876,967,905,944,954,857,966,937,859,890,856,885
"2991715",1436,1166,1169,1195,1211,1028,893,1006,865,965,869,1062,840,921,843,818,870,773,983,767,833,915,811,779
"67258",1365,1435,1393,1289,1311,1309,1247,1138,1250,1155,1125,1140,1049,1115,1077,1137,1088,1065,1077,1086,1036,1036,991,989
"488729",1434,1395,1209,1104,1205,1216,931,1167,898,886,853,1120,817,864,850,908,1101,842,1012,816,861,958,921,944
"187304",1240,1433,1154,1200,1203,1249,923,1136,844,849,932,1111,787,808,833,810,921,803,943,884,773,919,901,977
"1564114",1431,1401,1340,1328,1320,1246,1152,1244,1167,1071,1100,1055,1011,1081,1040,1039,1008,946,1036,1053,999,1060,978,1021
"2081791",1431,1244,1216,1139,1156,1336,672,1112,708,710,687,1079,652,672,680,665,863,630,976,675,734,924,766,1037
"2842346",1330,476,883,423,1426,468,237,356,297,210,248,335,201,222,235,188,296,167,475,208,242,492,209,336
"2961599",1292,1426,1154,1260,1199,1204,1156,1113,1154,1094,1127,1101,986,1074,1002,1150,1144,1046,916,1083,1041,953,1046,987
"2590869",1425,856,756,881,832,745,449,770,452,436,438,604,381,478,443,525,644,490,637,486,410,554,441,458
"512402",1275,1424,1354,1259,1286,1257,1114,1141,1185,1168,1170,1029,1020,1117,981,1007,1105,976,998,942,985,1010,959,933
"2494234",1214,1423,1108,954,991,1145,771,1052,841,780,796,916,739,868,910,849,975,845,944,877,841,1043,850,897
"2497861",1422,1405,1223,1251,1185,1240,951,1122,951,895,887,1040,860,925,843,901,1003,950,955,904,840,1033,861,939
"2094119",1421,1388,1233,1263,1187,1303,1146,1113,1048,1054,1074,1088,984,1099,1044,1054,1024,990,973,1030,968,978,908,942
"2811422",1421,1384,1241,1175,1215,1257,860,1134,881,844,854,1043,802,916,868,856,942,871,1026,881,817,1034,852,902
"2986919",1421,1282,1299,1331,1348,1146,1083,1256,1077,1052,1020,1201,955,1059,1016,994,1038,894,1047,954,983,1033,906,869
"2872309",1325,1237,1290,1166,1420,1215,1045,1077,1070,1083,1015,1068,968,951,974,934,1022,917,1043,930,852,976,912,922
"432329",1420,1399,1259,1254,1238,1334,1085,1191,1047,1091,1062,1148,991,1049,986,1047,1090,994,1094,1070,965,1005,1017,1051
"2494374",1419,1405,1250,1266,1273,1315,1119,1231,974,1095,989,1167,926,968,923,907,1017,934,1061,987,909,1074,979,951
"980427",1388,1391,1279,1236,1234,1419,1094,1155,1033,1033,1084,1133,934,1044,982,1012,1076,1060,1012,1072,961,1077,1082,966
"2798804",1418,998,901,943,1111,830,447,1169,371,453,389,775,336,435,407,433,661,468,733,452,424,871,495,613
"2828862",1389,1173,1326,1327,1418,1079,948,1025,927,988,963,1126,873,897,869,790,898,843,1159,813,792,1012,792,827
"641491",1299,1418,1227,1167,1123,1254,1006,1130,1020,1027,961,1086,905,930,979,941,1035,980,928,1039,876,997,978,999
"1411902",1187,1417,1196,999,1126,1087,940,1062,887,929,894,1037,760,873,887,915,1037,895,907,894,764,965,876,844
"1734031",1365,1417,1298,1307,1266,1266,1180,1185,1116,1165,1181,1068,1001,1075,1012,1088,1113,1032,1043,1066,1048,1044,1026,986
"2011015",1416,374,508,318,425,292,228,332,244,200,192,276,196,218,182,208,289,180,419,232,215,417,218,243
"2609255",1345,1416,1293,1197,1346,1246,1079,1156,1064,1124,1059,1134,947,1073,1135,1081,1049,1039,1072,997,1034,972,986,981
"2907343",1224,1416,1125,1181,1116,1283,986,1093,971,1006,965,1102,881,909,913,1038,1156,1084,1023,1011,849,1032,1065,1015
"3016341",1414,1272,1232,1106,1156,1057,868,1210,850,844,799,1069,695,814,825,779,996,844,1063,768,749,1085,790,816
"3032001",1247,1414,1242,1275,1307,1318,1235,1087,1075,1117,1148,1087,1113,1060,1071,1123,1116,1078,1082,1022,993,1127,1099,988
"2169400",1364,1413,1129,1233,1282,1295,1031,1083,898,989,978,1120,815,920,863,887,1061,874,1094,944,890,946,997,911
"3029055",1342,1413,1169,1216,1241,1299,975,1185,951,954,941,1071,869,851,867,918,1067,913,1021,957,879,1023,938,933
"2020312",1412,1275,1140,1080,1181,1297,783,1174,731,718,752,1138,639,716,675,727,861,651,1007,722,657,907,724,1118
"134034",1403,1411,1291,1261,1335,1306,1144,1226,1172,1173,1148,1116,1014,1081,1071,1050,1058,1042,993,1052,1070,1063,1076,935
"499555",1240,1411,1260,1177,1138,1239,1171,1204,1139,1181,1030,985,1032,1029,1086,1083,1078,1037,997,1026,999,1002,973,1009
"1335061",1410,1249,1119,1120,1191,1240,839,1150,925,864,862,1122,823,765,804,801,924,778,1035,752,747,950,837,930
"2972478",1409,1190,1113,1035,1106,1070,737,1059,713,780,726,1002,631,688,638,680,920,680,988,746,710,915,803,801
"404432",1318,1408,1214,1174,1134,1198,1018,1148,979,877,937,1194,856,901,894,916,991,838,946,860,897,985,921,882
"656366",1401,1029,1136,1225,1406,1045,935,1043,877,886,845,1096,801,835,842,792,875,715,1055,816,793,979,759,809
"2886352",363,405,355,468,363,366,1151,301,1258,1404,1129,258,617,688,334,844,273,1040,252,804,902,206,573,334
"2867011",1402,1324,1124,1163,1235,1108,932,1101,952,921,940,970,850,846,858,916,975,957,1057,885,884,941,956,873
"2979861",1402,1166,962,664,1059,1119,524,1016,548,482,522,756,483,473,579,524,561,437,820,447,492,873,466,727
"368607",1399,703,765,838,894,634,437,777,377,427,370,572,391,425,385,406,487,368,622,440,377,538,361,512
"244596",1360,1398,1345,1285,1306,1343,990,1186,981,875,909,1200,843,911,791,915,1039,880,1076,882,841,1069,857,1018
"1546107",1397,1336,1308,1281,1233,1277,1208,1139,1263,1208,1099,1102,1126,1118,1114,1036,1081,1073,1032,1024,1012,1026,1003,969
"2931382",1397,1130,1078,1019,1082,999,808,977,766,767,723,954,637,694,713,703,847,703,929,773,718,936,744,797
"2676868",1321,1394,1257,977,1266,1361,497,1262,450,415,417,1167,348,453,495,406,683,381,1209,431,403,1139,448,1095
"2909249",1118,1268,1213,988,1393,1047,820,1135,773,793,815,1095,682,741,736,656,767,646,1093,634,687,972,582,828
"1414719",1146,1392,1107,1131,1076,1161,1066,1021,1081,1075,1120,1043,950,983,977,1030,956,999,910,988,952,1012,968,846
"66428",1257,1392,1151,1142,1153,1121,1105,1041,1136,1141,1066,1008,972,1017,1015,981,924,949,985,954,948,870,956,872
"2766784",1301,1193,1389,1183,1329,1186,1105,1093,1055,1014,977,954,936,971,1010,879,949,824,1099,882,957,1108,861,945
"46352",1327,1389,1357,1194,1183,1203,1175,1089,1100,1085,1176,1046,1035,1065,1029,1032,1102,1007,972,977,1000,1038,945,916
"1484118",1357,1387,1190,1148,1178,1248,929,1050,976,984,941,1088,890,986,908,1021,1047,967,1013,964,861,994,972,946
"2773299",1386,1311,1194,1172,1186,1291,975,1127,960,947,912,1036,861,941,904,983,998,906,950,909,860,1020,1047,880
"74426",1215,1386,1178,1149,1153,1227,1041,1088,1032,1030,918,1080,821,938,957,942,1070,976,876,952,841,947,940,863
"1809410",1385,542,395,632,620,457,259,639,217,231,229,390,195,226,207,212,364,214,388,258,238,369,275,263
"2723776",1332,1384,1185,1185,1100,1274,991,1090,895,886,891,1105,751,902,879,936,967,909,974,958,861,990,900,979
"1125847",1382,1285,1195,1150,1193,1196,844,1174,808,881,855,973,769,746,814,812,893,777,1043,771,780,961,812,1037
"59737",1236,1382,1158,1103,1151,1077,1014,967,989,1017,951,967,915,978,977,938,924,890,907,893,820,926,892,870
"83564",1302,1382,1112,1180,1066,1285,995,1092,874,943,937,1084,789,895,891,864,1115,950,963,971,774,986,1037,968
"2597659",1381,1351,1266,1214,1187,1268,1104,1098,1111,1072,1040,1091,936,1093,1101,1005,1095,980,1009,1009,985,985,1047,928
"482",1381,1342,1116,982,1175,1203,765,1077,819,801,832,1081,694,813,795,759,1000,808,1016,822,782,1035,884,843
"74329",1230,1299,1232,1109,1271,1258,930,1086,948,877,921,987,856,872,811,902,898,789,1023,895,915,992,742,1381
"573",1346,1321,1319,1235,1380,1281,985,1124,917,921,871,1111,878,920,886,890,1023,813,1024,938,810,964,908,913
"1307763",1292,1379,1215,1164,1009,1240,967,1087,926,911,912,1005,798,916,864,965,1057,968,959,943,814,1043,945,951
"488730",1379,1340,1186,1128,1169,1155,986,1193,812,849,845,1027,865,844,930,945,958,874,994,939,898,966,883,888
"2995143",1284,1186,1107,1057,1271,1205,943,1030,899,899,931,980,768,818,809,786,826,793,900,786,884,970,810,1377
"413",1377,1333,1181,1104,1138,1277,903,1148,855,839,794,1107,720,814,879,902,1087,820,968,800,817,1038,935,963
"2584094",1253,1194,1183,927,1373,1040,750,1136,731,753,784,1089,689,745,617,647,780,589,1099,624,628,865,606,789
"435",1370,1372,1197,1188,1298,1338,991,1225,957,931,868,1145,802,957,912,932,1004,872,1025,955,881,1079,1014,1043
"1364945",1268,1370,1194,1212,1070,1123,1159,1130,1040,1101,1045,1084,972,994,989,1135,979,971,1002,1029,899,990,982,861
"2604047",1367,1333,1158,1111,1155,1161,847,1113,827,789,835,1001,680,850,830,808,980,868,987,860,819,944,865,893
"2979468",1367,1345,1281,1273,1308,1154,1250,1158,1176,1177,1178,1036,1060,1039,1037,1061,1015,1016,1030,1038,1085,1029,962,929
"419475",514,368,381,323,450,383,244,357,252,258,230,321,204,244,252,198,302,229,285,223,283,283,218,1365
"63745",1315,1365,1080,1000,1079,1061,821,1046,852,802,810,1010,707,888,915,827,1017,841,1047,840,846,1064,905,907
"35760",1364,1319,1181,1235,1087,1206,1123,1110,1047,1141,1010,1010,966,967,1005,989,1126,1002,960,1015,935,1030,1036,858
"470931",525,499,804,352,690,1053,289,421,259,305,298,876,288,231,282,299,1364,328,527,301,269,618,305,304
"1046",1363,1345,1232,1133,1209,1272,907,1133,892,865,896,1166,832,932,928,885,1065,893,1032,879,848,1097,952,941
"332999",549,501,408,325,518,1363,112,470,93,90,71,273,87,110,109,96,273,105,313,96,122,373,97,269
"219687",1362,1263,1217,1247,1213,1107,1180,1029,1181,1042,1059,1091,1017,1157,1030,1026,1074,977,957,995,1036,1016,1095,820
"225194",1280,1362,1105,1063,1091,1199,995,1069,948,911,934,1115,843,863,801,954,1123,1002,925,950,829,1029,1025,897
"3017783",1285,1362,1062,1176,1160,1206,985,1053,946,955,958,986,856,909,880,955,951,852,940,882,895,929,846,907
"55395",1360,1350,1061,1144,1132,1328,822,1108,776,780,761,1158,739,809,839,785,948,801,922,873,770,916,838,914
"1294143",1359,1307,1163,1197,1113,1108,833,1068,855,842,818,984,718,878,771,831,956,813,1046,831,781,988,844,912
"2571029",1341,1359,1285,1229,1190,1236,1258,1108,1154,1193,1181,1100,1125,1155,1083,1089,1153,1073,1038,1105,1036,998,967,973
"1802",1358,974,1083,928,1227,1123,834,946,751,699,745,784,749,870,803,687,710,615,841,567,734,969,640,937
"1176649",1357,1027,1018,933,1277,986,608,859,609,577,600,903,559,530,550,533,762,551,944,586,560,774,519,765
"1306787",1356,1347,1111,1146,1133,1130,939,1236,837,871,850,1118,803,834,783,873,1025,781,1008,781,777,1025,867,843
"1323948",1243,1356,1271,1115,1211,1278,952,1083,1017,951,858,1098,799,917,820,998,1154,914,1030,989,822,1146,988,977
"2744574",1300,1356,1195,1207,1092,1212,1107,1041,1090,1079,1107,986,1036,971,1010,1116,995,966,953,1019,948,974,974,876
"2953749",1248,1356,1169,1104,1127,1237,1144,1074,1080,1142,1055,981,943,1024,1024,1040,1114,1058,994,1021,930,1033,987,869
"2917691",1313,1355,1195,1110,1108,1254,1033,1026,891,959,963,1012,820,905,885,913,1044,878,936,973,845,1003,1004,885
"1491",1281,1193,666,1354,808,1141,152,1130,126,134,247,935,115,162,131,76,746,164,540,127,127,549,106,765
"2703787",1183,1136,1042,621,1064,1353,307,907,267,283,278,845,216,300,345,353,562,273,767,322,357,795,350,1181
"2777556",1300,1353,1218,1232,1176,1203,1100,1127,1199,1086,1057,1056,960,1049,965,961,965,987,953,942,940,985,971,872
"2962671",1307,1353,1107,1115,1167,1203,1063,1036,907,985,1079,994,944,965,1052,1009,1101,1008,975,901,1013,915,978,865
"3032579",1259,1350,1114,1089,1143,1179,1043,1051,1043,1072,1046,979,969,1013,943,1024,997,1030,901,957,930,955,1009,844
"2773308",1263,1347,1231,1026,1069,1132,842,1071,870,828,833,1023,771,807,832,838,1024,828,943,877,806,922,834,783
"1494608",1346,917,1122,1124,1119,812,740,832,689,720,691,973,694,710,717,658,758,654,863,645,657,811,586,669
"43927",1201,1346,1144,1167,1086,1195,1166,1100,1043,1044,1068,982,973,1060,1056,1095,1112,1006,821,1010,968,999,958,930
"194924",1253,1345,1110,1135,1088,1218,919,1079,909,773,808,1043,739,891,807,867,1080,926,844,853,790,962,935,898
"266951",1093,986,1075,953,1342,913,743,1001,714,671,698,1018,609,655,699,568,648,546,992,557,712,828,523,743
"33072",1153,1342,1081,1121,1057,1184,931,1140,883,900,847,1016,867,856,897,953,1029,938,897,979,822,974,970,889
"1003114",1256,518,1340,453,846,480,337,583,384,307,312,473,313,345,340,305,353,258,751,253,329,469,258,435
"2956797",1277,1340,1127,1098,1112,1182,947,1015,971,948,962,990,845,820,871,995,1020,939,886,1002,878,978,891,823
"715179",1340,1037,683,828,864,821,359,904,316,369,339,604,322,294,325,268,573,309,634,279,309,620,360,409
"1302308",1338,1321,1177,1157,1246,1169,1089,1100,1055,1072,1069,1001,998,959,1058,1031,1035,899,929,973,961,965,919,920
"3050071",1195,1338,1106,997,1125,1144,870,1010,906,805,828,975,816,856,856,866,944,809,939,860,793,917,868,871
"3033386",1216,1336,1170,1150,1064,1178,1025,1043,1011,1088,1011,1071,875,987,994,1070,1058,965,931,946,917,923,1040,881
"869886",1277,1335,1183,1166,1129,1206,1136,1080,1007,1118,1006,994,1029,942,878,956,1009,1030,871,1056,950,912,943,916
"1773489",1334,1316,1202,1190,1203,1240,1009,1163,919,917,916,1114,806,913,905,900,1002,845,988,841,831,977,933,1018
"167964",1280,1266,1018,1145,974,1331,961,978,887,865,881,1156,745,794,757,814,1210,841,745,930,741,804,974,935
"648",842,1330,800,956,824,798,606,827,629,600,607,666,541,567,649,602,626,547,633,573,564,692,608,579
"1853682",1213,1323,1174,1145,1120,1141,1045,999,1067,1106,1017,1022,1002,984,963,1054,1074,1012,906,994,924,1005,975,791
"2993564",1323,1285,1156,1091,1118,1204,845,1085,822,883,828,1042,763,835,803,880,982,834,996,950,825,1024,916,903
"1288970",1322,1320,1125,1226,1136,1274,961,1068,942,898,895,1137,882,878,873,803,936,808,1004,807,803,1013,950,906
"2079792",1321,1256,1222,1191,1298,1042,1091,1027,1078,999,993,969,892,998,1022,874,909,815,952,781,990,953,820,795
"3045156",1321,1206,1051,1032,1068,1150,682,1002,613,661,629,1005,596,588,633,593,754,621,932,612,586,784,675,944
"2072414",1035,857,1018,836,1319,975,550,864,629,549,609,777,555,677,631,537,623,490,913,535,645,855,523,792
"430679",1319,1269,1234,1137,1315,1188,875,1175,824,758,790,1076,814,788,777,749,952,773,1069,777,715,969,761,936
"47883",1318,1156,973,961,1084,1050,745,960,648,669,712,874,608,645,677,731,766,677,824,745,676,802,692,852
"2607656",1317,1198,1155,1041,1101,1163,913,1034,773,880,828,1011,785,812,785,893,965,877,955,927,774,1028,864,891
"2493670",1225,1080,1186,982,1315,1123,737,1151,745,684,715,1061,635,709,687,576,716,643,942,573,655,858,632,1049
"2963434",1082,1315,953,1097,992,1123,930,1065,935,910,920,903,890,894,827,829,946,877,852,890,784,881,842,780
"2745495",1313,1252,1144,1061,1167,1124,867,1096,822,818,825,1036,694,817,792,818,908,750,957,812,768,979,790,772
"83262",1264,1312,1197,1065,1170,1224,1045,1075,1091,952,954,1003,945,971,964,1005,938,892,968,943,921,986,1027,938
"2917727",1311,1082,1013,1010,1065,1129,655,1036,671,682,616,879,570,619,604,561,741,596,821,614,580,738,672,926
"373",1309,1123,1058,1032,1223,1185,789,1096,681,764,709,982,617,660,612,634,851,668,890,707,608,867,657,987
"140098",1220,1308,1101,1008,1061,1150,861,1085,748,751,740,1062,734,890,874,839,1026,861,957,869,749,1002,836,960
"156980",1307,1162,1185,1193,1277,1072,969,1008,1011,893,901,1011,898,875,866,894,906,803,939,781,856,911,793,836
"2600596",1307,1204,1011,1012,986,1042,743,1038,782,774,743,1016,694,789,800,755,952,739,844,710,830,1021,769,761
"686597",1245,1307,1086,1053,1244,1109,862,1050,891,826,795,1010,737,764,753,896,912,785,935,786,704,885,817,880
"2875540",1181,1199,1258,805,1192,1306,278,1103,372,282,257,1141,204,374,324,341,703,265,1133,360,371,1159,454,998
"376",1306,1272,1054,1123,1072,1221,829,1167,781,820,740,1181,787,811,773,788,844,804,912,831,734,935,832,946
"146922",1291,1305,1165,1169,1161,1122,1145,1105,1057,1075,1062,1010,983,1001,977,993,999,965,992,1037,992,932,892,884
"873",1305,1294,1179,1144,1170,1175,932,1084,966,924,955,1025,858,983,890,962,1174,1006,984,979,883,1033,1023,941
"408015",1217,1304,1257,1238,1175,1113,1238,1084,1103,1111,1097,1003,962,1040,1019,1014,980,1046,989,1057,989,926,981,875
"2055955",980,900,979,804,1303,830,677,969,606,584,628,1036,546,568,567,519,637,467,969,529,558,864,473,638
"2493677",1166,948,1098,1014,1300,999,648,1013,670,626,620,963,564,653,633,584,711,528,941,540,574,920,599,870
"2908006",1300,1156,1093,984,1077,1053,804,1136,778,774,755,918,662,816,678,760,928,699,843,765,710,832,786,854
"1972846",1299,1204,1107,1216,1056,1142,1055,1080,1031,997,1063,974,979,992,951,918,1002,933,880,903,958,902,894,869
"2733488",1282,1297,1146,1044,1123,1286,924,1028,914,826,855,965,773,867,885,898,999,856,1011,870,792,967,865,908
"122277",1296,1267,1170,1123,1199,1173,839,1144,763,783,769,1063,786,842,823,781,959,785,960,831,773,920,811,844
"74318",1138,1294,1051,994,1049,1150,832,1129,878,841,882,1012,770,820,837,827,972,782,940,839,802,988,784,841
"2528027",1288,1259,1170,1082,1292,1105,808,1077,887,798,732,1119,733,874,770,735,1110,737,1043,812,774,1105,840,946
"3031998",1136,1290,1086,1088,1099,1125,1069,938,995,1064,955,975,970,938,927,1006,1079,955,939,976,926,889,922,839
"388459",1228,1290,1132,1120,1056,1154,1008,1084,970,960,930,976,912,947,943,909,910,914,944,765,865,974,850,912
"1849581",1289,1125,1114,930,1236,988,733,1088,737,700,733,1037,569,748,795,746,871,698,1018,636,725,947,673,861
"645",1141,1288,971,1100,919,1022,766,867,716,715,739,805,623,690,801,673,920,675,761,749,629,860,699,752
"1577075",1171,1287,1172,1139,1134,1059,1064,1085,973,943,943,905,922,788,944,922,941,853,842,836,867,880,816,769
"1484898",1153,1285,1058,1203,988,1205,890,937,733,915,935,1036,751,774,753,855,1068,799,753,800,673,887,954,1041
"352",1271,1285,1133,1046,1053,1130,866,1033,882,850,848,1011,765,845,845,858,977,800,929,854,770,959,909,844
"119484",1187,1284,1093,1073,1024,1274,928,1012,830,881,853,962,816,798,837,940,1108,870,950,937,831,945,1002,922
"2829501",1284,1193,1067,1095,1118,1134,925,1038,856,889,890,999,845,813,816,839,885,782,913,834,827,939,878,851
"3074897",1271,1230,1280,1194,1284,1004,1067,1116,1038,1016,1003,998,946,893,888,828,900,870,1025,843,867,884,820,788
"370524",1284,1246,1100,1130,999,1172,977,1088,947,958,967,973,941,920,935,827,911,822,833,888,877,862,800,957
"1484116",1273,1282,1140,1174,1143,1234,917,1086,896,954,878,981,778,854,827,908,988,957,951,874,844,950,881,821
"2962676",1192,1278,1176,1104,1034,1087,1070,1060,1042,1022,902,978,929,944,889,925,1007,943,943,926,898,944,941,849
"60890",1277,1192,1080,1166,1115,1217,907,1072,822,857,882,1009,810,835,807,847,915,736,936,792,769,966,779,904
"52774",1276,1265,1160,1266,1118,1099,1153,1103,1062,1081,1102,953,1016,1054,892,1010,1093,929,952,999,899,925,1029,850
"562",1275,1154,1103,1008,1078,1069,766,1048,754,727,758,921,636,783,705,762,839,693,894,758,667,932,749,788
"670052",1275,1275,1162,1150,1017,1067,1027,1072,967,958,922,927,900,941,921,826,907,872,916,869,868,887,823,891
"119977",1069,1273,907,1142,1012,1096,555,969,496,603,610,929,456,552,565,512,872,600,769,581,522,717,570,761
"3016097",1272,1205,1155,1110,1104,1109,1220,1064,1170,1067,1139,960,1075,1041,1092,1077,923,1005,929,996,1078,1030,899,780
"196024",980,1271,850,911,843,857,683,783,664,604,675,742,576,623,622,637,727,608,768,615,629,768,647,664
"2764185",807,747,1004,628,1271,805,470,929,494,411,443,724,448,581,451,376,470,353,836,385,519,851,416,710
"256821",1269,1259,1168,1187,1157,1205,1130,1132,1125,1053,985,994,970,958,991,1012,1143,943,994,973,997,997,1018,965
"2991496",1256,1269,1137,1131,1080,1087,1127,968,1047,1109,1054,975,1047,922,1005,987,941,1005,944,977,927,886,855,829
"3024400",1269,1257,1144,1039,1223,1159,900,1048,814,785,835,1060,729,848,750,746,918,775,985,809,789,948,797,926
"2674991",1268,1228,1051,1218,1154,1191,848,1032,852,842,897,961,740,783,791,782,994,773,874,838,776,958,854,832
"649841",1233,1268,1016,993,1004,1144,798,1066,781,761,817,1046,727,870,848,817,980,788,933,817,801,991,901,872
"2053930",921,895,1007,824,1267,906,541,942,546,547,548,873,560,544,582,520,626,486,870,574,577,913,507,661
"2605945",1267,1262,983,1068,1118,1113,837,1042,851,802,759,918,711,852,792,785,939,800,936,756,752,958,783,796
"2796366",1165,935,889,877,1267,805,430,1179,410,408,415,676,393,427,403,444,590,437,734,436,437,816,465,565
"2901142",1266,1083,950,929,1028,1039,685,975,705,671,707,892,602,755,715,703,827,705,837,744,659,867,795,830
"405559",1260,1266,1014,1062,1070,1093,930,935,789,815,843,1028,759,809,776,745,906,781,909,787,711,896,752,867
"2583231",1264,1094,998,896,1022,1260,609,963,607,584,630,903,533,584,548,593,777,584,744,594,570,781,657,905
"2814653",1249,1263,1054,1003,1034,1041,805,992,771,782,785,950,630,811,813,773,881,856,927,760,717,935,852,833
"1353136",1255,1262,1173,1179,1062,1216,950,1082,890,931,940,948,840,865,887,942,961,931,860,884,808,1006,1013,886
"2011159",1053,1043,993,872,1259,908,741,980,692,725,675,976,588,604,621,639,731,591,978,573,618,739,593,728
"2743090",1182,1259,1086,1171,1101,1189,1153,1016,1044,1080,1046,1032,959,996,1007,1034,1086,1094,989,1025,944,1005,982,833
"33888",1259,1229,1192,1170,1219,1135,1052,1014,1012,1017,1073,1059,966,939,931,917,900,988,957,878,881,888,919,926
"1949083",1167,1256,1025,1031,1157,1140,887,1012,865,858,860,948,795,826,819,829,905,830,832,846,739,874,861,816
"1309411",981,1255,1051,960,995,995,874,842,849,842,820,796,747,724,752,784,847,759,874,781,725,786,825,754
"38305",1097,1255,1161,1138,1069,1132,1070,951,1068,1045,1078,915,1003,971,1017,995,931,911,989,888,903,928,883,861
"206506",1254,1121,1003,1023,1047,1062,717,987,655,655,650,868,619,736,738,683,795,710,864,608,667,890,693,728
"755307",1127,1251,1066,1042,1045,1121,1061,1028,960,933,953,946,874,907,855,1035,945,962,904,923,947,899,949,807
"2005885",1250,1241,1190,1095,1106,1083,1049,1039,1075,979,1052,1004,999,991,1036,980,880,943,916,918,1000,922,857,881
"1826864",1248,881,1109,1127,868,690,907,775,894,830,829,731,698,909,660,473,707,440,840,526,706,808,598,512
"2528017",1184,1248,1209,1167,1171,1114,849,1042,781,817,770,1052,737,765,745,745,969,821,970,814,661,1078,819,951
"43306",1217,1247,1114,1002,1025,1118,859,988,809,790,787,957,721,815,744,811,931,820,883,792,823,952,788,789
"451876",1246,1202,1106,997,1071,1008,655,1009,672,679,668,970,587,647,632,647,780,612,892,617,595,767,677,817
"1716143",1244,1238,1144,1091,1115,1136,877,1056,842,926,915,1031,826,800,845,932,1044,852,851,969,783,949,863,894
"1844971",1244,875,940,958,1042,761,364,1095,353,344,345,789,331,416,369,389,617,385,772,393,376,834,417,506
"2880932",1126,1244,1042,1083,1058,1123,831,1048,842,773,814,959,785,773,768,830,859,807,916,754,759,782,854,892
"2817475",1170,1140,1005,1148,1243,978,888,887,893,878,844,930,764,869,840,781,900,797,905,804,781,779,780,723
"2961939",1081,1242,1056,1098,1087,1142,1040,1042,1068,984,962,962,916,866,878,979,996,906,840,977,892,858,905,813
"1281578",1115,1239,1016,924,986,1031,836,957,772,790,707,883,692,762,767,758,933,747,875,771,721,860,844,808
"158787",1178,1239,1009,936,1027,1102,954,952,1044,939,939,910,818,830,855,904,951,862,864,925,786,866,942,806
"1477518",1238,344,615,553,1058,265,233,308,193,232,206,408,185,224,248,195,224,151,622,166,199,346,168,311
"1853690",1185,1237,1154,1189,967,1149,1061,932,967,941,993,997,836,878,877,963,962,872,891,916,886,850,947,811
"3075121",1172,1236,1199,1157,1077,1170,1151,1035,1042,1014,947,935,930,934,998,1001,961,1006,960,951,864,930,952,891
"520734",759,352,803,441,1236,372,174,638,140,154,170,397,124,135,146,139,217,156,684,137,140,492,136,278
"33008",1127,1235,1019,1064,991,1042,941,883,982,851,858,860,878,867,866,834,890,817,833,756,833,892,862,811
"3058420",1116,1232,1052,1116,1112,1210,945,966,864,857,854,990,786,763,803,824,895,791,928,849,817,930,907,812
"35814",1232,1115,1007,995,1027,981,674,990,696,656,660,899,637,685,704,695,877,738,853,752,694,884,789,754
"1118379",1153,1230,1059,1009,1141,1078,999,958,948,929,902,948,809,877,887,848,873,860,846,828,832,815,900,795
"1223514",1230,1196,1026,1085,1139,1061,1070,993,1022,1000,996,939,967,956,972,915,942,910,894,929,911,937,910,836
"1908",1228,1177,1076,1078,1031,1140,1014,996,989,1043,1012,958,853,996,902,991,973,889,879,999,910,863,906,877
"853",1228,1179,1111,1118,1014,1219,898,1038,917,827,842,1018,752,871,894,951,913,880,899,902,801,903,873,830
"125287",1175,1227,1201,1154,1185,1043,1131,1002,1079,1010,1125,964,1006,958,1042,885,947,937,920,904,918,804,838,710
"2782004",1136,1227,1150,1054,1087,1094,1023,1065,1028,974,961,891,899,915,957,846,933,898,907,920,878,897,847,801
"2862880",1227,1189,1108,1067,1157,1053,1047,964,1018,915,950,921,924,928,979,919,945,868,915,817,942,898,926,778
"2070337",1133,1226,1028,1002,985,1062,984,995,971,941,936,930,907,937,879,843,907,868,874,898,875,902,830,816
"679318",1226,1162,1064,1122,1027,1010,949,990,1036,986,937,966,882,957,833,844,900,886,882,840,852,896,818,810
"575200",1182,1225,1100,1081,1034,1124,1025,988,981,972,998,960,897,926,921,939,954,931,884,969,892,872,965,785
"2746",1224,1140,1086,1035,1083,1155,895,1000,856,880,829,1052,819,866,828,820,932,771,917,882,798,945,833,805
"88723",1125,1224,1093,1147,1024,1191,1029,999,1000,932,904,912,876,913,859,895,922,923,909,940,819,943,887,876
"1775881",1223,1154,1087,1115,1132,1178,901,1020,823,906,893,914,735,776,777,914,898,876,930,845,815,894,831,911
"2866311",1223,1191,1069,1014,991,1069,727,1116,724,718,677,1047,625,697,664,752,925,723,902,728,677,948,744,770
"2704465",1123,1222,1121,894,1181,1067,554,872,601,499,516,859,392,548,557,744,746,815,1014,771,534,943,672,1026
"92945",1213,1222,915,1079,1012,1113,722,978,737,710,715,981,665,661,665,716,897,668,817,684,602,884,733,778
"670516",1221,1208,1089,1091,1156,1121,967,990,1018,970,955,933,937,826,871,911,923,862,869,884,943,872,887,924
"2892442",517,403,502,368,569,1220,214,317,341,197,190,290,180,278,276,164,244,120,427,145,256,308,138,283
"274",1118,1219,1014,1098,1027,1085,959,980,953,909,954,1013,867,815,869,927,965,845,808,906,808,908,880,816
"2931976",1102,1219,990,1027,889,1075,940,900,907,937,895,899,736,880,860,943,873,838,781,816,840,847,796,747
"1644056",1147,1215,1055,988,950,1161,1093,978,920,994,967,949,969,942,916,1067,1014,923,846,984,788,895,1013,820
"1742989",1215,1168,1215,1208,1080,1002,948,947,991,849,1002,1004,797,933,853,824,866,848,922,857,919,953,873,776
"100225",1214,1200,1135,1164,1050,1089,996,1008,981,1022,961,989,984,1002,947,975,952,898,921,920,948,872,910,770
"2663121",1214,1136,1157,993,1124,1033,948,948,974,900,951,932,816,883,899,769,765,717,842,780,870,841,805,700
"2495594",1213,1163,1042,997,1033,1171,831,1042,802,825,790,1013,739,853,750,819,1009,845,806,857,671,927,917,889
"3015995",1174,1213,1126,1047,1167,1166,944,1097,853,863,916,1040,775,913,796,848,898,764,934,808,797,909,826,901
"106633",1095,1212,978,899,990,1074,769,999,756,774,726,996,696,826,718,787,938,709,874,780,703,918,783,797
"1695218",1211,1148,1077,956,1033,1080,826,984,764,805,752,946,730,828,782,820,875,727,851,847,762,865,820,825
"3041766",1120,1211,1105,1112,1105,1075,1013,1032,1010,956,1033,955,920,923,941,892,907,950,901,863,911,892,932,743
"2251",1085,1208,1148,1021,1059,985,964,931,952,871,882,922,880,829,806,897,939,1011,859,911,791,852,941,763
"1411621",1104,1207,1019,1031,1071,1030,771,893,840,789,814,902,757,792,756,895,841,839,835,921,774,905,838,856
"162496",1205,1116,1092,1057,1206,1029,971,923,963,936,933,901,853,836,894,833,860,852,844,803,854,884,758,742
"33010",1171,1205,1044,1106,1036,1024,1048,911,976,966,934,939,859,965,846,860,903,849,860,881,844,874,912,743
"2583532",1204,1141,1059,1055,1166,1168,839,1078,772,835,806,977,698,688,725,777,798,716,949,773,670,821,771,858
"1453760",1203,1195,968,1077,1061,1148,984,941,912,941,900,883,841,847,862,872,951,930,835,928,826,844,845,807
"1748965",1131,1203,1060,1051,1044,1147,885,1000,835,818,807,978,699,874,818,831,1002,834,910,893,780,964,967,872
"2850561",1126,1104,1014,1052,1203,1048,953,995,1009,935,892,925,846,871,886,892,872,836,837,809,813,923,787,750
"61647",1104,1202,1016,1007,1063,1041,826,1023,737,788,783,926,690,741,729,733,853,757,860,767,712,858,781,811
"292800",1200,1158,1077,1073,1060,1049,949,958,902,972,894,972,823,870,844,893,945,866,851,898,773,861,938,816
"2953890",1173,1198,973,978,955,1113,727,967,721,772,736,870,639,714,722,788,848,665,844,763,719,890,818,745
"2691417",1038,1039,1197,1067,1176,935,787,968,831,743,697,1023,708,746,713,557,777,537,959,562,735,972,653,844
"2930049",1197,988,1115,1008,1127,865,976,1001,919,939,960,919,948,917,901,771,730,718,761,766,811,769,707,745
"1198301",1165,1196,1008,1004,947,1091,957,883,976,909,964,943,919,890,948,884,978,933,875,858,790,843,832,802
"1872084",1196,1129,1124,997,1153,1070,826,1036,754,743,752,986,698,750,702,680,825,656,970,662,724,924,719,898
"104087",1195,852,1036,711,879,734,548,702,495,488,497,686,448,507,486,509,592,489,773,465,456,748,502,724
"2587847",1195,1174,989,1155,1150,1089,887,1022,872,838,772,1007,776,815,783,875,903,850,977,852,794,955,797,838
"1853699",1109,1194,1040,1125,1112,1129,1058,974,898,966,969,938,927,927,910,981,985,965,883,945,864,914,887,759
"393765",1153,1194,1018,960,1056,1011,784,995,759,760,708,945,638,751,809,759,951,717,869,761,769,919,721,787
"980251",1133,1194,1046,1077,1050,1062,756,1048,671,671,712,1003,578,684,706,727,1006,714,876,764,676,921,814,842
"1851",1193,1170,1033,1107,1047,1183,1177,1035,1003,1070,1051,995,990,1016,1059,982,882,916,840,916,946,827,821,776
"78331",1143,1192,1112,1128,1009,1131,943,961,945,934,924,898,849,912,942,864,905,839,820,881,864,773,744,724
"81475",1190,1144,983,907,1058,1046,688,932,672,722,693,884,616,686,651,702,769,643,892,647,612,815,628,774
"1930277",1091,1187,1042,1004,997,1048,707,918,668,710,729,898,647,697,709,678,931,689,829,727,655,934,776,838
"571177",969,1185,892,938,886,1027,740,871,718,747,801,818,617,705,671,807,874,770,811,747,692,803,779,733
"651143",1119,1179,1184,1001,1175,1149,779,956,766,744,752,1014,682,797,679,750,945,722,880,825,748,990,818,854
"2698684",1071,1183,957,885,883,1000,654,1041,574,590,575,965,527,643,620,590,932,619,868,622,603,814,650,742
"2898441",1183,1122,1087,1035,966,918,668,952,680,610,675,779,547,635,621,596,663,612,945,562,551,821,646,659
"59779",1183,1034,994,961,969,993,827,904,765,748,791,873,681,717,717,755,817,696,794,696,625,768,679,689
"533",1181,1151,1129,1122,1136,1153,851,1033,787,832,794,995,754,778,765,816,939,787,916,760,736,896,810,905
"85016",1146,1153,1118,1075,1052,1023,1181,999,973,1000,995,779,900,956,976,901,866,824,801,916,890,843,817,832
"2925841",1180,1129,1047,982,1126,1009,708,1028,625,690,667,931,627,640,685,725,777,526,796,626,610,840,681,799
"57497",1049,1179,1037,1106,1023,1178,987,1003,910,891,890,1017,845,838,848,866,967,893,868,892,824,848,913,779
"1768108",1156,1178,1053,976,897,1094,852,976,870,834,968,961,839,836,825,886,954,872,838,851,850,833,882,791
"2306583",1178,1068,989,904,948,946,580,889,597,581,591,728,484,633,599,549,727,532,674,545,533,757,610,659
"1331910",1029,1173,967,1036,970,1036,684,930,704,738,730,917,629,698,686,665,941,685,823,719,633,838,734,828
"1537215",1112,1148,1172,1011,1020,1138,934,1057,856,833,830,1064,782,792,804,806,943,881,883,844,806,906,805,828
"2505979",1172,483,552,458,1015,488,334,504,311,288,263,617,271,288,301,320,358,286,799,289,326,562,352,306
"2587855",1172,1133,1056,979,1037,1080,872,1045,858,833,818,931,746,775,779,752,811,751,856,756,736,860,797,815
"2823875",1170,405,460,360,1012,439,280,470,272,278,257,618,238,280,283,252,294,268,784,260,262,499,261,271
"564137",1170,1151,923,1018,983,1048,795,974,769,797,750,926,763,771,763,778,818,743,840,743,629,875,876,833
"157783",1169,995,938,807,948,899,681,887,677,630,666,757,609,614,620,632,724,603,730,617,637,813,699,609
"2904243",1162,1169,945,1056,965,969,987,946,955,947,891,862,916,827,836,944,926,875,864,882,819,827,796,733
"1806885",934,926,911,824,1168,826,660,909,541,606,662,898,557,539,551,551,580,446,861,491,497,829,480,592
"2846775",1072,1168,1131,1057,1097,969,893,955,851,877,900,929,742,919,866,851,822,763,871,791,776,898,816,761
"1282737",1115,1167,1066,1014,985,1059,861,981,982,935,969,890,856,916,935,884,942,850,817,907,809,878,861,785
"2931975",1080,1167,1005,954,1019,1060,951,954,861,888,916,877,804,860,873,860,891,858,864,880,826,840,911,798
"2733487",1166,1149,1056,998,919,1036,802,1009,807,747,788,933,710,816,825,842,901,874,833,757,737,853,807,755
"2831968",1088,1166,1066,1035,1041,1014,1012,967,956,982,1017,917,887,909,940,903,859,846,837,874,845,792,830,731
"420402",1165,1166,1066,1114,1076,1096,740,894,716,781,722,945,699,692,706,766,822,746,872,764,736,866,793,737
"2763071",1130,1165,991,936,1008,1062,749,885,662,722,719,899,659,724,653,789,886,719,747,739,716,886,840,820
"2838237",1093,1165,964,895,824,1142,710,967,695,616,667,1013,640,781,731,690,858,747,771,677,712,847,768,827
"2058657",1164,1096,1093,1057,983,1027,984,932,956,991,875,956,813,854,817,827,867,843,890,795,814,843,852,759
"2911520",1154,1163,1028,1001,1008,1136,800,914,768,683,706,918,624,737,735,772,883,735,872,774,695,933,871,742
"29288",1163,1063,1074,1001,967,1021,896,915,896,900,916,931,814,893,780,831,925,795,825,869,779,860,832,768
"37930",1163,1141,1044,1069,1050,971,891,961,866,927,864,986,809,808,789,827,850,883,802,824,824,824,795,726
"150123",1155,1162,1071,1092,1136,1087,1005,951,1004,925,929,901,856,907,913,855,866,847,819,880,890,860,763,895
"2886938",1162,898,1010,1077,1088,827,786,866,742,785,777,1002,703,648,745,619,769,588,919,575,669,771,569,610
"28901",1161,1137,1059,960,1106,953,790,988,736,722,732,958,622,694,746,745,901,765,862,779,669,858,751,822
"2560010",1160,1139,1002,1065,945,1084,993,967,1001,1006,960,922,907,958,895,955,895,941,934,925,835,842,826,686
"869889",1070,1158,976,1014,955,1074,899,889,859,872,882,900,809,815,832,868,904,852,743,834,765,801,876,744
"1727",1157,1105,1058,1056,1011,958,968,981,1030,844,927,889,918,912,888,881,919,892,818,865,854,850,850,750
"3031727",1157,1145,1000,946,951,990,845,970,799,724,806,914,760,713,698,714,847,777,795,766,687,789,778,757
"56459",987,848,973,736,1156,902,586,878,548,508,475,843,496,592,579,452,569,522,803,478,502,837,507,729
"1873716",1120,1151,1106,1058,1135,1137,750,1026,837,797,759,1016,731,746,803,775,946,804,929,792,780,904,813,879
"2161816",1139,1151,1078,964,1021,1099,1013,957,1000,982,966,876,843,944,925,912,945,857,795,836,924,879,845,783
"2699430",1014,1149,994,906,892,957,725,836,723,695,708,929,640,779,668,726,804,711,802,731,685,845,763,732
"3049801",1132,1147,999,1049,1101,1056,1056,983,905,936,905,938,867,978,930,952,909,836,867,864,809,847,917,806
"33887",1147,1131,1112,966,1064,1062,869,996,968,954,939,909,892,894,830,832,851,863,881,841,857,820,788,713
"652",944,1147,855,834,876,840,708,862,697,675,678,801,628,619,661,686,685,669,702,660,640,707,651,717
"2508289",1146,1126,959,877,930,1019,711,950,719,712,618,802,570,733,634,759,805,683,783,716,669,858,717,713
"93222",1146,1074,883,898,936,900,668,889,652,647,607,825,598,716,597,626,795,640,785,690,577,819,697,697
"43356",1118,1141,1116,1073,1037,1130,1145,1025,1051,1116,1009,859,952,1032,1030,957,871,961,900,971,900,853,872,838
"3061629",1082,1144,1018,995,985,1033,1009,884,983,925,958,907,889,888,873,870,886,773,814,876,815,783,803,734
"2819280",1096,1142,977,868,995,1106,794,977,755,709,702,984,616,707,763,671,913,720,837,727,702,935,733,834
"2756133",1141,532,564,372,688,425,295,492,344,305,283,384,292,362,366,298,353,253,484,302,438,422,292,452
"511",1141,992,847,842,1010,865,639,945,631,593,597,806,563,616,552,531,712,581,735,575,651,805,584,738
"2812658",1015,1140,1041,997,1056,1043,839,919,730,784,764,900,736,741,744,722,773,707,821,709,719,833,806,745
"563172",1003,1016,1044,734,1122,1139,262,929,301,270,242,993,205,301,281,266,573,234,1060,315,297,1047,395,963
"521",1137,1133,954,791,1003,1006,687,901,685,691,651,835,574,750,649,673,866,710,842,697,620,828,739,725
"2116510",1106,1101,1074,1090,1135,1003,939,974,962,955,941,962,822,916,929,879,951,859,880,877,863,891,891,801
"283878",1121,1135,1033,987,1087,1082,959,918,931,890,979,966,840,821,844,818,893,809,834,829,880,839,812,791
"28448",1056,1135,1056,968,988,1014,852,956,768,753,810,863,642,731,770,798,873,725,825,767,683,795,716,746
"3068341",1135,806,818,809,1032,715,351,1076,339,324,346,711,301,388,339,371,594,385,731,385,362,784,411,525
"352858",1135,637,524,407,522,489,158,330,136,101,121,341,101,92,95,81,272,86,416,132,99,417,129,440
"2963433",1080,1134,963,1051,884,1105,976,937,845,853,879,892,858,858,841,848,841,858,805,837,777,840,872,734
"43617",1057,880,1014,905,1133,895,626,986,660,584,603,886,550,587,596,544,643,509,865,522,536,785,612,766
"1299",1083,1121,1044,1022,1011,1132,945,948,868,862,851,990,749,869,803,804,939,879,868,779,817,879,813,779
"1578165",1036,1132,935,896,983,1007,903,941,907,872,854,863,739,817,800,827,863,799,760,753,831,804,729,884
"1652545",1132,894,979,900,988,857,787,810,826,822,746,911,703,729,721,757,726,679,732,710,670,772,737,675
"1890424",1132,1057,998,1060,951,1087,874,938,810,903,800,917,789,816,804,923,951,787,791,901,804,893,861,786
"332158",1132,1045,1085,803,1016,1046,568,809,653,589,605,785,533,581,602,633,755,590,866,612,546,805,606,788
"550",1132,990,902,783,907,797,638,751,627,590,582,725,571,579,585,620,627,600,722,615,574,788,628,677
"1335757",1084,1131,912,923,959,1055,780,923,715,731,749,928,681,782,733,639,813,705,849,718,674,845,702,809
"881",1130,1050,938,940,922,1035,777,895,747,765,702,957,689,731,764,844,858,839,775,798,777,770,821,722
"164608",981,945,983,819,1125,859,594,905,553,575,537,791,461,564,559,520,650,463,842,596,537,659,480,644
"2987689",1016,1124,945,997,898,960,829,845,747,842,776,803,737,740,680,798,830,736,826,753,729,770,792,762
"2081970",1123,1035,786,838,859,934,656,831,661,648,631,762,582,631,597,625,755,651,694,653,562,747,663,651
"216851",1123,1045,1066,1002,977,968,847,955,834,877,786,930,779,790,756,835,875,763,822,814,771,872,841,750
"2072413",925,843,1017,743,1121,1013,577,829,608,601,529,691,543,566,540,528,578,541,816,571,566,838,498,751
"58346",984,1121,1120,986,1012,1058,983,961,946,1051,909,901,896,858,936,934,869,868,779,866,824,828,874,811
"2796927",1109,1120,922,986,901,1069,834,875,808,864,845,860,736,767,728,814,879,831,714,890,732,893,884,789
"324057",1120,520,540,483,509,559,315,555,260,276,299,427,302,282,258,307,406,274,442,313,274,489,306,508
"3029084",991,1119,899,878,861,908,787,834,741,761,720,883,647,673,669,744,806,713,749,772,695,776,732,653
"2879427",1099,1118,999,1065,1012,1012,1012,882,878,931,874,867,895,845,832,805,764,884,861,823,819,781,853,731
"2759954",950,874,909,872,1117,859,570,978,460,559,494,889,470,503,470,456,625,383,799,442,459,647,449,626
"2494550",1052,1116,1028,955,1100,1068,892,906,851,840,809,951,722,752,771,773,917,800,893,760,783,879,822,869
"1547898",1029,1115,877,968,927,976,995,778,922,837,830,816,759,793,758,829,882,772,723,813,753,736,832,701
"1207075",1114,221,302,174,283,171,132,194,113,105,122,163,94,115,128,127,153,98,251,104,116,248,142,173
"1547448",1047,1114,923,901,957,867,877,835,864,802,817,781,802,813,783,787,806,832,670,769,710,803,784,780
"2713573",556,208,382,148,402,601,111,222,97,94,98,197,79,116,104,78,142,66,228,58,94,201,86,1114
"1637853",1113,1085,887,885,955,1064,776,896,695,666,692,833,667,702,745,816,813,704,793,701,710,826,720,702
"2949993",969,1113,934,1049,961,1018,974,928,900,892,850,889,803,795,862,929,790,782,785,806,792,841,799,767
"1382803",1111,1078,924,890,922,912,704,915,644,707,606,786,607,686,629,690,843,684,757,691,646,790,731,714
"2876939",1046,1111,1013,1002,1033,991,1056,892,903,892,950,864,855,805,851,836,852,808,805,848,825,795,795,774
"2881056",1111,1079,1019,1089,1038,1031,922,920,881,918,830,888,815,851,880,808,889,828,821,827,774,859,898,691
"959",1110,815,875,866,936,725,499,891,458,421,447,825,366,441,437,420,533,382,800,431,420,755,475,534
"901",1109,1109,942,992,936,1033,892,913,826,842,766,865,669,761,744,807,851,804,838,777,733,840,875,744
"2028345",1107,999,875,814,885,915,650,870,586,636,557,847,516,676,641,576,719,524,745,583,620,831,534,636
"2708079",1092,1107,1093,1035,1029,948,927,894,854,909,877,867,701,840,830,767,808,751,885,735,758,857,756,791
"2079536",1106,1085,926,947,933,991,927,893,919,965,872,847,856,858,843,775,839,802,797,848,741,756,833,725
"2782674",1106,1063,914,924,901,1083,708,927,696,678,632,942,597,733,706,623,714,699,723,630,625,796,711,796
"29543",1071,1105,1015,1050,1009,1086,829,827,747,780,769,934,658,773,819,824,975,816,811,874,733,842,918,860
"95300",1105,700,749,637,734,588,425,586,397,425,427,557,375,406,415,429,534,454,634,396,416,612,466,449
"1434011",974,1104,901,998,902,993,733,864,713,723,699,877,650,670,632,702,780,730,837,678,691,802,746,788
"1967501",1104,967,909,804,1088,898,663,894,555,644,553,787,518,610,579,584,721,548,781,586,527,750,586,872
"3052086",1104,1060,1061,1067,1036,1082,966,916,988,947,956,878,774,950,875,813,937,896,881,880,779,842,719,726
"3068275",1103,1089,953,1024,1014,1017,884,973,861,992,903,888,816,790,782,832,932,852,806,911,744,844,865,742
"349751",1103,1028,995,984,1079,978,989,884,888,944,888,926,843,840,849,875,815,815,844,842,806,782,829,822
"1637862",1101,1070,954,910,930,1061,765,884,655,698,686,865,681,771,662,681,851,723,788,636,663,816,731,667
"2527968",997,1100,975,1007,959,926,654,914,671,704,645,843,573,659,629,587,832,603,796,636,553,839,718,757
"1499392",1098,1061,992,880,918,960,677,966,686,607,638,849,585,735,683,668,864,622,807,705,656,874,742,686
"2675878",1098,1091,969,905,949,996,755,874,737,746,752,900,652,709,705,726,849,705,755,685,688,843,735,781
"1758178",1097,1006,910,862,915,889,766,891,674,720,671,847,638,668,658,690,790,681,769,651,637,745,712,738
"56450",870,707,828,720,1096,805,519,780,548,510,520,760,507,533,543,455,493,436,749,451,507,770,478,667
"1436290",1095,981,864,925,1037,895,576,1015,592,545,596,840,478,587,498,574,754,602,782,580,617,828,538,594
"2758038",1029,1095,926,1049,925,1027,867,887,769,756,821,840,769,748,763,766,796,713,751,762,719,823,691,811
"299262",1095,1039,902,903,985,984,775,910,734,705,700,801,720,686,748,704,812,710,759,704,684,781,703,712
"639313",1095,996,940,903,965,926,871,851,863,770,804,828,760,779,727,796,830,721,734,723,710,847,751,711
"2008795",1094,1073,933,845,879,947,633,888,715,611,670,879,584,703,703,638,814,678,763,674,691,888,782,721
"1795032",1075,1081,1043,969,1091,902,934,893,914,883,842,826,857,803,793,829,837,783,782,769,759,856,709,818
"2752515",1067,1090,1019,871,1009,1085,855,897,798,739,792,865,756,761,724,709,743,740,926,722,766,891,694,902
"758782",1090,1046,965,880,941,967,681,938,653,684,652,826,578,684,642,656,809,690,771,707,642,758,682,725
"1586233",1035,1089,1005,983,947,937,888,966,883,890,898,899,762,827,819,820,893,786,765,889,745,852,784,819
"296",1089,908,876,826,989,849,607,767,544,597,566,761,508,625,511,584,697,540,744,624,564,803,613,643
"361111",977,1087,912,947,809,1068,773,859,699,679,670,785,623,686,639,748,917,789,796,730,655,829,871,737
"1961713",1082,1085,1070,1045,998,1050,989,936,937,900,922,898,859,920,874,871,896,897,849,808,840,753,781,776
"1121358",1014,1083,996,907,968,916,894,813,874,887,883,882,790,798,836,820,810,761,707,802,771,803,766,713
"1830",1030,1054,1083,1063,1024,948,963,953,1026,953,951,889,885,906,878,858,806,805,736,834,843,873,811,734
"879",1038,1083,898,887,944,929,753,875,687,768,745,851,675,756,703,752,728,714,737,741,634,843,775,693
"2775080",1082,987,884,987,913,959,724,927,693,722,677,811,650,725,668,667,780,643,841,662,662,749,664,727
"265976",1062,1052,1081,1060,990,979,983,883,1005,1039,1024,912,863,876,916,886,771,860,778,816,860,787,787,714
"2678258",1081,806,894,736,916,782,561,668,596,557,510,695,470,564,489,560,602,553,730,493,522,792,553,561
"2886935",1081,988,960,909,1002,819,732,831,779,766,825,805,716,749,723,702,680,661,771,684,709,746,687,674
"178339",997,1080,915,961,973,1000,852,879,750,859,771,787,742,714,732,762,782,733,696,740,699,720,780,689
"203135",986,1080,1058,1041,923,950,958,896,933,889,865,837,757,853,896,830,924,864,823,797,768,829,863,734
"517719",1080,1073,977,991,985,997,789,950,837,803,783,842,700,714,752,718,821,696,836,743,725,786,691,783
"1401995",1016,1079,997,925,948,873,893,850,874,901,853,807,689,749,776,787,797,780,813,760,692,763,766,716
"2587842",1079,1051,957,981,955,999,801,911,750,743,799,823,709,736,742,743,776,754,821,763,770,823,802,746
"2866808",1079,946,940,795,828,897,555,749,572,593,538,768,525,586,572,599,614,558,803,565,602,783,604,620
"2747268",865,607,773,569,1078,576,279,556,299,279,269,478,250,322,321,269,368,253,658,314,321,558,299,791
"321846",1076,463,468,432,531,396,340,421,317,295,308,379,302,346,351,274,332,335,359,297,267,342,299,325
"1552990",1075,988,922,908,867,893,891,869,785,857,750,754,749,810,739,800,819,699,778,770,677,775,756,623
"387343",1038,1075,1000,949,912,972,921,875,808,920,850,834,760,828,802,823,860,793,754,784,755,752,774,670
"2806263",1074,1012,852,794,927,851,620,888,597,542,668,793,585,688,616,654,769,637,734,618,652,761,665,662
"507626",973,1073,900,869,932,958,697,879,707,669,661,842,625,649,677,632,768,679,759,616,631,754,617,686
"81032",1073,1069,923,920,1033,1021,761,907,743,736,716,927,633,707,622,797,876,660,810,707,601,877,680,838
"2480625",1072,1033,952,958,970,883,914,872,797,780,779,867,769,782,790,780,738,787,788,745,765,735,743,690
"2748080",1072,957,923,871,918,802,669,906,678,641,649,802,573,639,684,585,717,599,782,599,597,709,670,644
"2152891",1071,940,850,723,847,811,561,780,574,529,521,739,486,511,540,596,714,533,692,533,515,745,593,576
"182210",954,1070,837,911,881,908,739,870,746,729,696,766,626,699,647,752,790,704,695,758,614,787,728,684
"2964616",1069,843,893,899,983,743,720,720,672,654,649,818,622,645,648,599,675,562,757,590,608,723,578,607
"63561",943,1069,973,854,891,971,716,911,728,699,702,867,668,691,663,795,921,706,736,780,689,805,802,725
"2739057",935,1067,870,898,895,904,885,789,858,837,766,804,756,767,704,768,806,791,683,754,709,753,732,672
"2902623",875,1067,822,880,865,861,836,814,734,818,727,755,717,795,753,807,776,791,710,806,715,667,748,677
"699433",920,1067,876,912,902,883,873,804,779,832,781,829,759,808,769,834,810,786,743,782,759,768,783,633
"1851505",1038,1066,961,1012,942,1051,883,909,821,858,813,897,765,786,791,847,928,814,791,776,657,877,847,726
"2509675",1065,1049,895,986,853,1024,867,889,792,807,755,886,657,754,630,798,922,774,676,736,670,759,828,772
"461393",1065,1058,1064,1011,924,987,904,881,855,892,874,913,801,865,817,793,867,867,778,873,788,831,807,717
"1655",1058,1033,1064,1025,1010,939,896,935,866,856,860,838,805,834,839,844,830,809,765,811,750,837,736,718
"2017482",1063,889,843,904,931,958,756,904,702,710,740,809,613,654,624,651,805,685,752,664,607,760,714,702
"3039160",1017,861,666,758,690,1063,312,853,257,280,285,737,300,290,294,310,464,251,608,290,268,545,293,491
"3029060",1062,796,742,590,613,638,422,681,415,445,450,593,383,431,437,463,549,427,624,425,402,610,470,436
"3042299",1062,1001,917,922,974,1014,684,944,714,703,764,903,636,660,692,727,758,661,769,784,635,781,640,725
"192389",186,210,90,88,130,1057,46,98,32,38,51,89,25,61,42,35,116,33,119,38,40,112,39,396
"658446",1025,1056,949,922,981,955,785,920,729,773,825,813,657,750,613,656,707,656,783,681,618,810,663,702
"1833",758,800,712,747,699,694,635,621,629,583,647,611,553,577,552,519,612,487,541,526,520,611,616,1055
"3040943",1055,1026,902,840,918,969,679,920,651,701,617,853,631,691,616,659,794,664,812,622,637,811,708,767
"31963",1032,1035,1054,1017,986,881,913,918,911,899,866,904,857,846,819,852,858,827,757,819,798,815,760,774
"913107",1053,989,834,826,730,1000,712,757,706,724,700,791,612,644,616,729,906,729,604,702,559,654,808,737
"72274",987,1052,896,928,950,910,658,925,610,597,671,797,510,604,605,603,828,641,832,590,569,842,629,719
"2511069",978,1051,906,908,894,972,840,830,769,740,775,844,689,715,672,749,828,746,753,779,644,731,726,755
"2518599",1050,996,875,845,800,886,654,796,617,627,600,758,521,612,660,589,762,618,710,578,610,766,608,641
"68909",1050,1019,931,984,894,967,782,866,870,786,845,855,669,769,708,723,782,750,796,811,710,758,739,724
"816",1050,1010,996,832,1037,960,512,929,474,423,477,845,363,518,454,458,668,483,751,541,474,816,573,839
"255984",831,851,880,760,1049,818,589,799,532,542,626,771,525,589,592,459,603,423,787,459,512,667,472,619
"2583822",975,971,1049,845,977,914,856,890,811,803,779,823,654,766,764,727,720,759,795,654,718,792,681,743
"3026418",983,802,866,825,1049,788,510,964,494,536,506,905,469,492,484,446,601,426,759,436,491,641,459,651
"189691",1031,1048,851,816,875,891,674,790,676,689,640,760,601,645,597,698,826,654,737,676,636,714,674,690
"196013",1046,840,702,797,615,651,230,932,219,219,220,693,193,239,247,252,557,279,600,270,241,621,264,396
"118613",520,176,328,142,1045,305,94,117,79,80,74,114,66,129,133,77,112,62,217,49,106,239,66,296
"1108",1023,1044,877,898,841,1027,851,931,714,771,737,837,662,727,618,771,845,797,662,761,653,727,729,792
"2909283",989,893,987,845,1044,930,595,971,536,602,600,961,533,543,568,539,753,511,812,470,453,692,548,717
"1850093",943,1043,898,892,916,1003,737,837,666,690,660,821,700,685,652,724,795,712,824,749,661,773,711,735
"1938604",1035,1043,875,884,856,904,655,796,679,636,659,764,588,645,608,640,837,615,791,670,635,749,669,692
"2026885",1043,927,814,955,744,903,735,794,688,759,776,718,659,712,706,692,835,746,630,722,677,728,780,653
"229731",1005,1043,978,916,860,933,838,802,820,792,797,834,806,721,763,745,786,777,722,753,666,776,756,695
"2498848",1043,620,803,541,803,592,416,625,386,428,395,543,319,420,387,401,485,352,579,398,366,593,391,433
"2909339",783,527,694,428,1043,564,219,509,239,196,203,403,161,229,261,211,271,182,612,209,219,503,243,620
"1434191",1031,1042,927,836,954,978,746,829,726,724,734,935,637,658,667,690,790,690,807,668,672,833,714,740
"28232",1019,1041,925,956,925,946,798,798,720,725,741,786,695,731,706,750,882,747,748,745,680,749,788,716
"2867016",1041,909,899,887,872,875,777,868,723,740,710,825,652,688,636,690,729,674,675,649,638,713,652,664
"2806442",1040,902,915,923,924,872,865,741,778,838,721,758,756,741,689,732,751,711,760,682,753,705,682,714
"2860285",978,1039,1000,1017,913,1018,888,878,911,904,899,783,822,759,867,881,837,818,715,857,853,830,689,735
"1851395",952,1038,919,868,936,924,893,823,932,800,780,758,748,752,813,810,810,741,766,782,733,717,717,614
"2916410",1003,1038,953,878,851,969,801,868,667,724,683,785,644,710,652,770,818,770,684,751,636,781,833,669
"304378",825,820,824,720,1038,694,511,747,458,511,485,750,502,442,492,471,522,425,762,444,444,570,383,527
"358099",988,1038,894,862,911,878,769,847,801,809,776,798,726,771,776,789,823,754,713,675,687,686,703,638
"2721243",990,1036,969,968,984,945,829,901,827,758,818,814,794,824,808,687,744,714,797,736,774,720,686,644
"2782660",1036,872,786,858,755,891,598,809,560,523,572,746,542,523,545,608,614,537,618,561,576,635,530,682
"2835531",1036,787,822,800,962,835,812,759,838,811,811,716,720,746,758,650,607,653,684,644,678,676,624,612
"2867020",986,1036,839,881,836,931,712,779,639,739,686,785,623,637,681,645,705,681,688,666,637,723,694,671
"1463165",957,1035,859,869,840,1005,688,860,632,707,654,840,627,712,580,703,784,718,679,651,628,756,699,646
"3048007",1035,1013,884,951,923,925,770,844,757,689,692,800,695,697,743,677,764,710,718,703,644,722,686,698
"81",886,1035,811,783,804,899,619,823,623,565,598,810,574,579,614,596,741,576,641,578,589,659,636,837
"2871174",311,235,395,198,308,356,147,209,156,140,140,215,130,155,153,125,162,122,481,139,168,228,124,1034
"76760",1034,824,834,694,832,824,566,774,583,549,536,663,489,537,563,534,626,484,707,547,547,707,559,603
"2705472",1033,970,909,854,1028,894,680,880,662,633,566,792,599,662,560,649,669,556,781,575,606,709,682,644
"392610",934,890,844,734,1033,773,517,872,454,525,511,814,463,498,472,449,561,454,747,456,456,637,443,620
"2231055",1032,958,815,749,846,891,599,866,598,552,614,711,496,632,637,581,762,631,771,574,619,713,593,620
"604330",922,1031,894,872,880,924,815,843,734,775,731,791,702,726,666,748,852,738,706,740,701,809,753,693
"1637869",1030,984,904,777,845,990,649,845,629,630,587,791,547,650,595,643,795,630,767,643,556,744,636,705
"2866592",1030,744,733,489,508,478,365,492,421,370,357,443,330,336,350,364,325,334,420,370,317,415,362,367
"2883205",1030,921,870,792,829,813,579,722,527,555,585,623,477,539,623,531,585,536,715,509,534,660,533,608
"289370",1030,772,795,811,790,764,595,773,574,590,579,813,531,533,516,519,671,512,717,538,519,718,524,595
"538949",925,1029,843,828,833,854,698,800,682,696,722,737,606,647,705,721,698,707,713,695,674,658,718,710
"1883414",915,1026,846,784,921,912,686,876,680,706,653,823,648,655,628,609,722,670,798,659,704,729,655,666
"2527691",1025,835,751,757,1026,675,379,950,358,400,395,625,305,320,346,361,506,340,664,370,317,753,362,394
"2968969",994,1024,892,841,840,948,663,911,724,688,664,818,672,700,635,614,785,631,849,671,599,747,732,694
"1529068",908,1023,945,913,961,947,768,851,763,703,694,802,644,689,623,691,692,664,701,664,698,666,635,669
"52022",917,968,867,911,867,1023,794,815,745,742,761,821,620,738,700,744,826,752,723,797,666,786,813,684
"122",919,1021,908,788,888,917,580,883,625,558,568,753,618,591,658,589,912,593,751,583,533,773,657,777
"2859226",992,1020,957,875,908,922,830,870,851,773,789,831,787,809,747,764,881,755,786,746,803,783,718,745
"1632865",952,1019,864,842,968,897,605,716,581,631,599,803,523,575,525,586,838,541,748,619,575,832,679,741
"74033",998,1019,805,809,873,947,681,839,710,705,723,747,589,670,627,762,795,658,739,685,660,708,613,744
"2080740",1018,990,916,1012,844,896,851,856,838,811,815,829,746,765,747,783,825,722,702,762,755,693,779,675
"1325111",964,1017,873,846,816,1001,615,892,625,662,597,846,577,690,612,611,741,602,732,610,621,702,630,689
"2918527",1017,888,830,782,875,959,487,817,540,463,474,737,414,485,445,481,600,444,690,451,433,595,515,697
"20",815,1016,721,659,830,945,479,792,460,489,459,693,449,412,462,533,554,443,694,448,443,691,406,668
"28099",1016,852,870,750,879,893,542,776,515,491,508,715,461,511,482,468,665,514,608,463,491,643,470,611
"3026423",969,785,716,786,1016,796,516,870,443,431,448,868,409,449,449,368,589,410,737,415,413,585,415,555
"376170",1016,1006,885,958,955,991,914,859,801,883,878,816,780,851,775,886,837,808,711,799,755,724,808,703
"3031996",967,1015,929,892,863,952,938,849,835,821,830,784,754,806,739,837,803,778,783,717,719,813,806,666
"947919",898,1015,825,760,788,913,660,833,638,661,644,773,586,609,596,623,777,674,730,641,633,787,738,750
"1860122",944,1014,944,843,912,876,608,857,668,609,577,845,552,647,676,620,679,577,781,612,536,730,589,625
"2712698",1014,1013,921,882,915,999,720,803,680,657,680,911,626,681,656,651,781,641,759,665,650,728,648,740
"2830842",984,1014,891,785,865,886,626,878,637,605,609,772,531,672,600,605,753,571,736,610,559,779,642,619
"2861288",1014,923,977,913,941,878,860,816,787,752,810,743,749,828,719,742,709,768,738,658,666,692,696,740
"529",614,413,697,388,606,489,335,469,332,313,324,339,283,308,311,320,326,264,426,295,282,503,304,1013
"2039234",889,1012,794,897,818,892,827,809,776,790,782,757,757,765,760,769,788,758,693,707,681,683,743,704
"2877939",1012,925,837,809,765,869,564,806,595,579,545,724,516,571,515,524,719,572,724,589,557,678,591,613
"518753",1012,743,917,572,779,630,138,936,171,112,120,574,116,129,122,127,464,146,668,155,133,637,156,468
"2731681",971,1011,843,793,837,702,558,798,560,520,493,661,437,539,504,485,620,517,812,493,543,722,516,531
"216816",901,1010,843,906,898,967,815,878,732,780,741,809,704,699,687,737,784,736,812,742,734,779,666,671
"2782678",1009,989,889,847,872,959,628,867,661,694,633,868,612,602,611,640,721,594,746,676,576,716,668,735
"2707525",955,1008,883,786,903,797,446,1003,479,460,436,760,383,410,430,447,731,461,771,458,438,804,475,634
"2807626",1008,563,450,564,517,438,292,513,281,261,247,420,258,268,255,256,383,246,369,312,268,356,274,251
"2895486",1007,535,715,412,663,481,349,497,350,301,306,462,309,329,350,318,410,298,538,316,313,616,303,395
"3064288",1007,993,964,894,1003,887,739,823,863,756,766,780,681,748,720,743,701,726,680,727,659,737,703,668
"2697563",1000,1005,979,895,917,896,900,901,872,817,858,876,811,792,850,813,790,782,826,774,767,827,757,713
"291594",972,1005,931,870,872,844,918,831,843,871,890,744,848,785,865,766,660,776,676,710,773,679,676,603
"195913",927,1003,821,786,861,847,727,834,649,683,678,759,614,645,582,618,759,665,674,701,596,656,651,685
"2704463",1002,985,818,787,773,854,647,806,633,626,623,753,568,639,556,602,753,629,631,619,565,727,654,643
"2710758",896,1002,695,786,715,985,638,836,556,568,578,958,514,549,507,551,829,551,564,591,493,585,709,699
"3028711",931,1001,847,857,796,926,858,787,848,824,797,780,734,699,735,819,683,809,739,706,694,710,654,656
"2867236",799,876,812,712,997,756,670,767,550,580,593,850,530,538,538,440,542,424,787,419,555,677,444,635
"2894187",996,878,859,942,893,730,746,785,683,681,642,862,643,663,618,619,627,535,769,545,647,716,559,629
"163359",953,995,852,796,815,820,714,825,694,612,615,806,560,650,618,638,818,642,734,624,613,750,636,669
"1881069",837,812,821,681,994,773,529,980,504,530,534,791,511,494,520,501,653,492,689,500,446,729,492,643
"2718938",993,859,978,795,939,835,582,841,545,531,545,712,447,518,471,484,634,504,740,492,504,619,507,705
"1048396",984,983,879,992,858,945,825,895,769,814,757,786,735,780,751,748,832,780,722,781,649,760,742,692
"2874628",992,832,846,622,822,733,550,699,521,499,510,655,451,466,502,529,600,488,648,501,474,665,499,531
"297",820,992,788,707,790,849,593,712,606,631,625,668,500,625,589,646,763,611,686,626,623,695,649,575
"413496",894,991,839,772,878,835,649,755,638,626,657,733,616,626,578,650,707,622,677,635,567,723,635,600
"2906456",821,563,686,425,990,571,202,491,218,190,212,433,193,200,266,200,293,186,616,237,210,546,214,703
"320497",855,990,772,819,802,879,616,735,613,678,635,701,589,587,605,629,693,661,729,667,554,632,712,602
"3038546",874,718,840,808,989,779,564,797,533,491,479,708,472,490,480,477,579,443,657,417,460,608,441,676
"319501",947,988,898,897,852,872,742,834,756,666,689,765,619,663,687,718,794,687,702,718,650,758,704,616
"2599595",986,912,780,836,871,799,606,804,636,598,547,797,555,590,639,614,714,578,697,606,611,693,577,602
"3003261",257,655,440,986,207,186,55,181,109,59,125,133,32,121,225,53,97,43,187,35,93,527,56,150
"84567",986,547,636,523,665,572,113,581,155,133,104,405,88,173,178,131,319,108,442,153,160,460,202,436
"488732",985,978,869,778,798,836,610,812,669,606,575,722,559,600,598,614,728,604,689,625,583,718,582,635
"70775",984,853,775,640,778,709,456,657,486,510,463,650,396,501,498,452,597,471,622,479,472,618,503,447
"3049075",983,182,235,54,193,89,36,84,71,35,55,72,38,56,47,41,63,29,249,49,46,177,39,159
"2502781",982,961,857,756,898,895,591,830,576,604,523,784,501,557,613,615,721,574,697,664,554,710,649,671
"1889240",899,981,799,816,810,856,670,718,670,621,649,804,580,656,644,698,690,648,649,655,596,689,691,594
"2774562",839,722,829,742,980,783,503,705,544,527,527,764,440,527,518,439,587,465,749,465,430,710,490,789
"721785",690,573,669,551,980,492,355,853,317,377,313,478,267,294,326,315,395,306,472,284,309,691,313,372
"960",587,311,215,457,782,211,73,980,53,43,58,196,35,48,52,44,151,65,286,60,46,346,51,84
"1458461",850,979,820,804,772,890,616,778,608,649,597,771,602,544,528,539,742,554,696,584,537,657,657,686
"2842350",978,198,294,172,263,135,103,154,82,115,92,166,100,107,88,88,142,108,219,80,116,222,72,137
"1028989",977,950,939,800,963,815,600,803,593,557,609,759,510,580,598,516,690,551,701,598,603,734,630,597
"2901189",977,974,811,772,871,857,603,800,615,584,561,842,535,559,584,629,743,610,732,604,581,758,660,723
"2961595",943,977,888,977,888,903,869,814,831,801,778,817,718,750,743,804,772,788,764,811,656,719,766,640
"92942",399,976,450,480,386,961,303,416,407,255,270,381,238,369,284,557,775,775,267,710,295,443,599,562
"2239",920,975,793,809,730,833,826,785,742,751,750,731,678,729,722,781,706,763,667,751,743,673,740,624
"44577",703,365,854,975,917,343,793,611,569,590,592,598,528,612,535,234,279,224,584,267,602,420,240,346
"231454",865,768,890,783,971,776,508,757,522,453,509,702,465,489,478,463,529,423,747,489,512,739,482,617
"2779519",897,971,861,919,792,886,801,786,746,779,756,775,629,733,682,696,803,772,683,693,708,684,806,625
"158822",964,970,869,861,858,849,632,767,620,586,589,753,556,641,611,649,712,572,640,617,536,734,686,649
"2987688",970,946,839,832,895,925,699,836,728,748,660,838,603,684,667,699,797,643,731,719,656,734,679,704
"441500",969,918,839,830,872,840,815,785,796,817,762,711,713,716,743,755,778,706,758,664,644,734,704,613
"274537",915,968,842,816,801,902,737,784,625,677,648,829,630,683,630,676,769,674,661,695,606,805,724,739
"2749906",967,474,625,483,756,629,561,511,575,531,545,497,651,529,594,389,371,378,659,402,543,474,411,498
"135740",966,884,797,832,800,810,702,762,624,661,701,785,544,581,595,603,677,580,700,563,607,674,605,659
"1703",939,966,833,836,833,779,673,736,702,718,704,710,613,667,667,688,651,656,631,658,657,677,710,621
"2817656",966,900,759,750,772,856,563,719,536,546,612,727,535,547,561,556,733,532,675,616,522,728,630,600
"62320",829,965,832,821,712,769,728,750,738,738,727,694,653,670,616,679,678,685,690,684,623,644,769,657
"2217913",964,840,783,677,752,773,609,690,581,567,549,707,493,571,541,572,688,594,651,565,525,650,568,602
"3031114",964,926,847,912,836,828,856,724,769,755,772,662,717,742,783,727,624,705,793,688,693,683,723,674
"290400",963,938,829,745,776,858,649,833,690,658,638,752,588,626,596,624,696,642,729,631,573,725,588,642
"2904242",961,963,906,850,926,827,595,883,591,607,676,747,569,670,632,671,778,571,698,666,631,802,588,657
"485898",963,702,666,522,598,585,378,542,404,406,394,489,355,420,389,384,443,386,445,398,368,458,443,402
"61645",833,546,939,802,847,523,393,508,437,355,376,522,338,438,347,397,483,376,490,403,371,963,401,428
"152260",901,962,750,739,714,848,654,754,617,645,664,750,597,585,523,640,767,642,629,699,536,603,718,605
"33918",940,920,907,869,962,809,719,746,742,733,691,741,653,719,763,681,679,678,707,642,652,728,704,677
"28097",961,960,760,744,838,886,530,802,489,534,509,689,453,502,506,509,670,542,780,534,512,659,500,547
"1333523",926,960,858,820,817,920,778,889,734,742,746,761,738,749,755,726,813,769,634,752,650,676,736,686
"2728024",960,858,872,766,878,868,574,796,537,611,546,769,494,566,538,501,686,504,706,550,553,699,559,640
"3038545",911,818,849,690,960,846,544,822,561,490,513,742,463,559,525,447,588,464,676,436,456,609,416,709
"2009329",959,925,811,915,891,847,697,844,671,675,687,817,670,620,640,619,737,636,759,641,654,725,629,649
"3067904",854,959,799,821,830,850,585,806,606,590,592,768,559,582,562,594,673,575,639,599,534,595,628,683
"2732163",411,432,315,408,343,477,657,428,913,685,696,320,312,470,323,958,251,629,272,669,645,328,462,237
"2000",957,919,841,822,907,844,835,845,812,739,743,701,647,770,872,677,654,616,772,672,719,791,653,712
"204461",917,956,690,645,756,793,603,706,559,585,548,706,527,598,541,541,706,581,633,585,560,718,590,581
"2953750",921,956,802,821,829,819,810,793,747,761,687,762,669,715,731,770,767,710,637,685,681,700,645,613
"3061632",884,955,862,845,804,810,646,712,626,629,574,670,604,661,626,640,702,657,682,631,477,661,631,635
"2584944",892,953,810,767,755,790,568,773,630,600,559,753,496,574,633,600,816,621,706,617,628,737,627,598
"2842357",952,901,893,819,808,813,607,760,630,664,672,671,541,598,559,607,668,605,689,619,594,643,648,630
"544580",842,952,811,849,731,791,718,715,694,679,689,665,620,670,695,655,706,620,651,606,653,620,638,554
"2666185",950,931,921,841,950,861,700,802,702,614,630,807,567,642,642,605,750,621,726,617,582,753,585,674
"29311",950,894,859,843,849,845,764,761,746,693,721,734,680,687,683,730,740,615,699,682,636,694,689,671
"539813",674,411,709,950,496,395,363,319,363,286,294,363,282,302,321,307,411,271,446,267,283,445,290,348
"33071",857,947,820,780,717,893,684,722,643,617,632,729,566,560,590,669,747,679,698,664,568,695,733,600
"1736226",946,720,637,473,497,450,321,494,345,317,327,428,266,333,314,332,340,346,412,351,284,434,335,395
"2954084",946,732,733,616,820,674,459,677,458,405,428,632,409,438,437,448,537,396,634,411,423,638,455,461
"2496837",876,944,875,828,793,845,648,753,608,710,595,744,624,612,583,662,769,608,633,698,565,729,727,639
"265606",909,931,888,839,944,797,619,839,621,536,550,773,513,624,564,607,709,622,732,597,581,818,643,715
"2867238",827,847,787,727,944,691,546,827,545,542,538,797,481,482,489,451,523,434,785,485,486,637,472,572
"1183413",943,647,649,660,772,660,417,615,389,384,415,573,347,369,367,362,454,371,567,333,365,489,382,524
"154981",887,916,866,884,829,943,680,802,610,639,642,728,562,577,609,724,740,608,718,626,594,677,725,769
"3033389",917,942,816,852,774,822,793,777,736,770,753,721,663,706,737,733,761,758,681,639,656,705,678,594
"340320",942,906,887,838,807,823,681,773,752,734,761,692,672,716,690,645,744,676,637,611,690,650,713,673
"1661694",941,833,841,939,866,815,814,791,819,805,785,787,720,704,769,769,746,716,694,711,685,678,643,621
"462710",873,819,941,812,775,826,620,756,668,759,692,651,609,635,677,589,642,572,678,616,580,637,609,601
"87",869,928,848,742,877,938,664,798,620,641,635,748,594,597,608,588,690,547,718,617,613,773,630,662
"1703340",861,771,869,655,937,671,534,741,504,503,540,715,452,480,466,419,540,372,720,484,482,627,460,531
"3019098",937,734,770,638,695,594,478,651,478,442,433,587,424,454,477,467,457,444,648,434,440,612,468,469
"2962673",721,935,725,725,729,758,689,735,633,641,624,610,654,616,680,685,633,607,617,630,580,638,652,560
"160674",881,934,695,655,684,867,640,686,537,601,652,659,552,554,537,549,608,558,632,508,534,661,526,528
"184748",934,890,796,728,788,840,565,734,620,594,637,741,566,612,586,551,680,564,665,567,537,637,548,603
"2886936",934,755,797,781,846,705,698,650,620,635,666,777,559,617,656,600,611,576,677,527,592,697,521,533
"95301",934,911,755,718,775,839,553,727,586,570,546,678,473,512,597,537,644,528,696,574,559,660,542,597
"55968",933,876,892,779,879,841,758,728,793,742,750,712,673,678,729,644,672,657,667,655,706,719,673,705
"1586232",915,931,768,789,742,833,727,718,672,723,687,723,602,719,673,675,750,687,688,747,632,633,679,619
"2057798",912,931,836,840,810,803,802,761,727,714,685,728,638,682,655,713,706,684,618,646,647,652,714,595
"2910984",930,891,861,814,707,842,646,667,628,625,548,668,616,573,628,655,813,658,639,635,565,677,686,556
"388408",891,930,783,783,798,892,639,730,611,619,565,753,520,603,530,572,687,605,705,611,507,657,598,715
"2079535",862,890,929,865,784,797,782,792,797,757,784,734,683,773,672,710,764,715,747,745,723,683,763,640
"1619153",927,915,731,775,806,833,627,701,666,567,580,660,488,559,544,599,631,554,647,618,524,683,578,693
"2057800",881,927,851,853,750,862,777,724,748,684,710,684,682,712,667,719,678,715,616,656,619,654,636,524
"2816859",927,727,866,847,776,635,639,658,676,674,638,671,565,621,563,524,592,528,625,520,552,637,497,538
"2967130",896,811,810,767,927,749,555,805,525,492,555,765,464,531,449,442,596,440,644,521,465,601,483,587
"2730359",858,926,848,834,830,886,613,794,617,626,605,810,560,629,579,646,775,690,676,644,547,765,683,676
"199136",921,812,875,863,925,757,689,776,704,724,666,709,660,671,641,608,639,572,717,617,617,636,622,565
"184917",880,923,750,765,796,839,678,713,631,607,614,698,631,611,595,710,719,679,607,698,619,666,690,624
"1903858",921,773,749,756,754,800,571,744,531,484,574,660,481,533,480,545,570,465,606,456,476,578,453,632
"702114",921,815,777,676,802,792,584,748,531,475,469,654,439,567,546,518,699,484,677,513,569,649,575,582
"2932251",920,682,577,526,605,600,419,581,393,411,370,572,312,399,380,416,503,415,499,405,347,502,381,459
"426114",919,757,716,749,674,685,483,750,455,460,402,652,396,479,454,416,595,445,617,436,451,677,393,532
"2872158",866,918,819,767,782,817,702,631,672,742,695,661,627,693,685,719,696,675,622,663,640,598,639,554
"629680",918,815,819,872,811,823,808,748,728,705,767,702,650,697,655,693,719,663,625,674,604,686,630,531
"1656",864,917,862,830,791,805,705,774,782,715,765,688,707,649,673,703,683,681,695,694,705,671,670,582
"2781023",491,414,623,379,917,450,331,456,369,302,311,463,291,417,306,253,297,244,554,266,332,533,251,377
"296842",917,835,787,777,748,848,652,711,577,620,634,686,551,640,591,613,673,632,653,649,572,643,646,568
"1798205",915,796,832,772,784,737,572,777,556,570,558,698,517,516,495,536,627,539,622,523,519,641,557,624
"3017782",915,909,811,826,831,894,653,725,670,654,635,750,557,640,647,621,664,598,683,589,654,663,648,654
"313985",907,881,754,728,758,915,676,770,620,574,626,743,518,607,547,629,795,652,631,685,474,696,665,699
"2931930",820,912,664,705,683,851,553,738,540,586,563,711,498,505,480,637,691,732,568,761,523,672,756,695
"2675233",910,330,394,362,392,319,90,288,67,87,87,305,84,63,56,55,201,74,293,56,57,245,72,228
"2816475",876,910,799,864,812,800,782,764,731,761,772,720,701,671,734,737,764,665,673,679,753,653,725,574
"2675229",909,191,467,315,389,201,114,233,110,96,82,286,97,92,90,64,203,71,252,78,88,230,106,141
"2979870",699,545,689,580,909,576,407,537,423,399,406,527,393,390,377,324,395,339,614,345,373,624,290,823
"1771309",908,887,804,740,815,899,659,789,659,662,686,735,605,581,630,614,691,636,638,623,608,701,665,580
"487184",905,899,799,762,760,802,597,747,515,561,550,674,510,579,547,512,645,541,661,559,554,673,567,601
"675090",855,905,867,820,775,772,839,731,796,768,712,683,704,732,684,761,749,697,664,694,660,596,632,637
"1649184",827,904,817,831,819,744,803,834,798,759,786,722,711,739,718,728,671,692,682,681,658,659,634,598
"3019968",904,836,810,722,830,768,607,759,575,523,501,690,533,576,532,582,597,495,710,524,550,641,558,545
"1499686",903,844,779,700,792,765,556,694,498,519,521,689,466,485,553,448,538,449,621,520,464,600,532,561
"171404",404,296,278,266,310,312,205,236,196,185,197,257,171,190,197,220,224,135,238,211,195,261,210,903
"2742133",902,661,753,713,821,587,685,567,667,602,646,590,610,612,713,480,457,454,552,481,548,500,477,469
"261284",806,901,828,820,798,847,684,724,626,608,660,713,638,604,557,629,732,625,636,689,578,635,612,588
"2652443",901,900,819,805,818,849,731,775,702,707,634,739,570,630,630,719,753,658,687,659,653,693,723,651
"2722820",888,901,870,887,796,862,810,701,711,732,756,674,707,597,703,712,655,702,645,730,619,626,641,599
"33011",895,901,822,826,736,800,649,736,733,745,695,677,590,658,664,640,689,547,583,629,618,630,609,601
"1851167",900,832,810,837,887,820,780,791,844,715,766,780,635,714,732,654,692,669,733,684,632,606,651,652
"2906514",862,900,736,811,781,782,622,709,585,591,528,703,528,604,589,599,713,588,656,603,547,642,667,612
"2592049",887,881,876,752,897,792,699,758,601,636,651,714,560,621,590,606,633,586,709,691,652,706,627,699
"2951804",811,897,795,740,762,725,725,670,676,703,698,602,641,607,630,650,723,702,622,618,606,622,634,567
"172827",836,896,760,820,721,815,676,676,634,658,601,654,535,613,597,619,696,585,652,593,539,612,644,556
"1821621",896,821,752,731,796,797,602,751,502,549,569,667,528,529,496,531,676,564,672,545,559,675,528,649
"414371",847,895,778,774,778,887,657,701,639,631,544,751,533,584,531,630,696,591,653,588,551,611,538,629
"2126321",822,893,856,819,878,774,606,791,623,670,582,739,555,605,618,651,694,630,662,627,602,693,648,585
"2750025",893,874,827,806,872,792,791,768,746,708,771,644,639,643,686,665,683,646,644,654,660,718,644,608
"2718876",713,892,637,714,613,739,641,597,653,621,589,547,498,585,561,656,630,627,629,610,540,549,595,542
"640205",892,776,770,674,742,721,558,714,469,492,472,664,442,522,465,500,607,432,600,505,442,604,463,542
"99",828,892,688,735,724,859,534,676,558,561,519,675,533,539,550,511,667,555,648,520,542,605,526,738
"894",863,891,834,813,745,850,651,806,577,599,629,736,600,607,587,709,772,618,647,641,650,691,745,680
"129985",890,449,647,553,669,398,246,386,260,288,246,388,240,251,229,187,355,207,534,204,218,517,250,387
"2781024",499,477,605,414,890,434,308,457,318,290,338,422,285,402,342,273,281,256,596,241,333,584,283,351
"3032281",825,890,770,817,739,723,760,722,640,678,686,675,597,635,706,711,651,649,669,664,566,690,650,600
"35746",841,890,740,771,784,766,720,718,741,672,656,668,624,626,651,712,658,696,606,659,633,616,631,571
"481",890,882,729,761,759,799,613,830,553,512,534,760,516,614,590,510,657,565,655,548,572,673,618,636
"2697565",794,889,778,777,750,770,693,692,755,664,639,618,640,616,618,633,616,615,595,639,579,581,612,592
"82996",889,716,628,634,628,690,492,575,444,522,450,459,440,360,458,473,564,449,536,453,389,483,459,472
"1537274",888,475,458,495,512,425,337,517,277,274,289,348,234,258,260,288,315,300,350,285,306,386,284,305
"2875777",868,887,879,762,888,791,720,720,722,703,715,709,638,671,678,680,714,604,628,609,654,589,630,613
"1932360",782,887,780,715,801,767,697,683,757,691,709,716,660,620,612,703,694,613,671,678,676,644,616,543
"2489212",878,841,881,750,887,736,623,689,676,561,664,658,557,709,657,626,631,552,697,556,634,711,653,614
"2714936",547,505,651,455,887,487,315,550,353,305,331,466,284,396,333,251,336,250,600,301,356,579,255,431
"2909672",841,877,869,839,887,873,819,736,803,777,742,751,710,656,716,703,670,656,664,686,685,702,645,606
"44750",887,832,803,789,872,790,783,768,752,736,691,758,662,659,681,696,691,678,767,650,658,713,710,642
"1670",886,817,833,781,798,708,641,685,666,650,589,725,643,615,628,593,595,562,681,615,619,662,550,561
"2583823",835,886,738,688,738,730,621,767,638,636,621,723,495,526,594,604,704,610,663,646,551,614,688,587
"2778064",429,886,499,482,365,415,286,358,329,340,325,371,277,318,386,302,312,318,340,282,298,353,308,292
"1907662",857,885,779,861,877,826,673,676,642,627,596,710,569,644,658,650,771,621,603,667,560,660,598,610
"2962672",843,885,807,758,764,836,737,750,773,727,680,623,633,713,655,671,702,638,657,695,656,694,698,579
"2932249",884,806,842,757,738,803,631,658,512,521,560,643,477,553,515,532,575,571,656,625,544,637,542,565
"1126833",883,776,700,680,669,721,566,720,488,484,458,601,480,497,470,504,603,524,573,534,441,547,513,506
"147206",881,873,810,795,756,812,705,761,667,675,698,692,602,607,604,687,673,692,634,677,650,686,677,602
"158836",881,655,643,564,632,607,423,602,419,460,410,549,408,427,460,454,478,424,483,490,435,550,442,460
"2867022",738,881,688,722,786,758,608,642,631,567,612,596,555,533,513,567,637,587,610,561,513,670,554,601
"1335613",879,878,771,818,746,766,721,739,675,638,690,683,578,673,716,651,734,639,612,702,619,652,628,615
"2745503",755,278,429,172,879,275,92,158,110,86,106,156,82,127,102,77,83,82,271,67,132,263,79,137
"328813",768,878,727,690,703,691,606,671,578,548,606,647,447,580,516,614,626,581,619,592,524,622,574,569
"2682228",856,740,767,877,828,720,714,795,785,732,689,699,660,705,663,603,732,581,620,651,643,668,664,581
"876",868,877,775,786,765,762,654,744,639,652,613,724,559,574,621,573,735,645,676,616,591,688,662,588
"2804758",830,876,820,721,737,787,828,719,756,652,710,658,623,719,684,642,648,628,644,615,611,639,586,577
"1813451",875,869,811,750,862,753,581,753,585,537,567,742,429,516,543,499,611,486,679,513,487,607,537,590
"423351",875,559,550,545,623,622,186,605,194,166,167,449,130,195,211,174,340,196,451,209,203,501,212,435
"2020716",874,823,733,762,789,765,575,719,529,622,599,673,487,478,517,521,671,525,583,557,533,649,528,588
"2909671",874,761,636,694,654,660,501,661,428,475,497,607,404,456,443,458,534,415,561,436,394,593,471,492
"45401",791,873,763,740,687,805,569,664,539,558,605,699,518,512,437,591,705,531,519,529,442,510,562,634
"555317",807,810,823,664,873,743,473,744,426,425,476,708,447,518,448,522,593,483,694,438,435,539,459,657
"1407499",809,870,780,821,750,797,719,653,680,713,669,644,630,661,608,620,725,643,593,667,604,638,630,552
"239759",855,869,814,770,807,795,648,790,603,605,613,718,553,591,606,578,675,591,642,622,524,696,616,613
"2906443",692,485,641,408,868,502,170,413,214,168,155,370,137,216,230,185,289,202,496,208,201,540,202,561
"471827",767,868,768,761,689,808,643,686,652,639,595,697,544,632,547,672,723,613,571,586,530,658,637,535
"1808979",867,820,678,742,716,781,516,713,499,517,507,711,413,520,437,452,607,511,596,497,465,620,547,544
"442",824,866,753,765,731,827,602,703,550,567,563,711,528,587,494,584,647,554,639,562,511,677,662,605
"2881234",845,865,738,779,804,816,641,753,608,583,595,733,553,585,561,523,595,526,605,543,532,654,537,580
"67351",865,747,796,704,773,696,690,684,668,634,659,670,566,597,634,667,563,562,611,562,569,594,568,539
"75291",865,814,740,756,758,789,799,791,808,789,750,660,715,726,701,680,659,653,566,732,624,584,570,493
"2991051",863,858,787,631,782,726,550,734,525,565,514,652,452,531,523,550,662,512,587,534,477,711,530,535
"948519",155,224,139,863,82,138,96,132,94,70,79,105,74,89,103,105,108,101,100,83,102,102,107,93
"638849",745,862,705,705,733,781,629,723,525,591,596,678,559,593,553,591,641,627,616,604,528,666,594,564
"2740163",795,861,790,765,782,800,589,686,584,602,577,672,548,618,550,569,703,602,632,608,565,671,686,606
"29442",861,652,657,595,665,598,497,603,441,484,445,602,424,478,401,469,535,477,551,467,437,525,527,438
"2805590",797,829,684,860,717,611,745,614,675,722,777,653,694,665,669,580,561,607,531,573,604,552,620,507
"1173025",802,859,787,798,788,796,700,666,620,709,650,707,590,601,605,678,770,716,676,730,572,667,745,613
"897",852,859,778,789,687,797,620,680,583,649,624,706,567,598,532,577,633,658,673,550,592,657,662,674
"1198456",858,697,701,685,734,650,518,643,492,488,484,653,464,481,458,480,589,476,573,453,462,604,515,432
"2761047",836,858,853,811,809,743,769,653,800,685,748,662,682,740,651,668,630,610,580,631,696,662,639,535
"49283",823,858,703,704,665,732,612,684,571,591,528,661,526,557,557,567,615,571,573,555,543,607,561,582
"2489213",851,857,711,797,727,759,637,687,594,588,609,663,567,551,585,616,654,585,547,606,478,630,612,601
"635",857,847,746,733,778,830,689,817,604,554,643,745,547,596,603,617,656,603,670,581,584,703,518,596
"154",856,816,794,747,627,759,640,712,616,619,577,708,525,553,496,650,639,591,526,636,503,627,594,548
"302485",856,781,757,681,706,758,557,681,562,546,661,675,464,513,526,560,640,513,673,522,529,643,620,555
"1301032",855,689,655,635,668,704,394,636,417,353,373,554,324,391,368,358,462,307,497,323,338,547,354,485
"33059",822,855,742,724,691,771,557,729,510,569,560,675,550,544,558,584,622,540,609,584,555,615,614,600
"558537",855,641,641,624,792,590,387,736,386,349,388,570,312,332,344,339,447,373,529,368,383,581,392,434
"1134435",833,852,646,654,727,748,533,743,547,509,513,671,459,582,501,595,640,471,632,535,494,673,485,522
"2954079",624,299,852,306,469,296,188,285,170,187,152,276,169,147,170,198,213,153,336,177,140,431,201,213
"2175619",824,851,781,838,803,789,715,751,720,742,687,752,694,630,683,664,645,670,652,680,620,636,619,555
"364197",851,805,720,708,751,666,487,768,440,506,515,738,397,487,489,478,574,455,582,492,451,647,477,542
"2932248",850,828,691,622,749,729,550,710,580,528,504,607,493,546,513,574,551,560,632,570,486,596,570,578
"2675099",788,849,710,721,639,711,715,633,605,626,598,601,569,568,571,564,584,593,550,574,520,600,594,522
"401471",849,420,388,479,456,373,225,465,186,192,209,313,146,234,218,187,262,204,309,187,194,327,208,221
"1510150",848,790,697,612,725,747,471,705,475,445,371,675,394,485,467,475,601,426,638,455,469,626,481,565
"164759",425,310,455,339,848,336,181,709,171,191,165,315,139,183,189,151,235,151,313,168,158,438,160,186
"2012",848,766,832,737,774,725,786,678,809,736,779,644,688,755,721,693,602,613,570,666,704,631,652,564
"1648404",620,659,656,534,847,597,406,655,407,380,421,661,369,370,428,327,424,327,632,344,384,480,301,422
"472181",751,847,731,639,702,682,525,675,517,476,471,630,408,486,535,478,578,540,607,489,445,656,498,509
"67294",847,843,795,831,791,761,748,696,708,737,721,694,652,708,716,670,622,699,639,692,636,573,604,617
"2565554",698,500,667,546,846,515,372,558,278,356,314,536,345,279,263,282,330,283,586,282,293,474,306,395
"2796139",845,846,768,715,742,774,649,692,565,616,597,675,462,501,545,557,725,645,645,620,508,598,644,617
"2086585",737,845,699,703,704,816,675,673,607,592,635,677,550,550,546,644,704,621,578,658,515,588,659,585
"2675218",821,809,820,790,845,780,770,748,758,722,737,668,633,649,668,662,678,598,635,623,640,614,672,576
"2878542",639,394,627,424,845,352,220,510,174,220,183,393,167,173,159,162,237,182,538,136,184,367,171,223
"84993",811,756,845,684,672,637,632,602,711,642,597,611,565,684,574,565,649,533,659,549,562,626,520,518
"1538158",844,803,659,689,754,797,451,680,463,445,420,612,432,448,443,426,555,405,625,451,391,620,449,608
"2999067",844,790,700,644,740,725,597,679,612,566,541,670,530,537,581,520,598,572,620,516,539,594,540,565
"3032283",844,818,698,784,711,686,675,634,705,634,628,641,590,579,573,650,572,605,546,631,572,635,632,530
"392011",773,844,749,731,717,714,637,742,641,633,623,717,574,581,576,628,710,647,629,594,538,652,658,574
"445930",844,818,762,810,679,758,715,639,632,672,626,657,584,634,582,688,618,605,625,617,532,607,670,571
"47879",844,602,606,560,718,563,351,630,366,363,354,462,353,363,382,370,438,365,549,389,367,539,387,428
"2259622",732,588,808,522,843,654,419,593,466,387,402,596,336,437,411,412,404,369,561,341,360,634,376,526
"421628",821,843,759,733,797,717,577,692,523,575,545,710,482,524,503,460,683,542,626,555,500,692,609,629
"575378",717,726,720,522,791,843,220,699,222,208,155,719,161,251,251,208,418,207,647,242,215,667,252,642
"2731552",841,655,642,618,609,545,422,623,464,446,396,550,387,421,440,401,503,442,650,431,404,557,400,459
"86265",841,459,608,423,792,451,359,472,341,310,314,467,235,313,316,301,387,280,490,286,302,626,325,357
"1155739",779,757,711,699,630,839,636,694,574,595,645,739,566,566,500,649,750,667,576,715,475,652,780,636
"2590016",812,839,695,698,761,763,554,748,548,528,468,682,463,526,488,537,640,484,611,510,473,549,537,552
"2726189",838,839,755,613,829,820,593,792,467,538,512,736,437,480,493,513,537,499,678,483,557,640,505,613
"28065",839,661,551,558,624,473,200,753,181,204,178,469,187,176,218,211,422,211,484,205,188,503,231,311
"133924",838,827,736,664,746,707,628,730,614,586,608,703,548,584,489,525,607,572,596,499,537,634,547,656
"2497325",764,838,672,699,655,702,659,679,584,647,621,587,474,542,627,631,585,614,541,557,577,606,541,518
"191292",801,788,837,726,750,765,723,657,765,722,670,621,655,710,708,600,607,606,679,632,671,693,613,572
"337243",802,836,715,749,729,825,812,747,742,742,765,668,644,696,742,657,701,637,641,663,648,666,620,589
"1737425",795,833,734,783,739,784,699,668,701,711,684,672,628,669,650,672,673,577,600,632,613,602,609,560
"1442136",808,832,655,716,801,769,555,722,538,529,578,714,503,545,562,497,649,551,656,513,538,691,568,580
"2609252",832,752,755,744,694,752,692,691,629,688,630,631,619,628,650,613,659,592,618,600,564,582,616,592
"1605838",800,831,750,703,743,694,519,660,503,549,542,618,432,478,484,497,590,473,621,527,531,596,545,546
"245188",831,829,767,707,658,683,557,644,583,565,575,599,465,507,503,541,575,542,549,509,497,616,457,496
"3002903",831,759,676,576,705,704,479,631,426,447,404,548,383,427,423,429,500,460,538,407,400,599,476,499
"1487865",744,828,723,669,637,673,703,672,613,593,590,624,524,627,625,570,618,635,552,573,572,599,626,517
"2045451",442,336,616,308,432,423,194,360,262,236,227,294,194,265,227,211,233,197,687,216,231,341,174,828
"1795043",827,760,684,630,689,715,477,682,483,470,478,589,438,488,431,437,610,504,543,525,468,595,491,546
"3024245",636,375,541,444,827,332,178,471,137,140,161,386,162,160,150,145,229,147,484,125,135,353,160,284
"794846",827,531,613,642,650,528,376,609,325,315,335,593,308,294,294,284,328,293,478,261,271,442,355,340
"1072256",702,826,748,718,748,756,666,638,666,665,620,682,588,594,565,633,628,550,525,570,588,598,589,528
"2961598",779,826,787,767,688,752,638,692,649,681,620,669,534,589,640,658,675,619,636,599,570,596,596,511
"166501",825,789,729,772,749,750,677,703,685,688,678,642,593,643,601,645,718,611,505,598,505,536,640,516
"216142",825,781,668,667,688,685,498,675,499,483,446,566,414,458,440,449,542,498,610,474,479,562,487,521
"42353",614,502,640,825,821,430,672,510,507,472,456,539,468,542,483,345,374,292,512,324,486,410,344,351
"231439",784,824,736,740,691,794,591,686,557,602,596,716,506,513,597,645,641,555,591,600,541,675,586,587
"2949307",705,824,707,675,700,693,666,706,658,629,674,602,598,640,622,618,619,598,613,602,582,574,620,528
"634157",797,824,770,745,720,685,643,696,751,680,650,652,635,602,660,653,676,632,601,592,560,632,632,545
"2769067",823,763,755,703,780,716,640,647,656,667,690,633,584,591,584,560,615,569,613,574,575,568,618,528
"1990687",822,461,521,451,697,562,448,446,430,520,498,439,473,461,467,348,389,380,550,338,457,462,358,455
"582",822,772,699,603,668,718,522,698,456,470,400,669,413,493,471,472,584,452,627,522,442,557,477,523
"2884876",797,821,692,712,652,706,611,602,604,594,602,652,598,573,590,582,668,558,599,607,555,560,572,589
"71254",729,821,757,680,625,712,678,664,646,619,609,566,591,583,622,591,568,641,583,599,598,600,595,537
"218936",725,820,685,648,625,663,526,629,487,492,531,558,427,521,506,543,591,499,532,475,496,605,492,490
"38304",820,786,757,778,752,732,622,706,596,703,601,695,595,644,600,594,656,600,590,619,594,653,544,608
"2079791",723,805,735,819,741,685,618,696,574,564,562,608,539,593,586,547,613,584,577,568,517,614,545,585
"34008",765,819,726,685,782,733,645,659,599,593,560,599,525,535,524,562,632,539,582,550,514,625,462,590
"74030",740,819,674,630,654,755,583,660,552,578,540,627,403,487,491,512,628,495,574,481,485,590,531,557
"2853257",723,546,564,509,818,423,272,718,249,216,215,384,221,261,211,234,371,250,420,239,247,533,270,294
"936337",749,816,767,735,817,675,640,650,695,642,610,633,586,624,600,542,605,564,604,496,549,634,491,580
"44675",816,765,715,682,688,764,583,689,536,551,564,688,546,523,528,618,743,625,591,598,472,655,725,571
"1543721",815,728,673,616,734,709,521,624,538,550,498,644,477,514,525,459,539,449,563,489,504,646,534,502
"41295",800,815,784,642,735,734,609,708,561,558,606,646,526,553,529,486,553,528,624,495,533,636,524,601
"2794089",814,809,773,771,710,762,729,690,651,729,674,720,613,626,624,679,755,653,586,596,570,618,646,548
"285091",814,789,652,787,684,729,530,700,527,463,547,635,469,509,522,542,587,558,617,534,486,619,484,559
"323450",762,774,754,673,814,686,601,641,537,533,556,561,448,517,499,531,545,522,606,532,494,665,518,528
"471",540,342,427,84,206,74,39,77,27,28,23,65,26,45,33,19,35,31,78,28,33,814,39,77
"35701",780,813,731,698,635,732,641,647,567,550,592,679,576,551,562,621,747,581,592,583,498,634,559,565
"78448",730,813,699,677,662,695,636,608,592,557,553,623,559,559,589,583,586,608,551,595,575,548,508,481
"2590774",812,339,538,568,636,341,348,383,261,319,257,591,313,293,299,234,318,223,527,219,272,408,242,273
"2681547",807,812,744,661,786,699,488,725,435,505,514,627,401,527,514,459,601,481,597,510,449,585,509,475
"1684",781,811,711,710,667,798,639,670,625,583,577,681,588,544,569,601,628,552,569,625,549,586,630,593
"2185142",692,679,675,595,811,574,444,677,405,418,456,698,387,373,398,344,412,323,628,386,364,530,334,431
"59561",786,811,785,704,688,754,695,649,666,697,661,577,593,599,667,657,646,617,571,620,610,623,598,549
"1537400",810,666,612,645,655,605,446,632,435,429,410,501,346,413,384,401,501,416,471,381,434,532,417,449
"83655",778,715,791,809,676,744,532,630,567,517,512,586,477,542,614,557,584,489,554,499,539,644,478,481
"2173174",767,762,808,745,722,664,743,633,688,693,654,611,640,657,668,563,638,624,653,588,631,610,602,532
"38302",756,797,801,775,808,749,699,685,696,669,753,629,643,658,658,655,682,665,664,621,649,633,633,592
"55148",741,808,650,718,649,694,641,593,614,573,538,629,522,561,541,572,640,555,581,530,522,579,559,522
"2733571",797,807,771,727,726,788,759,736,672,652,655,691,584,638,598,691,672,610,612,597,538,676,575,571
"1188319",806,763,685,694,705,744,531,667,552,478,505,640,441,541,578,535,614,526,594,536,508,592,495,572
"44252",776,806,681,720,692,735,499,673,550,549,510,659,482,463,516,533,678,536,484,538,511,590,558,536
"2842355",805,666,677,544,651,637,446,570,465,441,395,525,377,437,435,426,499,389,558,413,379,505,435,436
"2049",709,804,667,736,656,697,602,610,620,663,552,570,570,567,544,564,567,606,531,550,538,559,574,537
"3074146",804,626,673,600,574,515,360,625,372,371,372,467,343,340,359,345,453,343,545,337,368,561,391,382
"200450",803,643,639,638,662,666,437,579,440,473,425,520,397,446,410,434,530,441,505,462,415,539,405,412
"265959",803,766,649,585,629,699,546,597,524,542,488,582,498,489,512,524,567,468,555,525,456,609,464,491
"379347",803,700,684,694,653,662,555,649,567,558,460,619,436,491,525,535,607,444,545,519,486,586,518,477
"68203",803,658,682,594,756,534,669,604,600,618,568,605,616,669,669,521,429,473,547,470,540,455,466,485
"2501295",726,700,708,619,802,695,449,675,501,409,450,644,365,457,455,465,515,426,604,414,453,592,418,547
"2653189",198,205,510,296,159,349,350,476,170,557,801,158,361,134,155,314,464,700,122,705,117,112,408,164
"2938695",710,801,717,733,664,695,690,623,611,604,622,604,576,591,566,629,633,585,586,566,521,543,557,495
"2949995",711,801,671,697,615,689,642,569,596,618,551,601,598,548,603,551,585,549,526,566,553,549,538,502
"3025782",801,699,673,543,738,663,458,607,457,473,464,583,427,464,422,420,531,445,556,412,374,526,427,551
"3051119",661,563,614,497,801,585,415,517,416,338,398,574,315,354,368,334,413,298,584,305,354,479,308,630
"370111",801,751,705,626,774,718,512,620,538,468,475,612,430,451,500,437,604,522,538,485,432,556,511,730
"2954088",312,70,398,46,538,76,50,86,59,49,45,113,45,62,33,30,46,37,799,37,32,607,38,36
"1930274",774,786,740,718,798,757,513,643,518,503,461,637,407,563,516,484,644,495,626,535,467,643,587,618
"2749086",756,749,666,661,797,691,580,682,522,565,572,575,497,499,448,482,630,466,604,529,466,581,544,534
"2789857",770,796,749,761,674,754,598,670,630,649,600,668,524,566,596,576,662,576,529,612,524,620,627,597
"2734634",770,795,759,656,682,728,692,660,640,607,627,622,503,575,541,578,560,579,581,582,585,636,597,540
"2319843",794,793,708,661,702,616,485,646,485,574,536,619,497,532,522,532,547,523,623,497,552,633,577,524
"277",735,794,682,745,662,770,589,621,575,542,566,594,541,593,503,614,633,630,525,603,535,523,577,525
"1404244",793,753,716,722,735,672,640,673,620,617,577,653,534,586,591,556,597,526,631,546,596,582,561,517
"2963105",793,368,474,364,440,291,115,250,123,101,129,289,100,96,106,82,234,67,276,87,85,304,97,250
"1747",792,648,529,638,466,535,515,463,489,479,435,525,383,436,387,425,500,421,410,388,426,444,376,360
"2883100",708,792,695,582,689,753,509,666,510,498,529,559,500,534,471,479,641,526,584,516,460,597,525,497
"1985873",791,641,668,595,635,588,473,612,516,419,488,600,412,471,465,428,541,390,557,452,449,564,423,431
"2939437",745,790,617,657,622,760,576,656,580,565,602,620,535,503,479,589,645,520,555,602,487,570,531,579
"2745490",789,720,631,614,653,627,518,605,490,469,469,590,440,506,472,493,520,468,628,506,387,510,436,469
"2886940",789,720,703,702,773,592,624,650,609,553,544,657,522,513,540,509,526,510,592,450,483,598,475,462
"651822",781,789,676,670,677,662,561,590,570,610,560,614,497,520,503,586,614,564,515,567,481,609,571,577
"2029983",687,734,637,422,730,788,202,593,208,190,191,495,170,233,195,210,322,169,515,210,225,517,222,733
"2975049",788,537,661,517,634,501,393,562,362,335,356,488,343,410,367,400,424,369,529,360,376,587,389,445
"200451",769,787,664,641,706,728,521,641,489,463,487,606,436,544,524,441,519,467,614,490,458,584,504,488
"89154",766,787,758,746,706,745,724,668,728,678,699,626,631,634,667,644,670,651,603,573,620,573,665,549
"2609808",385,442,597,349,512,304,198,786,199,198,177,475,193,199,143,156,287,172,485,143,161,358,158,228
"2682776",770,786,658,669,643,741,636,616,587,623,600,673,492,567,513,564,650,586,560,600,510,601,603,530
"191610",746,782,692,754,672,740,636,634,623,637,647,648,567,603,570,599,594,589,528,616,560,579,584,558
"2585118",753,781,682,648,718,649,628,659,599,550,496,670,471,554,559,586,659,562,580,554,511,560,553,591
"2836432",751,781,699,717,613,727,680,626,650,624,621,619,580,615,599,616,677,628,571,606,614,558,557,502
"88724",717,780,642,612,645,666,639,598,569,586,588,567,490,553,539,603,635,587,517,526,496,522,553,480
"310783",779,755,683,719,648,720,600,652,555,593,529,636,506,599,475,597,612,479,570,560,484,556,564,531
"2678688",777,699,665,640,651,709,542,658,520,500,529,664,504,529,459,549,593,487,542,556,471,540,614,561
"2964609",777,643,632,720,710,551,540,562,498,501,461,674,510,479,480,462,462,477,527,457,412,526,424,424
"660522",770,777,679,662,606,754,639,619,630,618,637,595,591,543,562,585,567,598,549,605,537,559,592,572
"1283291",776,516,627,475,570,441,326,479,303,287,316,432,298,332,319,286,384,316,375,302,276,584,292,381
"168934",774,768,700,669,706,666,507,660,524,544,527,624,448,543,462,428,599,459,559,483,494,659,460,502
"2740462",772,631,529,477,774,748,285,646,274,254,220,487,227,309,329,269,369,230,558,268,283,524,296,492
"2785627",774,707,680,612,681,630,539,666,496,457,506,615,457,523,496,506,539,464,587,478,503,583,428,506
"2811108",734,762,773,712,702,727,640,646,616,646,602,694,571,571,650,548,594,543,597,566,559,603,615,518
"57494",761,773,657,741,611,720,681,612,621,634,649,590,580,630,565,598,636,572,551,620,562,569,531,525
"1853232",772,730,727,643,771,669,562,590,488,507,436,604,400,521,450,477,530,463,673,518,476,643,499,589
"2599296",674,772,683,709,698,708,526,607,511,528,538,572,459,533,508,511,594,500,566,553,513,521,489,537
"2879621",772,289,580,533,698,285,324,366,246,275,258,513,256,250,297,196,299,200,548,206,239,379,190,265
"2918528",746,771,670,620,696,704,495,617,472,428,510,598,433,472,476,481,536,458,590,490,490,606,527,462
"413810",619,771,616,685,547,664,638,553,543,558,532,556,542,521,523,502,571,573,510,540,502,556,557,509
"2961574",740,769,732,733,669,759,608,681,639,689,627,597,607,546,569,561,630,598,555,612,596,581,569,546
"83219",769,716,710,629,725,694,534,620,520,566,515,672,489,534,487,526,532,434,574,430,518,537,469,529
"187491",682,768,681,689,611,669,585,675,579,606,512,574,527,528,545,547,641,504,533,559,503,560,556,483
"2724122",584,512,579,398,767,581,310,527,315,304,361,486,242,343,331,279,304,230,550,280,332,517,256,424
"3022676",727,767,663,624,710,637,426,666,475,432,420,595,388,473,398,447,532,431,519,455,457,567,469,491
"2842356",765,689,596,551,578,599,446,525,451,430,394,503,370,408,420,424,530,426,438,393,449,519,435,432
"3039157",765,613,597,613,612,617,440,600,369,373,419,499,348,386,387,411,496,372,482,418,394,463,363,535
"38289",765,731,670,623,616,694,627,610,599,564,584,536,523,561,525,595,603,596,551,532,479,566,535,507
"652787",765,512,585,445,625,696,152,564,141,142,135,444,100,172,176,144,304,128,506,150,173,508,177,393
"2903900",650,510,627,764,569,409,533,385,520,503,502,404,426,491,447,373,344,326,472,341,600,447,331,425
"3021710",764,741,674,645,703,667,420,664,439,463,446,585,414,473,406,504,597,463,581,448,480,572,432,501
"1550579",763,655,643,561,694,740,227,676,223,218,192,613,177,242,235,197,459,204,564,269,212,550,243,552
"2584940",763,704,646,591,605,603,474,598,458,412,448,572,409,489,441,471,554,471,535,446,443,502,466,481
"54299",195,193,438,294,169,310,314,449,155,601,763,147,290,136,157,330,410,723,128,634,110,133,355,172
"120831",492,272,396,237,762,256,98,256,74,60,79,188,63,94,91,88,111,77,369,93,84,307,75,459
"2982524",762,759,678,661,632,694,612,599,630,604,631,616,494,572,561,586,636,610,549,528,505,549,521,498
"929813",649,584,532,608,647,495,422,762,435,406,405,527,339,409,370,350,481,379,527,360,352,490,401,387
"191390",761,743,587,597,702,681,461,592,446,458,478,564,430,460,422,472,529,426,526,504,374,530,449,468
"472693",384,347,359,318,761,392,245,296,230,247,226,629,186,266,226,209,392,237,259,211,215,258,254,278
"2585119",730,760,676,632,742,707,577,662,560,555,601,630,508,540,563,538,633,571,550,553,470,578,567,519
"2994972",760,734,740,743,649,678,620,603,681,626,570,590,567,534,506,551,598,503,538,526,494,602,486,463
"2953748",656,758,610,631,619,611,602,627,559,624,559,598,548,550,575,543,604,564,540,554,504,572,558,583
"1379909",522,535,621,496,757,403,557,353,417,646,459,354,352,381,393,584,328,423,613,468,465,455,367,334
"2724121",545,543,651,528,757,565,382,532,361,339,314,466,287,357,349,302,395,350,525,307,336,584,280,458
"2895473",682,354,757,358,502,307,198,343,181,188,193,351,180,202,181,202,274,213,361,196,178,430,222,280
"3025671",756,558,558,457,635,653,155,605,183,139,134,471,119,190,176,164,326,174,421,178,177,472,200,419
"1853130",755,560,717,466,624,504,358,481,380,360,328,483,309,390,339,332,403,298,499,356,352,529,383,386
"1886",745,755,714,701,667,709,637,632,637,635,570,539,590,612,572,539,529,527,635,577,548,531,529,500
"81412",727,755,669,663,614,717,586,572,549,543,517,524,505,543,535,578,603,544,533,562,489,538,560,524
"1871022",702,753,679,651,615,669,643,643,612,585,602,602,568,596,621,629,646,560,555,500,528,582,601,517
"2493633",753,612,604,537,653,537,433,587,459,423,418,479,358,417,421,398,463,399,501,401,376,504,441,389
"306",753,570,588,425,525,474,340,424,369,311,320,435,308,313,321,373,379,346,413,333,324,406,315,349
"2035811",719,752,669,704,654,686,571,623,556,557,574,631,450,544,507,547,599,513,571,552,499,626,596,538
"2859228",752,656,500,580,614,596,423,554,458,414,419,469,365,403,378,383,445,376,468,434,373,488,414,421
"483547",752,747,626,651,624,738,486,563,503,502,489,579,411,462,452,499,592,517,516,529,461,582,544,498
"1332080",578,481,559,524,751,476,304,538,265,260,321,441,241,262,267,233,325,250,531,242,276,402,269,353
"1446467",691,750,702,623,618,682,504,582,411,524,433,580,415,484,451,499,507,467,508,520,453,579,485,515
"1904944",612,548,666,483,750,600,342,475,354,292,293,443,289,332,335,326,376,308,590,321,357,517,319,561
"2886821",750,706,589,616,674,638,508,606,469,465,501,542,432,461,469,469,543,463,501,461,457,518,483,500
"2086471",722,656,749,536,730,555,432,515,458,397,342,484,289,374,419,441,325,365,646,416,418,564,373,477
"405",749,636,569,518,627,503,392,597,391,376,373,583,320,400,408,384,436,373,462,350,388,530,369,361
"2675378",738,713,662,603,748,677,543,647,543,511,512,588,467,522,505,522,570,458,613,528,493,557,538,504
"2932254",748,723,659,574,677,690,431,590,461,361,385,632,406,460,424,487,506,460,524,453,438,582,389,485
"3075123",626,748,626,649,598,635,627,564,534,572,576,605,503,455,538,543,548,484,476,498,487,586,517,425
"403",702,748,651,575,591,606,454,590,422,420,399,540,379,378,393,435,507,385,486,420,417,534,429,489
"2590785",747,344,461,495,631,321,321,384,278,331,350,503,322,276,291,274,288,227,492,271,242,389,270,297
"869888",690,745,634,543,497,627,549,549,488,536,515,532,491,484,521,486,550,510,538,485,473,486,523,447
"92947",643,745,610,613,590,606,537,580,465,475,548,535,455,420,457,475,512,466,584,471,454,546,504,512
"198620",744,574,551,404,732,523,365,448,309,316,342,419,285,331,350,315,376,319,457,299,313,487,348,359
"2247",721,744,625,680,616,635,619,588,589,613,589,563,512,574,559,588,616,521,502,550,576,521,522,469
"28453",744,588,646,523,728,597,194,627,229,188,174,456,149,235,214,177,336,170,514,183,233,478,250,521
"427923",690,693,706,637,592,744,531,582,541,557,520,577,423,501,481,510,587,508,510,568,458,557,541,546
"1277350",742,708,634,624,643,662,539,590,544,502,486,607,481,468,478,507,591,510,512,530,419,597,580,536
"171549",742,726,707,673,728,694,476,698,430,436,411,637,304,451,439,424,551,373,640,458,415,599,431,549
"1007105",741,598,557,546,646,542,380,561,422,419,352,485,370,394,404,387,523,383,470,360,417,523,444,408
"564064",741,710,663,557,686,701,431,652,454,415,406,568,345,468,435,435,549,403,585,452,437,587,440,571
"1335746",740,702,659,604,649,619,469,633,467,426,476,632,401,460,461,454,533,458,533,440,437,596,462,549
"2735906",740,689,669,641,580,579,436,638,455,424,440,576,387,430,396,420,504,412,547,395,407,570,358,469
"2961941",221,215,339,132,740,170,46,138,75,40,68,112,56,102,72,45,104,46,168,55,130,181,59,150
"1891787",669,739,586,565,663,657,517,599,502,522,532,569,451,461,466,475,536,430,530,498,451,519,504,511
"359110",739,637,595,556,626,589,444,537,420,430,391,509,388,413,395,407,479,408,518,387,413,517,467,403
"1930622",735,733,607,663,610,627,540,569,453,509,508,517,454,480,455,513,582,491,512,469,471,467,460,451
"2878535",683,735,655,611,573,638,605,584,538,572,512,561,541,508,484,526,564,542,476,491,503,509,563,457
"1470347",708,710,734,657,637,689,508,627,493,515,493,622,453,482,500,489,608,539,528,515,458,538,479,484
"1679096",617,734,621,594,566,651,562,524,538,542,548,577,545,530,497,558,507,528,474,546,471,502,523,496
"2706126",734,669,639,570,637,641,442,638,436,419,443,478,379,387,445,415,513,365,509,388,414,579,413,500
"1906738",677,726,733,593,691,670,506,631,503,484,483,640,425,487,538,511,546,479,530,511,476,524,567,501
"2527867",733,720,710,714,639,668,671,643,558,638,594,650,559,591,531,589,554,555,570,556,530,576,572,467
"29570",733,662,588,576,618,653,510,545,443,484,403,567,406,436,437,490,530,485,467,442,445,532,431,499
"43771",711,732,647,653,660,616,586,623,629,556,579,589,485,494,540,556,569,572,511,558,503,521,520,501
"2735870",719,703,681,551,653,731,402,605,412,382,376,574,336,389,427,391,492,396,516,380,338,532,446,539
"1531429",730,634,607,649,588,674,515,634,546,562,476,534,424,473,483,511,557,516,470,539,463,564,578,457
"181663",668,730,615,666,626,722,503,647,530,518,487,590,487,533,516,559,601,450,508,481,426,558,611,525
"2835648",730,724,618,599,672,714,534,564,511,497,501,556,408,466,481,471,494,487,541,529,474,568,567,541
"3002901",708,730,632,648,590,620,589,584,621,547,573,610,504,552,573,510,621,484,460,531,521,495,532,458
"3016087",617,730,601,586,606,527,626,515,515,546,563,534,549,544,552,521,497,461,446,530,491,428,510,450
"43675",730,703,684,633,670,671,551,610,614,578,543,566,560,542,541,543,574,507,529,514,469,567,559,473
"156978",689,729,599,605,595,608,564,559,562,510,591,557,492,547,507,578,554,501,539,580,531,501,466,438
"2718",728,673,675,599,662,628,431,588,471,446,437,611,398,473,499,496,533,403,570,442,425,547,476,482
"648794",521,727,520,495,436,439,357,430,367,340,336,391,329,353,367,368,421,342,372,380,289,429,342,364
"1987723",435,431,412,362,725,373,224,412,304,227,220,354,226,356,312,226,312,222,325,248,301,376,250,263
"984",725,495,503,343,633,574,166,484,142,160,125,395,111,145,183,140,258,94,411,132,166,429,128,521
"1931241",724,639,649,508,578,630,414,565,417,396,421,538,381,448,384,407,509,403,509,375,420,483,398,429
"3041098",698,724,610,525,609,629,441,579,428,407,419,595,366,439,421,424,490,451,496,442,394,522,390,481
"2320270",723,527,593,437,485,468,322,490,362,338,261,420,286,318,302,343,397,345,446,326,262,407,362,389
"2886932",723,611,587,574,717,603,496,562,514,459,459,559,455,483,426,428,498,452,477,486,473,510,427,449
"446660",704,723,596,668,691,700,574,600,637,537,575,570,485,570,531,584,552,548,516,494,521,532,561,469
"1402861",277,154,722,135,673,112,77,135,388,74,83,129,73,297,242,71,87,52,382,72,189,269,62,93
"1506334",722,504,516,435,633,514,271,453,308,299,242,417,283,309,285,291,361,250,420,297,267,431,296,318
"153496",660,722,537,556,592,681,467,525,458,438,490,507,375,403,436,437,518,486,502,461,441,487,461,498
"2759525",623,446,509,659,494,384,376,722,366,376,357,416,318,316,335,354,310,359,372,343,373,335,341,298
"398053",709,631,629,529,614,721,198,633,252,217,201,486,163,236,229,260,417,220,480,239,240,520,269,530
"2060066",607,720,564,558,502,583,419,498,409,431,411,504,405,420,398,469,488,421,491,437,425,430,437,440
"3028314",720,672,672,596,605,603,516,577,461,467,480,561,393,481,446,479,492,418,536,459,453,469,434,456
"471189",674,720,677,642,676,662,591,620,580,637,599,592,518,478,563,605,563,602,561,610,539,571,527,490
"702115",720,563,673,533,574,479,427,509,361,345,336,481,324,376,352,387,399,317,434,341,358,494,342,376
"1457",719,703,689,629,676,677,543,641,525,565,479,627,502,550,537,591,601,547,550,520,465,574,486,489
"2895490",718,277,588,298,400,261,207,241,158,170,141,248,125,143,166,143,229,126,340,160,139,438,189,225
"930805",596,718,569,487,558,521,374,518,365,325,336,469,363,416,380,400,439,344,438,336,387,473,395,424
"2902624",689,717,631,655,619,647,575,543,531,563,529,547,521,524,486,528,583,565,465,538,512,492,510,482
"3048891",717,272,285,230,292,268,51,177,40,67,39,198,50,44,30,38,144,30,201,36,42,172,36,191
"1177",597,716,554,545,516,682,440,452,463,452,390,477,346,412,379,516,607,632,359,641,348,450,628,620
"1812935",629,428,404,460,499,523,303,388,345,335,253,382,285,301,258,336,716,330,343,333,298,378,301,299
"83654",649,716,568,681,627,643,490,511,436,512,485,505,423,467,498,463,562,454,539,502,436,541,423,498
"85017",716,715,613,637,677,635,618,643,526,593,569,600,574,517,595,592,486,440,546,527,536,530,494,521
"1451",714,200,173,107,164,127,88,147,79,64,83,118,69,86,72,74,80,73,181,77,67,166,75,158
"2961597",665,714,650,597,629,628,574,525,516,570,582,554,490,497,489,446,514,558,543,515,477,534,575,525
"413497",692,714,591,584,594,585,446,567,520,497,471,538,427,468,458,449,491,424,555,461,429,522,460,429
"743836",608,714,523,566,573,612,488,541,419,447,427,493,377,428,447,406,462,411,523,461,404,513,450,425
"511062",688,713,617,566,629,641,513,600,442,450,456,573,382,443,441,471,493,458,452,435,389,471,426,442
"1481672",235,259,196,241,178,218,421,239,712,628,470,203,268,317,184,457,196,441,197,586,270,162,415,236
"2202000",643,674,623,592,712,551,573,582,610,524,542,523,514,549,539,561,556,514,478,520,493,528,462,539
"3059028",709,712,665,623,576,630,559,596,560,606,506,537,510,515,547,563,601,533,571,512,508,531,571,452
"1630135",711,663,711,651,637,685,518,571,563,585,531,564,539,496,493,556,558,527,529,531,491,509,530,459
"1909299",607,602,636,570,711,567,419,623,372,377,431,582,387,386,355,356,403,348,600,307,351,483,354,409
"388950",633,689,641,529,711,607,483,500,423,447,393,493,398,393,400,493,415,409,579,455,410,494,395,506
"745377",684,711,650,592,624,671,570,625,593,603,536,606,500,542,507,592,595,556,552,496,510,544,525,479
"2986280",710,605,460,545,608,457,231,596,191,240,219,387,182,215,226,247,391,232,429,224,216,456,241,286
"1986146",653,709,559,555,604,604,456,545,426,443,466,518,377,421,406,446,542,436,469,484,389,509,493,477
"29489",484,708,457,472,450,507,393,421,365,323,328,386,338,351,378,371,420,357,377,372,311,420,341,379
"2963939",706,708,618,577,545,545,396,622,417,402,356,472,370,429,445,374,515,411,521,392,410,591,436,390
"1178516",707,638,633,525,615,584,360,572,404,333,328,483,299,368,348,359,500,368,492,422,350,508,416,512
"1933880",707,640,677,690,680,614,531,604,507,538,475,572,519,513,504,473,510,471,493,453,431,548,517,483
"2815309",676,707,630,553,596,680,432,492,461,433,476,559,407,483,409,498,583,503,494,582,390,478,528,516
"2815936",707,374,606,315,472,309,263,318,211,215,216,293,214,238,226,198,285,208,349,246,208,422,229,283
"72276",684,701,707,573,641,585,444,634,446,404,385,655,343,459,477,398,552,373,588,415,407,594,470,454
"2237",625,706,615,617,620,680,579,568,532,513,469,567,511,569,471,515,602,479,465,533,483,482,496,423
"3033392",684,672,629,705,606,665,553,584,535,542,587,614,495,456,511,566,551,543,478,508,519,508,516,457
"2201271",704,399,443,377,511,480,111,434,147,107,109,300,80,132,171,101,223,101,348,114,126,347,151,412
"2518644",704,657,510,518,550,624,405,496,391,402,374,530,397,400,366,373,451,371,459,396,376,430,329,451
"293387",703,58,69,88,90,46,50,75,43,53,54,51,45,54,25,26,78,44,42,45,40,61,51,49
"71655",703,640,591,557,577,640,448,564,463,411,401,564,391,411,427,505,490,454,502,388,378,487,446,447
"1330547",702,662,638,562,565,642,478,593,480,402,418,563,427,454,492,421,514,448,569,453,424,499,462,455
"133926",698,690,634,702,637,599,558,577,519,544,488,551,498,500,493,544,532,522,521,535,451,528,503,492
"2737173",702,663,607,585,657,623,577,516,591,582,576,502,495,527,555,571,557,525,478,516,538,495,575,489
"2058624",700,349,280,433,389,365,166,413,148,179,164,262,140,175,134,178,260,157,262,191,155,244,186,159
"2911172",495,700,510,375,401,317,132,379,154,119,81,249,89,181,148,128,174,89,457,114,175,439,111,246
"3028878",641,700,605,572,593,598,474,588,440,473,383,540,421,466,414,414,500,444,462,448,422,528,498,452
"3070658",576,467,524,700,630,388,543,487,410,462,480,478,402,448,373,258,318,260,477,282,424,411,331,323
"43663",700,350,466,474,508,311,410,395,394,393,380,463,347,286,300,292,242,307,411,261,324,345,195,285
"2350",609,684,699,539,695,622,375,620,380,310,324,576,255,349,351,344,475,322,565,386,332,543,409,497
"436",646,630,699,594,617,590,428,612,509,478,448,541,437,456,436,433,506,449,542,428,401,518,483,439
"2003188",621,697,560,631,538,607,533,507,538,511,523,500,449,493,553,523,556,472,452,502,482,533,504,478
"2493093",697,618,536,559,520,663,400,561,396,405,430,578,369,435,424,404,496,348,427,386,394,428,370,448
"214856",637,696,527,572,588,601,503,544,528,469,426,545,457,441,482,470,526,470,546,480,465,493,487,464
"215221",633,696,597,550,586,590,472,549,441,505,489,502,438,465,474,425,520,467,479,453,429,532,499,479
"441501",696,680,663,655,595,606,583,629,584,572,579,520,529,464,497,529,549,548,527,550,491,569,515,474
"1565605",695,626,581,536,607,640,480,594,434,469,420,512,352,427,466,371,509,380,503,422,452,524,453,481
"3045157",695,540,486,529,524,593,309,536,285,317,290,471,264,343,295,280,374,307,437,290,264,400,328,528
"53246",695,669,555,578,599,602,408,541,339,372,338,565,332,369,375,304,475,367,454,377,351,553,364,422
"2895495",694,522,560,489,588,499,305,454,371,299,341,447,287,313,329,318,413,262,431,309,322,455,302,347
"53413",577,535,639,482,694,614,417,478,374,346,354,515,340,400,338,332,383,320,498,322,337,536,343,465
"171163",614,693,641,587,577,614,598,551,558,540,563,587,524,527,526,557,519,498,527,541,506,465,495,475
"218208",665,693,588,532,572,642,440,547,411,456,459,545,376,445,449,443,585,417,521,520,436,481,464,467
"2726989",693,650,553,512,573,558,446,574,424,404,412,502,346,408,411,368,460,390,436,447,367,496,371,447
"2748873",693,672,595,583,652,622,571,541,565,533,579,519,508,513,575,488,528,528,516,459,484,467,531,524
"239934",692,681,605,564,637,622,374,631,340,324,310,550,298,343,326,372,483,373,514,359,303,513,386,436
"2697027",692,687,553,528,588,651,455,511,441,461,455,470,383,415,417,436,543,422,516,430,416,473,438,518
"2726956",691,640,615,587,565,554,371,508,373,349,373,503,277,361,411,354,417,378,494,358,371,498,398,386
"2994661",691,577,529,449,478,497,348,498,313,326,326,470,266,323,313,317,382,310,476,295,316,426,310,377
"83677",683,677,637,684,638,600,643,584,691,654,602,506,524,558,558,530,571,553,503,544,562,456,473,425
"2811788",655,690,579,519,524,553,506,592,418,439,405,538,412,428,397,385,561,381,469,418,431,492,442,461
"2996034",690,565,527,531,521,577,435,546,390,412,412,469,423,430,388,391,493,389,395,396,365,436,415,406
"636",683,689,609,624,615,594,478,550,436,419,435,520,397,455,406,458,547,461,498,551,469,486,488,469
"1162",508,687,420,441,396,670,370,364,354,383,342,435,299,345,304,447,529,537,310,527,311,364,528,460
"2929803",687,551,473,400,528,576,168,455,169,167,157,368,110,187,170,148,301,151,398,156,178,394,172,376
"3015158",599,558,642,608,674,609,597,554,687,557,601,590,514,590,593,528,506,504,497,506,617,534,500,379
"373672",180,687,111,76,125,194,69,99,45,46,48,123,23,60,66,58,87,42,101,51,48,114,68,142
"3038924",601,685,579,595,609,622,520,520,501,480,484,452,396,424,446,494,557,429,522,535,471,442,473,441
"571",685,629,589,535,560,566,389,530,453,415,370,513,362,436,383,422,524,397,520,423,423,537,464,411
"1751150",684,467,402,437,610,429,191,614,221,198,173,335,152,193,184,191,340,222,329,198,178,393,215,254
"2608981",684,659,553,518,508,544,357,534,382,360,407,487,330,366,377,366,491,391,412,391,379,472,356,450
"29571",684,648,557,569,528,602,476,574,412,380,396,521,383,462,398,460,457,394,528,428,442,502,454,420
"497967",683,622,610,555,596,633,448,557,399,445,357,546,344,395,385,405,470,383,481,398,366,466,457,433
"2282849",682,641,530,521,501,529,397,516,407,401,406,471,376,382,432,343,458,399,458,427,352,473,367,459
"3033390",634,682,567,565,587,549,539,545,543,549,534,556,484,492,464,545,528,465,470,473,482,410,515,475
"2259620",614,681,514,532,536,575,406,521,366,379,416,493,294,348,398,340,484,369,476,432,387,498,436,444
"244566",681,598,535,513,567,509,397,503,357,386,384,498,329,366,332,363,479,365,413,321,374,498,360,397
"255475",611,681,651,620,655,628,500,607,522,552,472,532,440,453,438,393,475,428,497,392,446,502,408,480
"2596915",677,681,657,540,664,596,487,559,480,427,425,531,402,431,410,478,523,432,509,456,469,533,516,453
"2779361",605,598,633,520,681,542,413,541,335,429,426,587,365,339,327,366,441,358,542,330,366,492,355,435
"2994971",681,583,634,618,605,634,580,543,596,546,523,517,539,523,496,488,481,495,494,512,485,547,521,428
"110539",679,669,680,661,585,604,548,551,630,567,501,488,508,516,469,472,468,459,534,461,422,463,546,445
"1903409",564,631,491,504,495,680,393,468,325,373,307,464,308,349,311,345,497,356,484,354,359,408,399,378
"2775159",497,488,573,441,680,537,311,455,327,329,258,444,303,315,267,289,331,283,461,286,284,469,294,423
"2874282",680,182,218,195,253,213,61,190,19,54,34,139,28,31,16,21,132,32,152,34,25,147,40,171
"29404",610,631,614,674,580,528,588,480,610,540,680,412,569,652,539,476,436,448,464,473,570,485,412,377
"1176257",679,674,661,577,608,602,488,550,471,471,434,535,343,420,419,435,453,433,541,428,421,469,437,428
"2057743",679,653,578,600,599,617,550,544,552,569,504,491,518,528,467,485,472,487,471,446,463,466,568,457
"271420",679,537,544,547,522,523,449,526,405,360,407,522,354,360,347,364,466,365,481,391,330,445,395,397
"2745197",641,679,661,524,644,538,337,426,332,328,266,447,243,307,373,368,397,293,555,454,359,514,317,446
"3017784",679,606,610,570,587,592,470,539,431,429,493,543,384,459,423,454,442,401,477,364,380,435,424,413
"1356852",648,677,538,489,560,610,475,521,457,436,427,492,395,407,437,418,491,421,474,424,455,460,504,463
"1661",637,676,584,586,577,610,511,533,518,515,483,511,396,513,446,464,488,443,493,452,440,453,489,379
"2175149",670,675,568,600,604,578,521,477,543,543,537,475,466,526,467,481,536,488,506,512,443,467,524,490
"2883169",578,674,554,609,574,605,526,512,525,502,471,504,451,462,452,519,517,492,468,435,491,432,444,452
"1148509",673,560,557,410,533,490,375,510,362,327,352,425,333,373,417,361,371,343,472,369,361,471,396,397
"1834519",621,673,617,538,606,662,366,584,376,334,354,513,287,370,315,364,482,350,481,363,370,607,361,520
"1457250",672,670,519,618,581,615,532,610,521,528,541,506,494,483,488,493,496,533,463,580,435,461,527,471
"79263",672,634,579,530,527,546,431,500,382,409,392,515,331,366,411,437,471,403,459,439,361,431,429,459
"2580515",671,189,192,185,258,252,173,195,140,172,154,217,149,139,136,169,173,159,180,140,128,200,128,177
"2745504",671,667,525,443,621,545,354,492,388,347,356,404,316,371,358,397,444,341,482,322,331,450,384,412
"65958",621,671,611,631,563,587,452,529,387,403,466,545,377,445,415,398,506,408,437,430,385,495,436,437
"146939",670,621,550,564,506,567,427,506,392,395,380,552,378,434,481,452,460,439,450,403,455,456,442,402
"2603215",670,667,596,588,562,586,467,579,460,457,409,529,391,449,401,396,524,444,537,423,414,519,477,487
"3015150",643,641,633,600,665,558,670,584,625,624,663,526,585,553,569,602,477,561,500,493,524,507,467,435
"85072",659,635,670,524,560,634,428,574,478,386,399,557,403,445,425,398,501,371,491,442,435,513,454,417
"2714935",608,669,629,604,605,546,516,563,512,510,523,512,445,500,440,507,507,428,449,478,481,427,440,456
"2778058",203,669,260,299,160,182,117,176,154,139,155,166,118,172,255,124,177,134,180,143,148,148,138,157
"3027225",596,532,589,452,669,523,346,536,368,298,312,444,291,331,309,285,370,256,494,285,322,436,316,515
"1874",668,630,611,562,622,548,507,546,604,515,527,507,476,552,531,502,364,418,505,438,582,456,398,377
"3041264",668,192,347,247,663,140,143,177,149,126,133,206,98,141,118,91,125,104,364,108,129,199,117,227
"47716",639,668,647,609,612,619,576,551,547,560,505,556,515,526,516,488,553,484,517,509,516,552,464,417
"2527973",613,666,625,551,631,563,370,543,406,390,373,544,354,388,387,355,461,370,496,376,390,553,409,463
"2880651",666,655,600,611,521,599,522,536,510,499,510,553,432,463,452,461,527,454,469,465,457,543,499,458
"1288121",665,646,562,551,604,625,493,508,427,480,463,483,393,444,424,473,470,474,500,478,426,520,443,460
"1785161",665,565,550,495,503,433,368,526,376,347,332,470,308,358,292,356,403,334,410,327,361,456,372,361
"253",457,665,437,299,384,482,167,322,136,127,134,293,107,140,179,112,237,129,617,131,150,312,125,365
"2572921",581,665,531,564,539,584,571,561,447,523,502,492,421,524,466,491,523,497,463,481,477,460,483,419
"395598",665,403,497,332,400,314,221,312,198,200,228,282,193,217,217,216,288,230,296,225,194,325,186,245
"183795",664,521,545,473,546,498,345,507,313,309,325,418,277,355,343,343,356,336,457,338,304,470,352,386
"2058625",664,353,262,355,365,334,151,353,129,151,163,280,150,181,182,189,258,173,252,146,156,261,197,174
"2867516",664,621,516,516,541,567,337,510,312,286,297,434,271,265,303,292,363,278,425,281,269,382,286,406
"2978973",664,660,613,613,631,600,525,576,462,461,507,526,431,435,451,409,544,414,474,434,436,486,515,498
"548",596,664,576,506,531,551,415,526,423,396,375,467,342,388,398,419,475,406,448,391,436,548,433,424
"328814",566,663,510,537,499,525,408,481,405,428,382,455,398,402,377,385,419,414,421,400,362,446,403,393
"1679444",662,583,570,466,507,633,322,633,321,297,309,463,278,339,292,366,429,347,435,373,316,537,358,420
"223182",640,662,638,637,646,630,624,520,517,549,536,535,475,589,516,520,520,501,498,528,523,493,543,478
"3033809",662,603,557,465,603,529,526,515,542,545,522,472,463,464,490,444,458,414,511,455,438,442,442,451
"862126",662,526,500,418,594,658,159,532,160,166,106,421,131,178,191,149,281,160,444,191,198,400,201,390
"258",661,465,474,388,530,446,156,514,178,139,161,366,113,176,158,150,257,116,398,149,169,393,177,440
"56957",591,661,553,566,561,628,515,524,474,528,477,509,458,517,455,521,552,491,466,488,484,485,488,426
"747",617,544,338,661,465,547,49,513,47,49,113,453,34,69,62,36,329,101,248,45,68,219,53,326
"1138383",602,660,602,582,526,593,513,516,497,462,467,506,428,514,443,469,461,430,446,410,425,483,447,468
"2049589",660,514,538,411,545,440,340,443,361,321,317,461,310,343,378,329,395,320,430,301,324,406,345,375
"2762577",660,541,592,532,548,548,389,528,367,371,355,495,325,363,389,339,435,390,436,350,367,488,400,426
"2520506",592,659,634,476,537,630,246,563,327,254,233,499,194,309,268,295,404,283,508,293,260,537,315,498
"2983233",560,659,586,570,516,605,587,486,491,495,548,508,486,478,424,453,509,502,449,475,427,447,475,435
"1703338",617,657,617,515,656,582,325,580,369,368,400,562,343,404,351,364,454,302,547,310,339,525,319,399
"2978474",645,657,639,611,618,627,533,539,465,465,477,490,437,422,432,450,515,510,471,456,466,446,474,483
"1906",656,607,619,540,584,484,532,523,495,467,512,483,425,446,406,462,443,412,545,416,376,516,427,393
"3022791",656,627,545,515,559,557,415,594,474,393,389,502,402,404,421,402,457,390,456,413,395,458,402,414
"59282",546,656,538,499,481,586,410,496,421,432,373,463,362,399,412,376,443,408,424,388,426,415,352,398
"107",635,583,565,455,655,586,302,571,279,274,238,434,227,271,305,260,420,261,491,269,244,485,311,491
"1214604",655,618,528,559,519,621,474,502,439,436,403,508,418,431,394,487,506,350,416,456,400,485,437,429
"2916397",655,638,523,554,540,649,495,553,484,436,484,483,451,489,417,410,491,417,478,456,372,462,450,457
"416273",638,655,582,581,553,590,523,505,519,509,515,547,491,447,456,482,492,449,476,510,410,469,447,430
"1505757",633,654,562,534,583,562,454,523,364,420,478,513,376,418,398,474,498,393,461,445,359,470,419,401
"2745947",643,567,517,461,562,654,361,490,356,346,295,457,309,351,349,359,367,334,474,380,366,481,325,437
"1334193",576,653,491,500,533,523,417,541,386,383,370,476,334,383,395,407,471,379,450,401,373,474,371,408
"1842535",609,595,559,418,653,518,409,474,322,372,375,535,350,312,353,318,353,278,509,305,327,429,277,352
"3031916",639,653,569,514,533,539,500,470,440,498,488,487,471,501,499,469,447,455,457,472,427,456,501,399
"1073",652,629,602,572,628,640,385,620,378,405,394,528,377,351,366,401,492,405,508,422,364,472,363,491
"1379910",547,629,563,526,652,589,463,475,387,510,369,431,318,397,362,404,410,357,499,440,461,538,360,503
"2966625",128,652,85,153,52,116,34,76,22,17,28,70,17,35,24,24,52,20,89,26,26,75,12,83
"2982699",652,650,585,592,645,602,527,515,536,447,481,543,467,515,538,495,501,480,452,476,464,464,440,430
"61652",652,549,527,539,493,569,381,509,440,393,372,473,315,387,383,382,436,379,423,382,339,472,391,404
"1566351",603,651,562,568,527,595,500,522,407,481,480,512,394,426,438,484,531,435,472,502,405,432,526,442
"1781",626,643,584,651,589,524,504,524,570,528,515,474,440,510,510,449,496,478,464,464,442,457,479,389
"2201356",651,383,545,369,544,387,241,373,282,256,222,347,221,230,259,250,329,241,393,257,229,417,255,474
"2862866",651,543,505,448,628,515,315,501,338,309,293,447,273,290,296,258,369,290,465,265,332,359,316,409
"2876194",637,650,622,597,612,623,585,524,523,573,533,582,535,495,545,528,511,524,523,509,468,530,495,455
"2878680",581,650,571,534,576,615,483,461,502,487,484,478,427,480,446,476,536,489,454,416,438,479,507,460
"77635",619,650,607,578,586,583,506,572,523,484,534,542,462,465,444,510,544,468,480,495,488,476,461,439
"1188315",649,577,559,562,562,546,537,541,553,544,538,506,477,515,454,464,473,460,480,492,418,454,467,437
"1017351",641,648,590,506,569,594,484,551,533,558,529,516,461,476,473,499,552,556,493,498,471,447,484,490
"1960083",648,638,623,617,579,601,565,540,535,511,591,539,482,505,538,532,506,549,529,512,480,503,524,488
"2876190",552,648,541,476,481,529,486,489,462,420,451,477,418,453,400,464,535,448,397,467,460,408,428,334
"748197",556,648,484,489,503,507,427,460,395,442,376,514,348,387,400,440,414,393,405,409,395,425,412,458
"32046",647,550,546,548,559,601,450,565,425,431,443,565,408,429,394,473,488,462,436,468,428,513,441,416
"46677",646,576,471,429,473,495,343,464,370,324,353,418,277,343,331,397,401,321,368,378,342,415,375,372
"47878",646,573,618,562,611,537,392,491,414,381,377,520,328,400,363,398,431,384,434,357,398,465,391,421
"2609254",598,645,567,602,564,524,582,508,428,553,510,473,506,458,471,473,447,469,401,473,447,438,416,419
"2986824",190,361,645,126,224,98,27,129,62,56,42,77,24,75,59,22,66,25,194,36,171,548,30,85
"2795293",637,644,493,563,504,623,435,508,458,416,429,497,353,394,399,439,532,398,396,468,390,495,477,485
"2070369",640,643,567,499,520,573,411,508,423,415,403,457,352,384,387,378,476,355,420,401,340,406,408,418
"2886046",643,573,552,545,631,596,409,600,427,423,426,474,374,411,415,440,442,380,494,396,375,449,372,449
"1136497",572,642,558,527,570,510,444,473,471,508,453,475,447,457,472,458,477,439,450,426,404,430,462,380
"2072405",503,434,563,374,642,517,325,490,323,290,281,436,245,330,304,279,348,277,485,315,351,470,298,446
"265960",621,642,554,531,558,555,411,495,412,430,413,490,359,421,397,431,457,400,467,434,372,440,450,470
"3004129",642,629,464,526,535,566,405,530,392,433,414,490,370,420,428,424,506,402,455,442,360,531,423,401
"48074",606,642,535,512,555,549,371,536,395,384,364,498,316,413,358,353,447,359,426,374,376,453,388,481
"561879",642,122,98,95,122,100,138,159,90,99,99,93,139,74,68,48,94,83,88,96,58,96,81,86
"73918",642,630,607,591,620,635,545,548,535,501,523,581,459,492,470,531,535,506,453,530,443,463,548,465
"1526412",605,581,640,587,600,554,505,487,515,421,427,498,371,437,443,457,441,357,513,393,400,500,375,485
"3053904",640,624,543,535,546,551,549,558,520,471,482,516,464,485,466,508,455,454,426,524,428,436,467,402
"41170",233,146,166,143,110,174,78,156,85,103,83,640,74,81,84,106,157,94,126,116,93,138,102,119
"437900",640,519,531,506,456,480,339,473,329,322,332,446,293,343,346,349,409,308,389,339,298,455,351,387
"2714934",639,563,602,522,521,487,480,491,465,473,456,472,424,441,442,459,450,370,440,426,457,474,432,388
"333367",625,639,545,537,578,585,457,448,420,428,443,518,429,474,386,482,496,478,437,453,415,442,535,434
"2678257",638,338,351,261,589,282,205,278,206,203,192,317,191,195,160,199,187,156,403,171,180,373,191,183
"2937524",638,634,573,532,546,613,559,572,489,578,498,516,434,520,483,503,525,476,530,511,470,531,456,436
"2057025",637,541,578,375,559,550,299,594,284,283,245,436,238,329,280,274,389,262,467,321,310,455,313,414
"2161747",605,634,586,524,611,637,424,541,389,364,351,514,316,393,397,368,494,379,458,420,388,504,376,453
"29284",628,637,559,595,605,522,546,567,509,599,538,556,477,508,472,501,548,530,439,502,513,531,504,417
"2666025",627,636,573,443,603,623,260,532,243,256,251,461,211,268,273,275,443,264,494,289,252,459,290,480
"2739062",197,439,348,636,209,144,51,139,81,55,103,141,32,124,147,47,66,46,158,50,73,356,64,121
"2898794",529,503,467,394,636,451,253,465,265,237,259,464,239,268,247,236,377,271,439,295,241,447,281,451
"441209",566,636,532,501,565,522,432,569,419,415,386,490,392,376,404,366,449,379,419,395,364,450,439,397
"1902245",597,635,532,552,590,583,537,574,511,477,473,490,482,490,511,456,489,453,436,438,458,469,440,465
"872",568,635,592,528,524,573,477,467,380,403,441,520,392,434,391,432,514,444,462,473,374,450,444,415
"2209",60,47,230,57,216,60,39,43,633,32,37,33,36,418,379,38,47,19,243,40,275,174,43,36
"1520670",632,628,527,490,519,509,443,458,457,420,464,422,419,412,430,431,429,407,378,393,379,437,426,437
"163202",632,564,563,526,548,541,466,452,446,454,466,464,460,474,467,463,509,410,430,452,430,411,456,419
"239935",543,632,516,496,493,505,358,494,331,314,274,483,266,352,320,353,446,336,414,316,295,401,344,435
"2746321",632,543,562,481,539,501,371,555,409,401,386,472,326,367,383,389,445,388,443,371,341,428,350,432
"1866326",605,631,579,538,561,574,445,557,393,411,409,583,365,418,385,368,486,371,455,389,385,500,414,468
"1870819",631,402,348,377,345,335,247,376,252,268,210,304,198,247,191,224,294,195,288,252,173,296,229,277
"2724123",493,480,526,371,631,472,282,464,340,294,279,371,290,384,332,298,273,288,397,257,289,440,299,361
"2434",630,566,497,489,525,516,348,460,359,351,391,448,328,339,337,395,473,360,433,337,346,419,349,420
"398049",630,427,492,388,469,501,188,468,223,224,187,377,204,227,200,183,310,200,391,213,229,413,214,320
"44012",622,630,528,581,611,609,425,516,463,416,425,504,388,372,396,372,446,426,513,373,395,516,434,425
"44742",630,621,530,595,515,604,489,495,446,462,453,480,421,471,434,450,530,475,486,463,433,486,493,429
"28141",534,628,605,504,599,629,442,591,419,404,415,516,404,408,424,442,494,423,504,437,382,459,420,437
"74712",623,584,569,629,583,577,602,481,592,596,587,476,531,516,516,556,610,504,500,492,510,463,534,396
"1678129",628,500,449,437,573,439,248,614,245,227,211,404,197,203,248,238,334,214,378,228,255,411,229,257
"1773",593,617,628,588,624,582,528,541,461,494,516,501,440,472,479,516,476,475,485,473,503,453,428,474
"2785785",608,628,564,523,560,592,467,547,414,371,377,475,340,382,431,384,491,344,499,404,396,479,421,440
"3033810",616,615,628,576,611,530,561,543,555,507,517,480,488,474,510,452,470,420,484,431,439,440,460,454
"12960",627,611,516,549,483,544,325,515,374,362,329,479,294,395,404,394,456,393,390,343,414,485,387,385
"1891671",622,627,578,590,572,540,536,472,495,529,495,484,442,474,458,489,475,465,466,471,416,478,423,437
"2997335",627,240,405,478,551,235,248,340,200,220,183,417,202,189,194,157,207,126,349,146,181,326,143,186
"1667168",624,625,569,612,551,575,474,560,549,500,497,551,462,526,520,474,567,493,521,511,473,555,475,430
"2728022",625,379,314,364,383,389,123,349,115,98,64,248,86,122,119,126,201,109,323,129,118,268,106,246
"555573",624,622,556,552,566,611,528,487,520,507,515,531,444,461,484,532,524,471,458,480,429,509,482,416
"1850526",524,546,544,394,594,622,158,495,198,162,146,491,144,206,201,182,304,169,525,171,188,447,212,516
"106",544,621,540,424,609,561,268,501,354,279,257,455,250,292,283,281,385,277,483,273,327,453,320,441
"2594007",621,552,556,528,571,519,513,490,553,499,511,470,501,482,440,396,446,384,443,419,475,394,438,420
"2876193",621,603,477,484,482,536,469,450,440,495,422,432,409,417,443,457,486,470,442,471,411,375,455,386
"29542",549,621,504,537,557,577,434,511,411,429,392,485,363,407,375,440,489,425,413,439,369,443,468,396
"3058963",621,535,496,442,548,547,382,521,363,374,365,479,333,380,367,337,400,387,440,397,373,483,411,419
"33871",542,621,542,509,437,519,452,442,418,404,461,449,420,406,391,453,487,408,384,408,372,413,401,358
"387341",621,602,578,589,538,570,531,515,455,460,461,471,454,444,425,470,440,438,474,424,414,491,455,415
"1495638",620,601,557,530,509,490,516,471,501,461,473,417,451,502,455,463,439,484,442,448,383,421,409,359
"2305508",620,568,507,425,581,605,196,541,206,216,180,416,149,203,218,178,309,182,374,220,202,486,235,417
"2861765",602,491,495,336,620,504,155,461,170,118,119,332,128,177,164,148,301,127,497,131,167,434,170,432
"53501",620,592,557,514,552,518,417,477,406,399,385,504,339,401,371,386,459,414,483,426,397,491,407,402
"1581038",619,111,412,186,310,81,103,117,130,164,152,112,210,110,92,44,91,42,213,42,92,271,56,67
"1769779",606,619,532,462,540,582,418,526,401,394,381,515,389,407,418,380,470,390,503,369,416,477,417,458
"2600177",591,619,518,450,535,558,445,490,370,404,402,474,381,429,417,448,499,434,456,440,405,426,512,435
"318147",619,381,402,467,319,256,92,442,77,78,97,231,63,86,93,58,214,82,275,76,67,323,83,120
"203557",618,500,596,456,506,508,182,548,192,171,166,421,156,168,195,178,360,182,434,210,171,497,225,393
"1178482",570,617,518,436,535,564,334,513,362,328,365,443,336,360,380,354,439,365,439,334,366,479,402,381
"2044521",566,617,552,562,478,538,508,571,455,420,474,493,403,402,440,442,479,451,424,428,380,418,370,444
"3017781",527,617,516,551,534,536,410,465,405,413,370,440,329,396,368,368,448,386,404,409,338,430,421,416
"2016196",607,616,535,447,560,570,397,526,373,369,343,504,309,382,367,378,527,345,417,398,345,472,406,398
"42906",616,599,584,420,601,502,419,520,408,470,438,472,345,382,381,395,468,377,448,387,340,432,454,371
"454662",70,86,106,90,121,616,77,89,128,64,56,73,38,125,69,46,88,40,67,71,188,86,36,515
"1710539",603,615,552,495,505,559,484,441,444,429,435,502,426,453,450,441,452,390,437,417,396,418,458,401
"1916956",596,598,565,595,615,614,531,528,498,547,486,493,432,457,415,490,483,458,485,464,424,497,509,458
"2527971",577,615,515,540,582,615,341,475,373,366,340,461,336,392,366,344,536,377,450,385,333,527,418,434
"2527976",615,593,545,500,522,549,366,477,346,349,361,482,310,355,337,379,487,372,400,354,370,521,383,421
"2908651",615,600,595,541,554,513,513,544,507,455,455,525,396,449,466,400,469,423,436,473,438,507,461,418
"114707",614,595,555,506,490,479,363,520,292,304,310,409,285,347,268,335,403,311,447,327,314,439,364,388
"169760",614,580,507,499,509,551,391,449,369,355,381,452,322,386,372,339,381,368,415,396,353,451,411,437
"2020311",614,541,489,473,432,600,299,493,331,328,288,428,282,266,316,273,389,314,389,291,296,361,309,415
"1765049",613,612,505,485,488,530,390,482,433,375,340,469,344,402,380,382,463,331,411,394,409,474,397,383
"2986281",613,462,435,461,575,505,239,563,179,156,182,340,199,210,170,226,354,241,336,232,193,415,201,300
"252514",612,559,491,429,486,505,375,467,358,384,399,423,334,323,367,306,457,386,414,367,320,456,417,387
"2730847",612,555,555,471,567,487,391,516,403,371,345,419,328,369,395,365,409,376,391,367,388,510,378,362
"273384",612,604,562,535,535,532,511,478,479,495,507,422,429,457,427,431,433,417,403,426,424,453,422,378
"2745199",612,597,585,536,533,530,379,511,396,375,429,523,368,409,375,409,445,410,461,385,402,462,424,417
"2598458",611,456,456,481,402,549,341,490,273,270,273,371,272,282,279,295,411,269,356,327,271,366,339,366
"3033387",611,610,583,552,578,568,551,518,506,545,506,541,499,466,434,526,477,479,486,505,430,508,514,421
"38286",566,611,546,541,519,527,495,501,486,430,448,419,429,419,477,466,465,451,375,430,417,402,422,393
"1408",610,193,206,177,210,179,156,211,138,138,131,158,128,138,116,108,132,117,133,141,88,161,135,148
"2709392",567,610,509,491,552,525,485,466,465,438,412,458,388,436,403,413,455,399,381,426,364,422,387,374
"3059027",487,534,534,438,610,520,355,485,304,354,337,438,267,346,300,316,367,296,470,291,293,421,302,383
"657387",610,509,504,460,471,500,375,517,362,365,386,427,337,393,360,346,400,361,424,377,392,447,395,378
"2364647",609,532,516,428,531,529,396,508,376,381,359,487,381,369,379,349,437,354,395,342,362,414,355,388
"2528007",586,609,509,442,548,554,374,449,340,351,354,490,299,359,364,315,507,323,405,368,340,492,363,411
"2878545",457,382,456,350,609,348,196,461,176,205,228,384,207,201,157,170,260,190,390,212,188,354,191,284
"2997337",571,608,501,480,477,513,388,478,411,361,421,442,357,358,345,374,427,362,403,367,347,405,409,341
"31993",554,581,507,552,512,607,420,529,359,399,427,472,344,415,362,391,481,432,440,382,390,469,412,394
"2980100",606,591,560,441,560,555,411,513,357,339,380,465,338,366,361,369,508,390,463,355,315,436,403,407
"3073561",606,303,259,345,327,268,156,368,152,174,123,222,127,149,141,139,203,123,257,151,126,219,132,147
"1421430",605,498,515,410,515,504,299,445,339,310,284,431,319,340,313,276,334,332,429,338,293,422,358,376
"274539",605,554,512,507,528,518,409,501,433,420,418,433,377,471,398,418,475,394,419,394,402,478,441,415
"3025666",605,412,380,331,378,537,140,476,115,90,97,295,94,157,137,131,238,105,386,100,126,340,119,272
"179637",523,604,546,492,464,528,483,504,496,509,435,444,439,428,459,501,447,449,438,449,409,418,455,386
"208216",545,540,501,509,548,604,406,430,415,458,395,552,354,375,373,413,469,431,412,396,347,420,414,442
"2171755",604,567,464,487,537,586,446,491,368,386,393,449,332,382,328,377,419,364,393,399,351,394,406,382
"349221",475,490,406,437,604,494,336,492,321,296,314,446,266,311,311,259,375,296,436,303,288,383,364,324
"463192",561,586,536,534,522,553,455,559,431,474,432,604,389,449,447,454,501,432,465,453,433,456,458,450
"1120045",603,472,547,457,504,542,325,488,333,327,309,470,300,321,300,263,353,296,385,281,304,396,332,420
"1870820",603,532,491,480,489,531,403,416,425,365,379,464,326,369,382,328,399,321,388,340,330,452,425,353
"2528019",603,586,565,525,547,583,395,514,409,371,377,477,350,370,362,354,421,354,445,355,381,527,378,468
"28231",555,603,493,503,441,506,383,502,363,363,366,417,329,394,353,364,421,446,416,400,367,470,407,348
"1906272",557,306,602,367,557,315,279,358,414,267,271,303,248,389,382,205,271,169,412,211,329,432,224,249
"2054919",601,512,524,474,536,498,368,466,344,370,363,413,286,330,362,324,371,329,423,370,339,439,359,308
"253239",533,601,493,487,488,495,426,447,390,436,412,461,363,402,367,407,456,391,440,401,382,416,388,402
"1176721",600,460,434,350,445,520,125,459,146,107,122,338,92,175,153,144,298,121,354,127,151,362,156,315
"1420917",600,587,515,471,468,510,351,500,364,402,419,494,333,340,370,331,414,367,452,351,312,415,427,428
"204038",600,600,544,553,494,566,420,551,409,415,386,491,370,390,400,404,473,412,477,431,401,454,435,368
"2796470",600,586,534,508,522,518,470,472,395,392,367,480,377,398,422,451,439,398,401,407,353,463,452,397
"2815360",600,578,524,506,487,560,354,488,334,395,334,431,303,332,359,321,390,332,393,303,287,429,319,439
"2884832",600,182,194,201,233,168,39,189,34,42,48,181,26,28,35,24,137,36,195,33,29,149,37,155
"2898795",600,599,543,546,487,505,498,436,474,444,448,465,412,399,455,442,434,430,413,415,372,433,401,379
"3033388",533,600,450,487,490,494,486,459,443,441,445,425,395,432,441,464,475,447,404,388,469,417,433,369
"3050898",557,600,498,438,427,505,371,464,327,371,372,452,298,405,384,409,522,399,370,390,375,444,373,365
"2796143",544,599,534,491,483,496,429,415,414,388,377,474,363,375,392,390,437,429,426,441,353,381,386,428
"2602067",583,598,519,487,518,509,402,447,376,429,399,492,376,356,410,430,459,381,485,368,383,442,345,368
"546",408,598,348,359,355,343,271,311,251,232,280,323,212,225,254,228,289,216,325,241,214,288,290,290
"73029",598,518,440,379,445,479,319,411,309,303,323,444,274,387,313,289,454,329,405,319,314,381,335,334
"1259844",597,399,438,120,121,88,73,140,68,58,58,94,76,71,64,51,62,51,121,52,59,113,57,98
"1379040",596,566,484,467,539,556,498,490,436,494,430,467,384,450,487,435,513,463,417,458,407,408,415,409
"2738883",596,575,542,476,543,575,407,546,362,364,418,494,346,413,381,356,465,339,468,347,342,455,380,415
"3035471",581,596,551,516,563,594,419,483,358,391,369,474,330,347,327,387,476,354,445,376,315,407,356,366
"2953747",502,595,464,505,477,549,487,462,410,464,439,436,405,464,416,451,437,393,407,451,398,455,418,393
"2961570",506,595,532,525,513,517,468,465,424,439,434,452,445,484,422,433,511,427,386,441,419,372,425,380
"1197717",572,594,519,470,512,581,468,508,467,476,419,429,405,440,383,445,452,455,451,466,422,463,445,421
"2508880",514,522,557,594,511,522,405,423,492,410,451,460,399,400,417,419,409,387,445,382,355,439,378,362
"86185",594,570,476,476,469,530,354,460,312,315,353,431,306,394,304,326,366,313,482,345,305,414,408,387
"1353147",590,593,500,531,586,542,472,468,431,454,460,488,399,409,373,483,494,412,437,455,395,484,389,407
"1632780",533,593,464,470,458,541,385,491,370,337,364,448,311,335,317,365,423,411,404,395,349,348,394,390
"248903",593,95,122,64,98,62,60,66,52,53,53,74,88,59,53,45,41,36,111,35,55,86,41,59
"2964610",573,478,491,557,593,439,407,448,413,407,380,446,371,378,398,357,387,329,422,355,333,391,337,336
"70411",428,387,393,314,593,424,359,339,282,308,286,327,273,306,314,246,282,247,342,249,267,365,219,274
"1928",592,564,527,514,543,497,569,498,476,442,481,474,470,479,468,427,444,397,417,423,400,359,387,408
"2093857",592,556,502,563,468,538,444,474,433,425,455,474,438,413,411,449,414,446,390,421,412,437,400,417
"292414",543,572,518,488,592,509,461,503,431,370,414,488,369,366,361,371,463,382,408,407,336,400,409,389
"2926710",592,72,106,58,101,70,50,70,52,59,49,103,51,47,50,34,46,45,114,36,59,98,40,54
"393662",582,592,512,476,490,537,379,515,352,342,318,483,376,352,357,409,445,363,399,416,375,459,375,377
"2666139",482,355,473,389,589,412,273,378,233,258,270,381,272,273,276,262,277,236,434,268,239,390,270,437
"651740",589,572,476,492,464,490,370,485,374,351,339,421,271,352,354,316,364,296,387,354,325,385,317,304
"84110",566,589,462,556,505,536,474,488,432,450,447,481,419,407,411,432,510,447,407,462,467,465,420,407
"1030",588,559,564,482,504,516,434,550,357,410,359,527,343,441,364,305,365,326,450,337,353,467,366,388
"2763010",588,552,545,586,491,568,479,497,463,444,448,497,425,463,452,461,473,470,429,460,428,416,419,430
"2795687",571,588,461,495,521,505,396,493,427,393,365,413,361,444,358,400,446,403,429,366,386,535,379,445
"2871095",588,379,528,288,444,321,256,317,244,239,277,314,208,216,202,212,268,223,368,223,206,396,228,303
"2885078",588,545,559,527,489,543,517,469,483,508,480,468,468,449,448,463,524,484,436,480,470,472,496,445
"3034025",551,588,581,548,504,549,463,490,486,446,484,465,469,400,479,466,506,423,447,468,444,464,393,400
"375489",588,478,415,407,405,423,296,417,301,270,283,399,240,286,243,256,360,280,352,300,278,364,301,354
"712411",576,588,511,521,488,530,494,475,438,471,456,503,412,442,439,431,451,421,381,467,390,420,420,378
"108486",587,559,516,532,493,562,510,482,494,465,478,461,444,447,386,432,442,438,430,460,440,452,407,409
"2303528",575,587,518,479,494,554,463,465,428,388,421,486,332,366,362,435,484,455,420,415,381,396,463,451
"2654218",586,561,458,461,515,494,359,564,374,354,355,461,293,365,329,351,463,341,440,350,385,435,347,399
"37448",586,486,393,395,458,437,199,495,241,225,208,401,199,215,220,230,317,239,376,208,221,384,211,273
"551",586,582,472,502,539,464,318,511,322,380,310,434,287,391,319,365,451,335,384,327,375,405,358,377
"224402",538,579,462,496,446,585,475,482,433,438,494,449,382,406,407,451,425,422,403,456,374,472,421,380
"2758573",571,539,537,554,585,474,504,515,418,479,492,462,393,497,480,438,427,417,418,400,414,468,449,419
"2527994",575,584,481,513,525,496,341,434,338,367,340,479,270,332,313,340,481,341,392,326,295,515,384,413
"3032584",569,571,536,475,524,583,520,459,461,499,486,509,433,436,456,476,498,429,479,453,443,473,469,413
"3051120",542,452,466,377,583,432,270,380,319,296,286,419,217,307,278,252,277,218,449,223,275,383,243,365
"3034024",571,582,468,551,485,556,476,451,440,444,454,436,370,415,427,462,477,426,433,434,419,381,482,412
"52773",553,582,579,567,534,507,447,437,473,468,481,454,465,493,520,421,499,504,428,392,447,420,439,378
"1550728",552,531,518,454,581,480,351,516,337,342,368,442,312,325,306,319,355,272,504,254,316,434,284,368
"2027860",581,441,415,355,432,484,174,453,134,155,118,337,104,165,171,145,278,142,345,161,158,380,154,338
"418223",537,581,435,482,438,532,407,434,365,362,402,413,295,367,360,350,409,352,424,382,344,387,400,383
"44251",580,500,475,467,530,504,384,479,353,367,361,440,332,415,348,346,424,310,415,394,326,368,373,348
"1297617",571,579,546,508,521,546,444,478,419,441,440,471,385,425,393,459,400,443,398,446,431,443,409,452
"1385664",579,558,470,461,538,569,410,410,349,425,369,393,319,390,379,566,396,415,492,444,380,443,381,451
"484429",410,225,460,302,579,210,111,458,85,94,98,408,98,115,108,103,138,78,439,113,108,275,84,188
"1379870",515,578,449,403,572,550,248,497,289,258,227,395,221,301,207,253,338,249,373,267,259,370,309,413
"1811807",565,578,512,485,504,557,354,537,388,352,296,500,329,364,389,328,398,316,461,341,394,478,401,437
"2946593",578,340,353,296,303,269,197,346,226,182,197,281,147,254,227,194,257,184,291,175,212,311,232,228
"401472",559,578,549,540,536,540,482,455,477,482,497,419,428,448,417,420,468,514,392,434,396,390,476,402
"463024",566,578,511,462,523,575,405,529,399,444,339,496,337,313,374,376,414,373,458,354,407,438,388,368
"46679",578,428,420,462,485,414,302,415,297,290,284,379,222,304,264,271,310,285,379,287,299,387,272,303
"2895480",577,463,401,392,507,386,237,455,258,236,246,389,253,281,236,259,324,289,385,257,256,331,299,265
"2173831",514,448,463,458,576,418,313,478,286,273,298,476,279,349,305,273,329,250,452,258,262,379,240,350
"48073",512,576,443,461,555,502,370,469,368,327,360,424,316,359,341,336,390,358,429,369,336,392,418,373
"2871694",575,554,520,525,480,538,424,428,393,479,433,450,374,399,409,426,420,358,395,457,363,394,403,377
"2867264",574,542,497,429,548,514,366,474,338,353,334,470,284,323,361,307,424,342,392,342,311,408,347,362
"1580596",506,550,486,509,477,573,421,496,399,394,395,380,343,392,366,353,443,369,455,374,357,376,374,430
"1550024",486,572,517,525,520,570,417,438,465,403,471,468,432,440,432,404,411,402,420,407,389,460,403,422
"2743",572,552,496,484,503,504,373,512,349,373,349,503,354,385,403,344,403,333,461,370,354,440,425,340
"39791",572,540,487,436,538,531,446,461,387,380,393,437,325,379,384,414,380,369,503,401,372,406,395,339
"430522",545,427,483,324,572,476,133,407,150,85,94,331,84,131,145,125,258,91,364,144,112,378,168,381
"1203471",571,526,454,477,417,513,402,487,356,368,368,467,294,386,323,362,402,417,356,398,359,422,388,350
"1262452",571,542,532,487,533,503,453,489,454,478,443,423,385,488,433,430,404,376,423,373,408,379,373,399
"2601894",472,571,401,401,404,469,322,460,336,338,268,422,294,329,310,363,339,318,420,302,273,383,364,335
"2665156",338,236,420,289,571,235,130,413,149,132,99,312,95,111,132,74,169,69,415,79,115,362,90,224
"2919914",246,397,257,229,267,571,170,358,133,168,157,234,120,157,121,138,191,108,211,117,159,219,155,427
"2931977",441,571,483,420,495,469,470,425,422,438,449,434,401,435,391,418,376,418,434,439,377,364,398,361
"120",491,570,446,487,498,478,305,411,345,311,288,407,253,312,298,281,377,294,422,313,310,466,345,424
"169133",565,556,551,498,570,539,462,458,514,536,473,465,417,462,460,430,417,405,428,407,433,411,382,373
"2954077",91,73,99,55,570,56,41,56,28,27,27,59,23,21,39,45,29,28,91,25,35,510,38,47
"44013",570,399,389,427,460,426,229,401,240,235,235,322,200,276,248,210,315,252,375,259,261,335,250,268
"712710",570,556,436,488,440,467,335,399,345,356,354,420,362,338,333,413,407,321,387,346,313,408,357,397
"2857077",472,562,415,500,376,569,374,404,364,352,367,426,316,329,338,374,449,387,360,329,302,364,396,379
"1796",568,426,492,364,516,502,351,425,340,363,332,333,300,363,323,315,322,276,370,257,339,415,265,359
"2055947",502,568,512,416,528,445,456,413,407,376,387,447,361,397,400,371,394,359,429,378,383,460,383,353
"2609258",568,560,514,507,473,516,498,515,462,450,440,449,409,440,419,376,367,349,389,369,418,405,364,355
"2810562",568,548,459,491,534,544,408,500,376,382,398,479,326,380,357,398,496,406,444,417,347,457,476,424
"3047873",568,257,287,298,302,190,91,208,72,94,91,228,66,76,58,41,181,67,242,89,62,219,87,160
"2806553",458,444,425,389,567,453,343,410,282,279,317,432,213,257,252,230,301,252,455,275,250,428,262,310
"2364787",559,566,517,535,507,546,444,462,424,432,361,424,367,394,339,375,481,408,433,441,362,470,421,407
"2599399",517,566,501,514,464,505,428,435,425,496,409,479,397,409,388,448,456,411,458,428,407,423,431,370
"2678259",566,444,434,374,478,389,277,355,270,239,233,336,207,225,239,217,309,259,337,257,224,425,284,293
"2321394",558,565,505,497,542,532,472,473,492,464,513,408,410,464,413,402,415,464,417,445,416,368,438,342
"2769486",528,564,494,451,494,483,354,448,356,351,320,436,293,352,347,298,363,312,367,353,328,446,361,353
"2822844",564,532,505,415,522,555,352,493,395,362,320,459,325,383,363,405,417,350,424,391,324,435,367,392
"2728023",563,482,430,454,480,480,287,446,286,284,291,412,228,286,281,269,391,322,367,299,293,400,318,370
"3029061",563,499,506,392,481,504,340,500,330,289,286,488,294,354,330,325,427,300,389,337,310,409,362,390
"2304594",562,529,466,434,472,522,355,473,391,341,360,459,346,363,340,292,453,336,385,366,319,373,341,372
"232348",542,562,485,485,487,509,472,420,393,418,382,385,352,387,384,415,462,379,401,372,412,436,398,343
"496056",558,515,471,446,562,536,256,455,284,242,260,436,185,279,244,257,356,215,448,279,260,411,305,441
"1306526",561,331,343,374,313,330,190,347,189,196,183,226,144,203,144,173,267,197,253,202,142,249,198,276
"1111069",555,560,492,483,489,526,474,455,433,473,411,458,402,374,318,478,423,432,352,439,379,453,444,349
"2853258",510,487,547,531,559,469,411,451,462,425,419,483,409,429,398,375,408,352,447,397,424,441,322,338
"2954096",559,462,473,390,481,464,327,471,298,266,292,387,265,278,261,320,377,331,389,277,275,369,261,340
"1795874",558,508,443,463,515,448,363,508,303,316,288,410,262,357,312,333,358,287,389,326,304,430,296,324
"1115757",523,555,488,470,486,527,430,434,415,451,400,434,372,345,365,437,468,492,433,460,350,351,446,391
"1985254",506,424,481,408,555,470,299,413,259,266,261,373,244,334,271,267,333,273,446,281,290,393,234,387
"33995",524,555,447,496,516,507,348,480,366,378,397,505,355,368,371,363,448,377,426,381,376,419,361,371
"83263",461,395,464,481,554,435,292,470,309,300,290,386,255,291,288,290,331,271,409,248,249,382,277,455
"2894755",472,553,470,438,469,454,345,455,346,360,376,392,316,315,318,356,399,317,396,341,301,384,367,320
"1479019",552,547,445,511,500,523,439,436,435,402,410,467,377,391,364,425,428,407,398,378,351,386,392,386
"1721091",210,552,100,91,118,285,56,145,32,56,40,103,37,78,124,52,94,44,111,49,60,102,40,250
"2048283",552,470,425,403,465,458,323,447,346,314,330,399,306,265,296,296,316,267,394,300,322,372,264,369
"2703789",520,505,435,353,491,552,162,402,192,176,186,290,113,189,170,163,276,154,419,156,160,375,203,313
"665914",552,537,486,425,536,527,409,503,426,324,395,452,380,365,380,394,441,354,426,357,382,382,399,420
"2995155",517,506,551,437,533,515,301,440,300,308,256,384,276,296,287,288,375,313,355,321,262,370,288,401
"1628392",550,453,443,412,426,437,343,400,322,317,294,412,308,303,280,312,404,304,405,294,293,367,283,301
"1852390",542,549,508,550,456,537,453,411,420,477,467,451,421,428,419,442,459,442,430,467,392,436,425,402
"310575",550,516,473,404,534,448,347,484,344,302,301,402,306,377,334,306,414,353,401,321,295,425,337,368
"1715691",499,549,493,453,491,485,405,460,339,367,376,415,333,322,339,358,399,335,384,350,315,406,392,397
"187145",549,514,428,400,423,534,327,385,317,349,326,384,277,326,282,298,410,346,362,369,310,364,348,390
"2615203",498,549,481,403,505,459,380,387,343,318,322,387,302,341,319,384,413,347,357,374,303,451,348,365
"2866626",549,401,373,315,343,354,254,356,241,274,267,350,220,252,249,269,314,282,261,279,267,253,300,323
"2933562",438,408,387,426,549,435,263,443,265,231,265,351,258,238,230,224,311,216,375,222,267,409,214,497
"348826",549,539,471,460,456,494,412,476,427,426,388,416,344,373,403,385,444,394,401,407,380,407,410,401
"1211326",516,473,454,392,548,540,224,462,273,215,224,407,169,240,224,240,325,226,441,238,241,397,248,397
"1637837",548,487,438,473,441,466,372,449,341,363,370,355,326,324,322,331,401,350,380,345,340,453,371,355
"2005464",427,548,406,429,315,466,357,342,374,383,369,296,278,339,272,357,371,421,307,420,271,328,376,340
"2725558",440,410,448,364,548,407,293,480,285,284,322,389,279,271,214,220,295,213,459,253,240,386,241,334
"2749999",548,469,472,409,429,441,355,390,297,286,311,393,264,323,315,276,401,341,382,297,293,356,312,314
"2951988",548,545,528,481,539,543,442,411,462,417,458,399,416,417,417,436,392,421,392,459,379,385,442,424
"3074822",17,27,19,33,28,138,10,18,10,14,9,65,13,20,15,15,548,28,29,20,16,28,26,28
"152794",512,535,481,502,497,547,468,469,451,474,416,396,415,417,435,394,425,398,416,428,413,386,382,361
"2973088",547,447,465,382,467,403,286,366,264,274,280,339,241,282,309,286,354,259,372,274,247,445,237,314
"2762320",339,275,267,283,284,242,173,228,146,190,137,202,142,143,180,167,183,157,221,150,188,216,173,546
"437505",546,507,507,459,504,489,364,465,349,342,373,459,332,339,317,333,409,364,402,330,324,440,329,336
"2005046",401,302,426,271,545,386,215,323,242,223,249,302,205,251,210,207,241,181,376,195,190,355,186,332
"278153",448,416,491,398,545,458,291,408,338,307,307,381,323,341,286,294,341,230,389,237,216,367,254,334
"2884875",530,533,517,545,484,501,495,459,508,404,411,456,404,452,431,441,442,430,433,461,414,420,466,386
"3051171",479,534,412,409,418,545,355,493,310,324,379,478,305,340,288,354,356,311,371,356,311,358,347,388
"797277",536,539,456,446,501,545,359,463,361,351,339,428,294,387,386,344,407,286,399,292,327,409,331,393
"2292447",544,459,408,412,401,459,310,391,325,305,325,390,250,301,296,322,354,297,348,323,300,363,302,344
"1076588",543,541,445,422,488,464,331,476,365,344,346,443,273,339,301,350,409,313,384,354,347,450,355,346
"2138101",543,499,452,434,418,464,395,399,364,345,386,437,309,329,346,363,390,358,369,358,350,385,365,342
"2587846",543,542,452,462,463,477,424,419,345,419,344,379,306,362,307,340,347,351,391,347,342,362,323,343
"2163011",542,513,428,434,401,451,270,457,297,328,327,411,271,316,317,296,396,282,389,312,260,355,302,383
"321327",501,542,485,504,442,491,429,455,397,420,401,432,368,369,337,379,439,409,423,459,314,406,389,365
"650",542,538,465,455,416,482,334,427,341,359,335,479,296,339,337,364,400,334,419,335,305,384,364,382
"1620816",326,541,318,288,302,507,242,265,234,270,253,254,194,268,184,322,426,485,232,462,243,267,436,367
"3067903",541,440,429,445,426,467,310,394,292,299,295,402,274,352,311,301,355,289,365,297,259,314,308,361
"2772253",489,539,536,489,443,533,458,455,436,453,420,411,351,394,376,373,432,401,395,387,408,394,431,350
"370324",530,539,481,455,468,481,433,417,425,449,415,404,376,404,342,408,415,369,378,384,387,342,383,365
"1080068",536,538,463,450,488,480,397,460,419,420,397,371,368,429,352,449,487,438,368,397,331,403,439,435
"1968839",491,517,492,377,503,538,186,417,226,204,189,433,175,223,225,211,328,189,410,220,224,441,245,446
"251699",538,507,469,438,469,478,311,475,335,330,302,419,300,335,330,318,376,299,395,313,302,389,303,329
"2901380",538,416,461,361,493,387,258,329,238,238,216,322,230,288,213,234,273,228,341,237,256,400,272,253
"2946605",476,519,430,460,538,506,366,444,324,354,365,405,336,341,309,321,411,304,405,348,339,396,325,352
"2992441",508,501,538,446,527,456,398,477,385,394,384,454,370,367,390,346,347,347,378,341,338,453,375,313
"435905",511,494,467,449,538,478,339,450,343,287,316,424,295,331,331,284,389,332,422,356,342,437,305,353
"45989",474,491,538,455,456,470,414,367,472,352,407,348,372,353,398,359,374,399,395,402,437,413,330,352
"1263550",537,479,422,445,442,443,361,407,374,319,337,403,304,320,306,357,396,322,392,337,307,380,346,332
"447471",503,537,479,405,466,474,329,485,260,312,261,402,264,303,296,309,358,261,379,321,294,410,296,329
"454171",456,537,403,464,447,519,390,397,338,398,406,390,356,320,349,370,419,401,368,412,353,397,483,403
"3016342",536,506,501,464,457,484,411,470,399,448,388,427,395,389,380,394,341,379,404,385,309,372,331,301
"370405",536,511,425,408,481,428,342,468,343,328,357,467,300,343,299,330,429,296,365,319,342,406,370,370
"476157",497,457,451,430,536,443,276,423,249,321,286,414,240,244,248,231,305,241,426,260,237,387,276,304
"2724135",535,364,352,400,360,267,80,387,92,75,58,337,40,79,102,90,172,65,311,73,81,363,96,219
"2747817",511,535,485,497,479,494,452,502,424,430,411,452,408,403,425,405,461,390,371,431,374,399,404,355
"2954085",169,29,207,14,350,40,13,35,22,26,19,51,19,13,17,25,21,12,535,25,19,348,11,20
"2830999",505,232,391,417,534,238,239,312,199,219,166,401,177,214,199,140,184,123,349,143,163,283,135,190
"2108523",511,533,428,462,447,476,378,463,369,433,385,375,388,400,389,384,402,370,373,418,347,369,396,321
"2488665",533,528,521,479,502,503,356,473,360,354,309,468,289,358,320,363,417,323,397,308,349,400,427,375
"2500532",533,508,451,480,476,478,380,427,344,358,388,453,332,359,385,368,349,349,389,328,314,402,365,360
"2558360",430,533,415,417,424,451,331,353,294,352,331,375,287,290,312,303,348,290,334,346,276,327,314,367
"2956832",457,397,436,432,533,441,295,428,292,281,293,399,231,304,277,258,284,242,370,238,287,355,269,386
"302406",505,533,422,391,426,422,297,429,327,279,280,367,275,308,288,255,331,307,342,299,285,397,325,335
"2175621",477,471,532,444,512,482,451,445,432,442,428,434,354,384,377,398,424,398,365,369,324,398,341,339
"2710596",532,506,503,325,522,493,233,515,266,205,223,359,171,240,225,220,353,198,398,222,242,428,274,378
"1046043",477,531,452,467,440,471,491,454,401,410,419,402,369,389,380,419,403,374,361,420,363,410,414,362
"2052956",531,291,408,255,349,262,163,264,212,141,188,231,138,176,151,148,182,151,248,157,167,296,142,216
"83986",443,531,422,430,431,441,355,353,472,374,380,428,354,441,392,379,399,358,410,361,431,359,349,331
"899",521,530,512,453,468,522,397,445,355,402,466,401,341,362,355,423,460,357,403,402,354,443,472,435
"1603886",497,529,420,455,423,422,391,400,405,378,380,396,415,332,366,382,399,369,347,349,380,376,355,298
"2714940",529,343,494,285,336,401,115,371,103,102,102,283,79,114,123,133,195,95,322,113,99,308,125,256
"158327",528,521,458,465,439,444,356,497,358,358,348,446,370,372,308,307,420,373,414,339,326,371,390,384
"1516059",526,498,447,426,446,470,316,408,309,282,307,399,298,320,305,280,354,291,404,292,342,386,287,341
"2761579",519,526,512,460,517,505,362,463,365,357,338,412,279,320,330,374,407,363,456,355,329,391,316,397
"2866381",505,526,520,447,436,482,456,486,390,384,408,409,370,381,400,429,468,405,371,374,388,395,443,350
"353800",526,523,423,458,427,424,379,460,398,383,382,414,314,399,372,374,416,377,377,376,367,390,387,370
"85874",526,455,376,434,380,421,364,347,378,337,347,321,250,318,298,351,434,339,320,360,341,333,360,309
"118126",406,469,397,417,467,362,373,337,525,357,337,368,308,443,396,320,380,337,439,279,340,375,392,291
"2886045",508,525,460,481,423,398,423,380,389,367,388,426,342,329,366,345,417,357,379,362,343,336,352,299
"2931974",525,500,441,452,418,428,459,385,386,433,370,365,400,338,360,393,409,328,383,358,377,336,399,330
"1280948",477,524,454,442,419,483,381,454,315,326,324,457,277,318,286,311,337,349,445,331,305,373,359,398
"1691904",524,472,439,418,422,422,307,471,314,302,304,367,258,252,285,295,333,256,396,298,278,369,284,317
"2055893",524,488,457,442,430,505,453,444,395,428,440,448,386,408,420,416,459,408,381,394,394,397,387,402
"13769",510,523,472,459,420,505,429,397,399,398,366,431,301,382,390,359,432,379,381,413,372,409,371,365
"447020",437,523,443,411,391,403,373,395,359,347,377,339,333,340,357,396,347,386,377,352,294,385,387,310
"1538553",452,522,461,397,390,461,336,432,300,299,270,407,273,337,265,334,371,296,367,337,278,380,360,352
"250",142,522,121,106,130,143,46,146,50,42,42,110,35,46,46,33,97,34,188,43,41,446,44,155
"2830993",522,232,384,364,422,252,212,296,162,195,211,387,195,158,213,138,217,145,316,149,154,277,158,196
"2979868",522,499,391,416,403,412,334,418,317,275,278,360,254,280,269,290,366,284,350,313,255,364,301,310
"160808",468,521,478,438,455,511,324,480,341,315,347,410,274,311,348,303,400,336,385,340,344,404,362,359
"2730848",521,408,394,355,455,404,231,369,300,278,237,359,212,299,252,289,320,227,345,257,231,350,262,316
"933080",521,311,267,314,294,257,155,276,147,166,159,203,136,183,152,158,265,167,223,162,186,256,181,199
"1852381",518,520,418,391,404,462,316,414,297,278,283,360,258,332,360,329,360,331,354,278,323,452,332,312
"2527964",520,515,502,420,455,461,292,436,312,334,339,415,271,324,297,287,363,275,427,302,302,444,368,443
"2744520",449,511,437,430,520,469,321,433,323,273,340,422,253,349,261,275,337,297,422,287,271,339,273,353
"86173",471,520,462,427,453,432,295,425,323,295,319,375,241,311,305,319,344,307,365,330,321,346,316,344
"1538644",457,297,309,220,389,345,117,261,126,98,103,218,88,129,122,93,199,78,264,107,128,234,128,519
"1705310",458,519,383,388,465,465,319,430,300,295,276,363,295,346,265,296,361,278,325,301,290,367,329,288
"2675877",466,519,492,432,501,497,389,476,348,317,332,396,279,359,333,363,439,286,369,340,395,397,384,396
"2778902",519,312,377,277,414,422,82,377,125,114,101,256,84,138,137,112,190,101,307,135,113,312,131,270
"2583374",496,518,432,412,467,392,403,379,375,353,398,385,315,384,356,355,355,323,343,347,388,398,317,314
"2709410",518,515,470,484,451,511,406,452,404,440,364,427,364,381,376,402,435,378,361,410,353,432,429,372
"2587850",517,492,412,437,402,430,374,405,344,316,336,383,301,313,323,333,339,342,323,325,330,340,393,353
"2725563",515,517,468,462,500,471,424,429,452,418,427,414,414,404,410,420,395,388,371,407,350,401,374,378
"465541",517,513,435,492,490,465,384,467,397,396,417,342,357,350,349,360,379,369,384,392,361,419,330,355
"2953881",516,490,420,454,447,442,424,392,363,390,407,361,330,373,381,399,369,358,361,387,359,408,357,345
"576610",516,377,305,325,369,346,212,337,213,209,208,274,179,196,189,214,297,205,271,209,205,258,213,238
"1496080",416,515,460,456,456,424,422,380,336,359,336,382,360,395,364,361,395,351,414,363,323,364,347,311
"189381",515,426,423,362,390,430,289,364,325,282,290,347,252,274,277,242,360,226,325,307,267,367,281,271
"2722825",440,450,515,413,502,427,386,383,456,397,383,356,370,410,377,320,273,288,447,290,412,420,302,359
"244366",514,492,404,391,438,426,342,449,341,361,353,360,307,334,354,322,347,288,389,303,308,356,285,314
"2562282",461,514,416,370,386,438,322,417,302,277,310,375,247,338,284,291,314,260,308,257,268,351,291,329
"271",514,493,437,494,417,476,426,424,381,385,347,381,416,397,380,432,491,440,337,374,356,393,444,376
"2866382",496,508,472,514,372,484,379,410,381,430,393,406,355,356,356,399,400,377,395,378,336,333,369,340
"2954091",514,447,390,357,464,356,248,387,279,310,261,373,229,269,273,260,298,281,356,277,243,342,258,295
"2954092",484,432,514,402,485,432,312,450,329,305,325,356,268,341,287,310,371,304,321,308,294,369,281,313
"2961571",496,514,465,466,434,471,402,389,384,394,356,358,330,380,348,356,402,396,353,372,360,361,423,314
"1234841",505,436,436,356,513,497,142,436,154,139,127,371,108,162,184,146,256,107,370,148,149,360,173,306
"156453",513,483,435,463,438,418,470,430,432,422,411,416,401,398,406,372,385,352,354,339,356,300,357,306
"2874213",478,513,412,412,399,483,359,379,316,355,297,371,316,298,305,361,411,325,348,418,316,354,348,310
"2282475",477,474,372,344,476,338,259,360,272,248,229,346,242,258,307,299,306,269,382,260,297,341,290,511
"434",511,455,451,423,431,459,360,407,306,327,349,448,280,321,300,289,343,312,340,260,326,342,350,356
"91915",469,511,454,442,443,463,336,449,328,316,360,432,302,327,323,335,407,296,383,327,379,382,378,338
"2495582",510,471,365,381,385,390,289,396,255,295,262,337,243,271,212,278,296,240,282,286,272,292,268,282
"146923",496,509,492,456,458,440,421,408,387,421,367,431,395,364,427,357,376,414,387,379,440,411,388,344
"2259595",502,421,430,286,455,509,199,376,241,204,150,354,177,196,209,190,286,164,345,205,221,378,186,358
"281093",484,509,457,453,451,429,386,427,373,320,369,375,320,355,289,364,372,360,378,332,361,389,375,349
"2954086",509,375,470,312,445,338,239,328,258,244,232,268,213,231,223,280,291,246,339,270,264,413,249,279
"1397264",479,508,451,380,478,442,214,421,240,185,176,396,154,215,198,203,292,197,405,211,208,395,218,333
"2866573",489,507,453,424,423,463,329,418,373,316,343,375,294,302,349,325,336,305,410,341,337,428,297,306
"2879622",507,247,339,364,498,203,215,250,227,180,177,380,199,195,220,165,185,144,301,136,185,256,152,200
"2954094",507,451,452,433,490,453,312,440,315,306,356,389,278,321,314,316,385,323,387,333,308,414,313,364
"2964606",93,104,87,133,145,507,82,99,154,84,54,80,68,101,73,58,67,62,76,65,200,106,83,454
"970",507,432,383,365,441,464,345,380,319,351,339,430,288,307,306,363,363,351,327,350,286,389,327,298
"135619",489,506,409,461,433,459,322,471,323,302,294,400,249,314,302,277,449,261,372,299,297,396,301,342
"1411316",506,325,362,260,402,371,86,363,79,71,66,261,62,93,97,97,185,80,265,116,95,294,109,291
"2662363",490,506,408,362,436,486,313,426,344,295,293,420,309,299,291,343,417,303,365,313,284,363,318,356
"92644",393,506,466,410,385,401,383,359,342,379,377,326,326,333,380,320,302,352,323,303,343,366,304,328
"1385663",466,445,419,419,455,400,363,340,330,350,330,337,285,281,295,505,313,354,398,441,323,310,398,392
"2610902",488,505,463,480,436,402,442,416,392,387,378,355,344,403,387,361,396,341,388,385,361,385,386,312
"332411",505,455,374,429,392,413,282,416,287,261,274,363,219,274,254,258,303,267,336,244,275,377,250,290
"714067",495,461,505,463,493,420,346,424,438,352,307,403,268,420,337,324,384,333,406,323,387,458,399,314
"2490858",470,485,504,452,394,469,422,435,428,396,359,444,346,364,369,390,436,363,346,409,361,405,388,359
"2592345",459,352,365,247,504,407,128,354,140,83,96,248,81,148,139,106,217,93,278,124,113,329,120,232
"1532555",430,426,367,361,464,452,354,383,321,360,331,318,289,287,317,310,324,296,368,311,265,325,270,503
"1685",496,477,503,464,427,470,369,423,405,366,380,469,360,363,372,376,384,372,361,331,367,368,348,346
"1406",502,364,314,287,308,328,178,295,176,198,223,248,166,199,214,177,229,222,255,170,178,264,222,238
"2750620",502,483,448,479,436,439,454,448,411,395,385,408,387,390,412,406,405,336,353,341,384,386,340,334
"3015983",461,502,425,372,407,435,288,380,275,328,301,421,253,331,283,305,389,285,344,278,279,348,366,349
"712528",450,478,447,438,424,502,355,388,357,335,385,349,287,373,322,337,396,356,351,366,309,412,351,378
"742013",474,413,413,359,429,390,178,502,194,206,181,335,162,188,235,200,295,238,304,233,206,319,192,293
"43770",494,501,420,402,428,445,386,377,371,376,396,367,340,338,341,376,372,353,323,361,293,406,360,342
"706438",480,498,437,466,403,501,448,389,419,387,402,378,347,377,390,386,366,395,353,375,355,353,351,352
"84096",458,501,395,439,395,428,385,405,385,397,382,324,348,387,373,351,360,387,352,298,410,372,318,334
"2675219",454,499,441,418,441,388,382,390,367,407,377,334,336,332,346,323,347,371,356,328,319,381,324,321
"936456",499,450,378,367,346,419,308,366,269,302,282,350,222,299,262,304,348,248,298,345,243,351,378,309
"131081",489,498,473,486,447,445,418,393,477,392,435,450,355,419,370,402,392,398,357,368,405,378,404,352
"2605747",498,268,283,250,282,285,68,304,72,64,51,173,52,70,58,45,133,67,192,66,95,187,65,179
"2855836",486,498,472,418,461,444,427,428,465,429,363,426,388,340,366,363,346,394,321,356,372,341,332,330
"414771",498,409,366,377,358,437,310,332,312,247,270,306,267,257,278,283,326,256,256,267,236,317,334,307
"648999",445,498,468,407,482,449,397,373,484,411,420,277,382,443,398,365,364,428,421,355,441,329,352,285
"255247",482,362,467,415,497,264,191,234,178,156,170,251,141,153,135,127,220,136,295,127,144,270,146,288
"2952228",402,497,407,395,403,421,322,359,310,297,287,345,316,305,302,291,387,282,324,324,321,351,363,317
"3020907",497,362,402,306,449,369,275,348,235,236,289,339,252,231,228,242,243,225,273,232,230,285,253,235
"1118963",496,225,357,398,452,231,227,274,176,187,158,352,184,175,178,133,189,122,338,166,174,267,187,175
"1827469",443,392,358,315,355,496,237,318,254,240,257,305,210,199,248,256,292,250,327,217,239,362,211,392
"2565559",496,97,97,88,175,107,60,69,61,48,59,105,70,46,54,52,103,56,105,45,56,77,58,91
"155894",448,447,392,454,396,463,383,360,349,407,365,384,285,276,253,409,449,435,298,495,275,289,437,355
"42838",495,447,370,399,412,405,371,352,277,345,270,397,271,290,310,312,371,287,300,329,323,357,341,314
"875171",471,495,461,399,419,445,313,403,338,331,283,379,301,289,291,319,379,329,357,313,297,363,333,329
"1301",454,494,386,389,437,425,285,377,292,268,232,382,209,268,266,252,331,256,330,272,277,323,305,293
"1493872",230,494,162,95,166,214,66,132,70,63,80,131,47,80,75,73,121,62,138,68,64,169,48,200
"1916917",464,410,448,374,494,386,369,336,328,306,365,371,293,351,323,288,291,277,362,253,369,370,276,336
"394733",427,417,433,380,494,386,264,436,272,253,265,427,255,222,237,225,306,236,374,187,214,322,225,256
"646637",447,452,459,460,494,428,416,434,391,357,396,404,336,358,352,318,345,332,394,285,340,350,314,320
"698828",493,494,471,443,478,461,314,432,337,302,338,423,273,341,329,336,401,339,340,336,301,370,330,370
"1100",493,482,409,426,420,480,373,441,307,324,316,431,340,328,326,332,400,334,336,324,308,378,413,359
"129338",493,474,418,450,462,449,410,390,335,358,367,403,315,347,293,407,392,399,336,348,342,416,383,359
"2201",448,464,397,413,394,493,396,352,373,358,336,386,319,318,319,356,371,358,318,325,315,346,333,335
"2267833",493,413,383,391,446,396,268,371,206,263,238,362,258,245,261,219,287,218,346,228,235,365,231,302
"2341117",468,420,397,313,437,493,126,429,117,89,125,447,76,140,130,121,258,104,398,133,128,423,161,334
"2678261",493,483,469,414,425,396,323,394,284,311,320,336,296,289,290,276,353,278,351,357,292,375,286,276
"2692134",465,493,433,352,479,451,219,392,193,183,140,365,142,207,207,195,291,165,364,238,220,409,252,343
"2582913",423,492,450,452,439,440,308,418,309,309,290,459,292,316,327,288,332,294,368,320,264,351,306,383
"2697043",492,463,448,395,418,457,332,416,307,320,313,421,281,353,273,316,393,336,375,385,282,356,349,359
"2043170",491,442,434,380,477,448,295,402,308,306,281,416,282,329,269,294,347,301,371,339,327,369,335,343
"2875539",405,434,407,277,472,491,182,336,156,154,126,310,98,161,167,140,261,117,365,154,171,328,180,419
"1097",463,490,430,383,417,471,303,405,354,346,345,384,324,369,292,324,365,360,319,326,320,354,420,367
"2571030",484,490,444,371,441,436,312,413,255,330,254,329,210,245,253,235,333,253,403,238,249,408,267,384
"29510",463,490,455,350,417,455,317,374,309,302,285,402,283,324,323,324,400,314,375,333,290,371,365,304
"2976335",471,490,432,428,418,437,351,409,335,329,303,379,294,352,329,337,412,336,392,373,311,364,399,354
"571256",195,186,191,196,224,180,129,177,136,103,122,167,131,128,124,96,147,121,146,112,118,149,114,490
"2842349",489,476,438,384,421,404,288,374,283,274,286,356,275,273,283,300,323,288,306,280,276,370,286,289
"53374",437,489,425,414,373,402,374,374,396,364,364,389,310,344,360,383,367,352,370,310,330,339,334,300
"1209493",488,478,441,451,435,461,391,402,331,385,363,376,297,332,317,369,360,400,365,390,323,321,398,337
"132132",417,487,381,423,411,439,329,366,301,340,297,369,250,285,328,322,394,318,346,317,282,312,334,314
"2745482",487,474,403,378,416,365,240,339,223,250,250,332,236,243,252,246,299,254,336,218,236,324,223,268
"2806252",486,471,447,453,406,471,438,411,398,402,414,406,398,400,375,399,457,351,392,427,341,346,400,333
"69527",406,486,373,355,377,369,358,380,327,351,304,347,288,337,344,357,333,315,298,347,331,297,323,290
"995",486,447,429,305,381,318,90,310,126,103,82,277,65,153,157,97,209,64,421,108,129,390,135,250
"2895494",485,349,449,290,445,318,220,288,218,193,191,319,164,201,191,231,234,217,318,191,194,334,232,214
"2939414",479,484,453,478,477,446,466,413,467,419,485,425,403,406,416,402,400,385,369,407,384,388,360,361
"145458",477,484,413,386,408,384,387,344,394,366,361,369,334,352,331,340,374,327,324,313,372,332,351,307
"1936003",480,461,428,438,484,464,389,439,346,290,311,427,311,361,311,332,363,323,366,346,317,405,384,359
"2175664",484,421,415,439,384,407,401,389,389,388,358,378,392,314,353,390,319,339,313,361,367,359,355,333
"644652",473,484,410,399,391,433,392,381,338,380,354,316,288,389,312,390,423,376,283,384,336,427,372,343
"214851",419,483,413,423,350,412,404,389,321,333,313,374,288,294,309,375,353,330,341,333,304,325,319,305
"2789740",483,379,337,285,293,297,141,330,141,118,98,237,99,139,126,131,224,129,247,122,116,269,162,248
"2860286",459,414,353,376,470,357,258,362,270,259,280,358,226,267,270,271,305,274,310,252,264,345,270,483
"3015166",461,469,482,452,429,433,444,377,449,412,388,396,342,378,401,342,359,344,388,377,359,340,353,338
"169435",481,465,435,435,365,472,363,364,342,373,318,360,296,349,288,351,414,355,386,339,304,348,358,339
"2650975",392,481,420,405,366,439,317,363,297,355,318,326,316,336,334,301,323,354,308,325,328,322,314,308
"2782655",465,481,432,341,378,443,307,381,292,282,313,349,275,299,293,306,284,314,318,303,283,284,259,297
"2953746",408,481,441,400,373,416,376,373,369,389,339,384,338,315,359,285,338,337,333,341,305,339,347,344
"3031113",481,468,452,442,404,466,429,432,436,407,403,371,381,420,417,413,386,379,352,363,344,334,335,301
"2721245",480,463,401,429,444,445,356,374,366,337,432,370,357,348,330,355,339,325,316,376,356,341,293,352
"68239",480,443,464,470,477,455,418,401,396,381,409,360,336,377,363,357,380,353,401,351,330,330,320,338
"2175660",431,455,422,444,479,417,409,383,421,396,390,342,387,363,359,364,390,385,378,364,365,398,366,360
"2686360",416,429,479,328,357,345,314,423,277,279,273,381,276,264,255,288,340,265,339,299,261,349,292,303
"2735316",479,312,356,389,423,268,257,315,215,282,274,395,222,245,226,198,276,205,286,212,238,331,213,225
"453162",479,414,387,389,401,414,302,423,289,333,293,306,282,280,232,276,326,278,305,282,319,361,289,257
"1590041",478,459,398,378,411,401,287,364,228,246,216,333,250,258,234,218,309,193,312,233,285,320,223,318
"47884",478,411,371,308,356,423,237,334,250,232,273,353,202,234,260,217,298,219,318,233,253,305,288,248
"129817",477,387,356,341,374,411,287,340,264,277,246,333,207,296,260,259,303,261,329,247,232,338,279,283
"1680",477,443,397,365,433,403,397,381,368,374,342,350,330,363,359,332,386,345,336,303,348,346,312,324
"1839801",477,472,406,406,394,405,336,336,347,337,340,372,308,322,299,337,419,323,313,334,319,371,356,315
"2015348",409,477,427,427,425,430,340,354,310,324,302,332,309,323,301,301,335,260,364,347,327,314,298,322
"2964670",477,303,332,276,353,316,224,303,208,227,189,281,203,215,178,224,257,197,275,189,218,287,229,249
"3020832",405,477,431,400,387,374,270,361,290,316,295,369,240,300,274,296,321,309,325,266,287,331,305,342
"876364",477,475,381,375,360,371,318,385,288,257,237,403,238,268,239,333,306,278,320,294,267,349,252,305
"1912215",475,422,453,439,457,372,416,374,459,391,437,359,394,402,441,404,386,390,316,398,341,353,387,287
"256319",475,465,425,383,450,471,312,371,308,281,296,381,312,274,335,340,418,339,311,313,285,350,332,311
"56956",436,475,435,447,396,434,380,390,324,349,347,349,331,341,362,380,381,368,348,379,337,382,381,301
"212743",474,310,242,263,258,277,63,336,61,65,59,251,58,58,90,88,241,81,183,85,66,225,83,152
"2714933",474,457,429,454,425,434,348,374,379,345,391,335,294,335,334,324,432,339,330,324,316,345,330,370
"512763",441,459,445,317,474,370,306,400,316,289,252,384,203,297,304,334,290,258,395,358,291,334,299,388
"1134687",448,473,402,403,413,436,382,360,325,326,333,395,288,295,273,295,302,354,354,326,257,339,316,343
"136857",433,473,413,438,386,388,400,385,386,359,340,391,357,359,338,382,329,355,333,331,350,349,348,302
"2073078",473,446,459,389,405,345,287,384,243,267,227,353,264,264,263,239,282,284,334,262,222,409,330,337
"2505977",422,473,450,401,418,416,357,396,384,377,312,381,369,365,341,386,360,336,333,346,319,319,364,298
"626932",456,450,473,332,444,396,367,426,346,309,331,390,291,331,305,309,365,340,352,336,340,361,346,298
"157779",455,472,395,366,467,468,292,380,290,257,304,384,278,298,339,323,389,266,358,334,287,337,346,355
"1618207",472,454,437,457,421,404,406,416,344,378,349,384,338,322,336,294,351,286,382,312,308,318,282,312
"2785907",405,389,386,373,472,380,311,406,280,248,312,449,228,276,224,240,269,209,403,228,266,283,218,301
"28151",470,472,433,407,388,459,342,393,284,301,316,433,258,305,304,298,344,297,384,336,306,357,345,360
"2995161",472,264,281,224,270,234,86,300,77,67,71,170,72,100,78,65,154,59,254,71,92,215,78,172
"336820",472,308,420,321,344,364,113,316,99,103,85,260,74,104,83,100,215,86,283,102,101,337,131,256
"1177712",417,469,402,333,384,366,280,382,300,324,338,357,250,309,277,272,366,284,313,289,260,323,305,277
"252307",469,438,462,381,438,417,274,362,272,302,259,322,283,279,291,270,345,272,344,318,280,325,280,316
"2804761",442,426,469,343,399,380,297,399,281,242,280,317,248,262,272,253,310,247,344,267,229,331,302,284
"186188",458,468,381,378,419,389,408,440,401,403,312,346,343,364,370,362,333,303,342,342,356,371,304,335
"19",447,446,416,442,400,468,310,388,286,277,310,397,262,311,325,290,390,370,340,321,295,364,357,326
"2907159",421,468,394,461,372,417,367,330,316,297,327,376,298,270,311,324,398,284,301,354,277,323,334,331
"2983606",134,468,125,62,108,233,69,116,62,54,41,111,61,65,72,65,91,52,120,60,80,98,47,162
"1871047",296,467,238,175,232,301,113,245,120,102,83,206,65,105,110,88,152,80,222,100,86,240,96,211
"3017361",398,467,394,407,413,371,409,400,339,396,367,329,331,354,372,338,326,338,331,344,340,368,306,275
"44930",460,467,437,395,396,417,375,424,337,352,368,361,335,385,347,380,343,318,326,326,322,332,313,281
"470934",402,467,402,359,402,463,309,428,299,267,270,354,249,318,275,258,453,285,340,298,270,334,316,311
"588898",456,467,373,390,355,398,352,353,336,366,351,358,322,353,339,356,359,323,342,350,297,348,361,321
"2579977",389,400,466,382,423,380,328,336,291,272,316,315,248,241,281,249,285,260,362,232,255,371,246,430
"2608982",415,460,390,394,401,466,237,372,265,272,279,332,214,256,269,263,388,277,358,312,218,351,306,333
"365617",434,466,345,324,384,406,312,359,282,303,302,324,244,277,294,296,334,280,321,296,299,278,299,275
"430914",466,460,387,372,435,441,316,400,337,364,351,344,318,322,378,356,386,349,298,363,310,321,364,317
"629",456,466,350,346,409,461,273,424,310,252,266,370,215,243,246,269,346,275,328,315,222,309,301,282
"169292",437,465,398,464,448,408,377,411,389,381,367,386,354,390,367,392,425,344,367,366,358,366,363,342
"2507162",465,436,386,363,372,408,321,356,269,324,319,381,301,304,283,314,447,323,316,340,262,357,315,292
"577",465,448,418,391,387,394,342,338,293,304,291,398,256,303,287,291,351,290,315,300,287,320,311,288
"2500533",464,410,385,384,420,429,316,386,318,312,319,397,254,285,287,311,359,316,383,287,288,364,323,331
"266809",425,464,375,348,378,410,306,368,287,296,298,347,260,295,267,271,292,281,311,256,257,275,279,298
"2895493",464,343,376,290,354,317,210,301,226,201,204,261,199,216,206,244,226,186,296,182,197,330,208,239
"45655",375,464,339,381,338,418,290,366,260,290,273,329,252,272,265,259,340,291,294,313,237,320,355,284
"1068",463,456,422,430,444,461,330,402,321,336,312,417,258,296,335,299,346,324,307,303,292,323,358,342
"2560058",411,454,399,372,424,368,327,341,307,337,300,352,289,256,291,317,281,281,341,304,280,319,254,463
"1471761",340,352,462,328,407,345,241,279,346,247,249,284,217,357,314,266,279,290,353,261,299,334,261,229
"1940636",280,74,462,54,73,44,42,43,17,31,28,46,20,25,20,31,37,22,115,28,25,58,27,30
"2879620",462,212,373,376,433,212,194,245,176,191,169,319,188,171,190,165,192,128,321,141,143,220,148,179
"2986803",462,397,392,390,358,382,398,362,342,307,334,337,300,318,331,315,308,333,300,316,286,307,302,278
"517398",462,407,388,349,396,357,275,371,251,258,224,282,214,227,238,226,299,247,308,254,200,308,231,242
"1132836",461,403,337,370,373,401,206,333,232,204,188,339,181,209,172,208,283,199,267,196,186,287,197,283
"1842532",461,429,368,344,322,401,283,329,317,299,278,334,207,290,253,264,350,272,348,298,217,312,307,286
"2906497",386,461,350,302,354,347,371,298,395,335,442,293,334,359,381,313,255,300,311,291,363,285,309,247
"496057",406,420,423,283,457,461,140,445,139,138,131,331,101,161,143,152,250,114,366,140,188,379,162,332
"60893",391,461,325,353,365,420,291,325,232,275,291,298,291,296,257,278,341,302,282,299,235,328,343,323
"1126",413,427,381,416,370,460,250,357,257,296,243,398,239,249,240,292,375,252,317,288,247,332,313,355
"120961",450,420,333,410,336,460,357,429,340,347,343,372,322,295,296,414,410,310,261,369,290,269,340,331
"2986928",447,420,402,374,410,460,314,368,308,317,260,361,261,287,301,275,314,261,374,296,286,366,273,437
"151895",459,268,269,255,279,272,64,335,77,63,65,200,51,74,72,78,169,66,224,106,63,218,111,169
"1748242",459,426,374,376,417,420,276,394,279,297,280,343,246,311,271,254,306,273,335,255,279,339,308,325
"1940",405,459,358,402,351,373,376,359,331,355,371,335,307,334,353,348,362,324,323,305,318,295,328,296
"1986204",459,408,375,388,325,393,317,332,257,328,292,329,239,284,286,292,395,312,230,315,267,301,359,318
"2490452",459,441,404,321,328,341,212,398,203,206,201,307,180,194,211,217,288,216,278,212,182,338,218,276
"2813778",404,376,422,403,412,459,311,406,307,293,281,360,270,256,273,281,308,256,348,269,253,426,243,386
"2850559",459,342,386,299,344,328,237,341,235,183,212,249,212,229,212,224,255,205,284,210,197,386,200,241
"2907205",432,459,406,375,427,420,230,384,210,227,168,362,203,220,206,180,321,199,385,258,216,368,238,374
"84111",459,448,411,392,390,372,380,408,334,375,369,363,323,327,319,360,380,352,339,322,327,325,381,311
"225422",436,458,413,424,448,388,321,380,320,290,317,371,276,293,269,326,343,312,365,316,270,370,329,285
"220687",457,197,282,261,260,181,98,190,108,79,73,177,78,68,82,89,165,76,209,81,82,215,75,167
"2698458",352,403,375,364,457,365,306,313,281,292,249,308,195,251,232,295,247,238,328,272,250,290,256,260
"2927876",457,419,380,366,365,419,278,367,332,298,312,350,227,271,290,297,343,329,310,331,268,342,323,337
"2956823",410,298,395,350,457,351,230,329,268,250,239,306,233,237,225,201,233,192,302,228,243,258,230,299
"3029053",442,389,381,302,409,457,127,414,116,115,110,336,95,140,149,101,206,93,326,116,130,282,153,267
"2953753",448,456,424,434,389,418,393,381,340,371,358,363,318,319,292,369,393,361,350,311,283,362,368,298
"32062",439,443,355,369,386,456,377,396,322,355,324,389,292,291,311,334,371,351,285,326,329,340,269,318
"1689",455,353,355,320,341,334,266,336,265,281,285,348,252,251,239,260,306,247,273,243,249,276,245,272
"2754725",455,444,452,338,352,431,361,400,348,355,361,422,326,344,359,372,365,357,310,327,367,335,347,304
"1696072",429,369,386,305,454,326,338,297,314,305,302,270,299,279,292,274,299,261,369,280,279,335,237,243
"2072412",360,309,356,271,454,413,217,334,220,269,247,305,225,226,234,203,231,193,346,178,211,307,202,281
"69525",454,453,393,376,363,404,320,333,311,334,300,331,283,328,290,341,329,310,305,294,320,301,312,274
"1389004",420,430,408,412,444,453,347,375,273,333,282,386,251,314,280,310,345,328,320,316,277,335,339,312
"1765219",438,421,392,432,403,453,373,361,339,351,376,370,278,332,348,371,361,350,330,351,320,339,351,301
"33986",369,370,354,295,339,355,267,333,285,267,255,453,251,261,269,260,315,262,304,258,252,307,284,275
"64104",453,385,258,309,341,360,170,178,87,161,137,137,181,119,89,160,256,146,160,246,112,182,247,239
"1206777",423,451,409,310,369,343,276,357,258,247,244,314,207,236,244,262,272,256,304,251,267,302,254,263
"421",451,436,358,378,353,391,276,375,247,282,267,375,224,280,239,231,337,268,292,255,251,326,318,313
"42443",445,451,395,374,376,409,310,336,299,329,295,419,278,290,261,327,329,294,366,304,360,371,316,309
"1778675",450,426,377,395,376,396,279,327,275,255,286,309,238,256,281,301,318,248,304,269,237,309,278,282
"225971",400,379,372,353,450,365,305,378,251,278,301,415,276,266,228,205,279,240,404,214,242,328,239,275
"907",399,450,417,369,430,346,337,345,317,341,306,384,278,249,295,291,330,268,305,294,284,355,290,294
"2794344",399,449,333,343,360,406,257,394,280,239,296,372,249,290,295,264,337,249,332,276,253,387,264,292
"121872",447,433,388,399,417,368,408,377,322,330,312,370,354,330,300,319,353,356,333,328,326,345,386,281
"1231000",421,447,435,372,397,407,354,315,314,342,316,349,279,336,318,304,389,312,322,300,340,300,282,368
"1775880",426,400,390,389,447,344,339,332,331,312,365,357,274,340,323,298,298,234,318,284,284,347,318,276
"46680",447,399,323,358,360,380,255,326,207,264,244,321,235,261,263,250,277,262,290,235,225,319,248,249
"556257",417,447,346,388,357,431,336,397,294,283,322,358,251,255,296,285,345,308,326,297,320,355,315,366
"665913",447,440,380,399,404,444,313,398,308,304,306,347,290,285,283,305,360,333,324,292,314,326,290,319
"2711328",417,446,377,429,391,386,374,359,372,357,316,367,276,374,332,307,403,336,330,315,307,325,285,291
"1434072",436,445,379,309,371,424,288,404,280,270,269,373,231,287,249,247,341,253,362,262,257,303,269,262
"188786",426,445,389,433,371,417,342,359,375,377,346,377,329,303,321,374,389,322,297,345,286,337,337,279
"2763540",394,426,437,445,382,401,393,344,344,311,329,336,310,348,337,317,301,301,311,338,311,327,372,307
"302484",426,445,342,389,412,398,375,355,285,380,358,321,294,333,305,322,339,337,316,305,276,341,322,279
"38288",407,441,414,445,403,395,366,362,370,392,356,349,346,355,353,353,309,367,361,351,336,353,393,300
"1701090",422,422,384,439,369,444,363,424,372,373,353,335,336,358,332,328,386,330,367,358,350,361,324,265
"2094021",444,414,427,405,387,369,384,361,365,381,332,391,361,330,355,317,327,352,309,286,335,305,276,339
"2994951",438,444,356,350,352,414,313,363,296,295,273,363,249,311,265,267,337,301,344,328,311,340,298,329
"355249",370,444,402,357,413,370,361,323,346,367,326,303,291,321,326,329,291,325,302,327,312,301,305,353
"515393",444,366,336,301,367,353,241,330,219,246,233,292,232,216,232,209,278,231,273,270,236,308,229,249
"585455",438,414,400,334,407,374,325,444,284,284,288,409,247,296,291,260,361,291,336,286,249,345,346,296
"614",444,396,349,323,411,348,261,354,258,250,255,315,217,262,258,259,301,252,336,204,243,269,264,305
"216572",443,427,379,380,375,418,293,370,283,265,308,357,256,285,325,290,325,309,329,324,273,326,295,311
"241368",443,441,347,341,367,392,276,356,274,298,275,311,252,259,291,330,329,300,303,302,246,340,326,337
"45462",443,437,430,394,400,403,322,347,334,290,315,371,311,322,283,286,380,321,318,309,282,310,347,299
"2606626",406,442,318,311,373,389,319,367,294,289,267,344,233,292,243,246,310,278,299,287,243,274,278,273
"2984842",442,410,390,372,383,346,349,305,273,295,276,363,303,289,299,298,267,299,275,271,252,282,261,240
"69218",415,442,390,341,410,389,267,321,252,270,246,336,228,273,242,300,347,272,332,299,242,322,271,301
"2008793",441,374,320,301,320,323,219,318,245,229,197,301,200,262,245,244,308,246,268,256,264,304,262,271
"2741953",423,441,407,397,375,381,320,406,334,353,365,348,291,288,310,343,388,346,366,315,291,355,378,342
"2946555",441,391,377,287,342,356,206,388,200,212,189,330,184,214,218,215,309,212,294,245,193,310,225,265
"3034020",415,441,372,388,328,392,346,322,342,372,311,334,324,325,291,301,350,341,333,303,298,364,351,307
"3042026",405,392,413,379,440,390,376,391,381,331,342,379,354,359,363,304,279,310,305,322,310,334,344,307
"418701",440,408,374,351,364,417,288,357,232,279,248,332,259,289,250,278,341,262,336,323,286,292,288,268
"69223",440,409,349,395,361,412,329,339,286,248,288,343,234,281,296,239,359,280,322,265,218,285,288,282
"1821625",439,380,407,410,404,355,322,336,330,349,301,338,320,328,326,316,335,325,336,275,289,313,307,251
"2895471",439,199,221,170,316,171,113,200,109,133,117,190,109,134,103,125,137,110,266,116,109,242,107,105
"90627",406,439,375,309,340,401,271,351,267,259,242,335,217,289,273,280,371,287,334,244,287,388,315,271
"1573719",438,414,377,369,349,348,259,366,239,270,250,294,178,252,260,286,279,256,297,239,213,308,254,300
"204039",400,438,304,322,354,358,275,322,272,229,265,318,231,256,249,247,317,240,257,244,257,304,238,264
"204042",438,403,350,338,358,378,294,337,246,267,269,355,227,269,244,255,337,264,304,266,260,282,263,268
"3034675",438,340,341,304,323,306,215,275,197,218,212,300,194,219,213,204,246,192,252,228,200,289,203,212
"400092",409,438,392,307,410,346,316,324,253,260,260,357,253,256,231,267,281,244,377,237,213,314,236,343
"79604",395,438,358,332,307,372,293,307,267,282,271,310,251,271,282,249,309,261,279,264,263,305,292,277
"267212",437,433,385,386,355,331,309,376,298,304,276,365,280,296,286,291,339,309,343,312,206,365,291,294
"36746",436,380,378,351,332,351,240,308,205,238,210,337,184,249,204,276,290,212,304,247,217,311,207,246
"86188",435,105,183,102,234,103,63,172,68,59,77,302,76,70,85,62,49,60,218,58,53,247,55,133
"1457365",432,434,373,370,379,411,256,349,257,282,272,334,215,223,245,252,359,281,282,297,240,323,256,286
"1803177",382,407,341,371,336,434,317,358,357,400,339,301,298,343,332,301,308,281,324,286,311,281,345,310
"2219057",434,313,324,281,344,346,238,280,231,216,227,281,187,236,240,248,240,192,351,229,232,302,210,256
"2268026",408,404,372,328,434,325,183,366,158,170,168,293,140,178,161,154,214,132,302,199,154,330,197,266
"2830990",434,199,365,394,430,226,206,261,186,199,188,359,169,135,181,158,172,150,379,138,175,265,131,173
"2867010",409,434,390,385,352,398,288,318,273,273,261,332,260,242,278,264,302,272,292,267,229,344,281,271
"38284",434,428,402,417,341,372,379,371,362,324,336,326,328,313,294,312,356,304,312,303,299,329,387,302
"1903411",428,433,358,327,369,336,254,330,257,241,236,303,209,250,268,226,277,219,294,232,244,308,254,275
"2995658",433,427,370,349,396,344,229,331,229,240,244,345,217,216,212,248,283,222,312,234,243,279,251,293
"519081",433,428,375,352,398,328,276,353,251,234,216,325,198,247,235,231,331,256,334,261,237,330,247,250
"520",433,358,304,298,285,321,198,314,205,203,236,286,219,192,201,218,284,230,257,250,224,293,215,220
"683042",395,412,433,334,405,372,339,408,328,354,323,351,307,326,326,271,338,278,317,313,323,370,291,298
"1336740",396,432,417,388,380,393,317,390,348,332,350,345,312,318,315,318,332,281,306,304,352,299,359,280
"2358",432,422,338,330,343,429,293,332,254,245,292,342,226,270,243,301,368,303,298,302,256,339,317,346
"2751170",384,432,401,367,328,411,343,318,345,282,268,293,290,295,272,296,334,306,302,288,280,324,330,289
"89053",382,404,342,432,356,348,352,338,309,302,292,348,308,316,325,278,296,311,279,314,285,271,267,319
"1525",406,431,399,359,368,354,292,310,330,286,325,330,257,263,279,297,357,317,308,295,287,315,338,297
"2495645",387,431,314,356,300,300,319,332,306,295,258,332,241,281,266,323,343,304,290,277,263,271,306,278
"2823518",400,431,366,399,427,407,400,330,401,350,355,309,352,332,366,323,325,318,378,332,332,315,340,267
"52227",431,389,380,344,396,416,291,350,281,319,301,372,242,280,282,272,323,259,337,284,289,315,286,316
"618",431,379,342,352,372,381,273,389,268,265,269,328,226,272,245,212,339,269,292,254,226,349,238,259
"2175091",372,308,349,232,430,263,129,257,171,136,138,241,119,188,183,103,180,121,304,111,146,248,125,283
"2954101",110,33,182,19,332,22,15,37,15,15,17,41,12,14,21,21,21,10,430,20,13,312,23,29
"986106",386,423,347,337,430,430,323,388,298,260,272,357,218,277,308,318,367,310,351,291,306,338,328,301
"1653831",429,375,393,363,413,397,201,356,179,183,157,336,126,179,168,145,254,152,315,167,136,330,196,294
"1710541",342,429,328,357,289,339,316,344,329,334,265,305,232,248,254,277,325,283,271,279,264,270,278,250
"3060154",323,264,234,256,429,233,132,407,106,122,110,160,115,108,117,119,179,108,192,118,98,247,136,165
"68209",429,378,329,339,282,326,323,310,335,313,301,290,295,279,315,284,302,302,254,254,295,252,271,265
"154046",428,423,381,353,353,414,296,347,336,309,266,318,271,259,274,300,307,293,344,312,256,300,279,288
"2257",404,361,392,337,310,428,328,331,312,321,306,314,265,307,255,335,275,276,324,329,294,271,312,267
"2763056",427,428,372,405,371,388,335,368,304,320,323,363,307,319,334,316,319,311,374,357,310,360,324,332
"2956833",414,428,423,400,370,379,246,384,291,262,246,341,227,233,259,267,286,250,360,246,224,298,228,323
"195250",427,421,330,375,349,368,310,350,328,316,291,334,290,267,247,310,293,281,268,332,266,305,357,256
"256701",411,382,402,371,427,339,328,328,332,309,311,323,264,302,271,274,316,252,305,258,282,351,255,277
"2714594",395,427,404,379,390,392,272,315,285,239,242,332,226,239,236,218,332,255,317,253,241,299,288,317
"658644",426,351,336,301,352,305,216,295,236,236,210,293,221,254,198,230,240,221,320,205,246,324,222,240
"1898733",425,325,350,335,342,354,316,351,309,301,295,322,291,293,327,329,305,316,293,293,315,251,332,252
"2213015",425,367,326,369,339,386,223,341,227,207,260,303,195,239,221,226,271,248,232,234,198,263,250,243
"233100",321,425,314,339,301,300,231,285,202,215,221,268,201,235,184,179,283,197,273,216,211,268,212,212
"2745510",425,292,277,213,311,269,194,268,161,172,167,236,136,207,184,161,226,157,208,209,149,234,218,206
"285107",422,425,364,417,425,405,292,373,323,311,300,366,310,310,281,278,373,285,325,325,285,314,272,324
"34102",425,345,248,242,235,257,87,301,75,74,78,237,58,84,75,81,234,90,212,79,84,239,93,122
"43768",415,402,344,347,365,425,322,329,301,313,334,328,322,303,326,295,306,282,298,259,310,299,329,277
"638619",425,383,360,368,334,342,310,333,270,289,290,287,266,276,285,310,309,275,271,303,283,277,323,270
"1051",344,424,300,343,325,343,242,330,225,216,243,311,180,231,232,250,305,265,280,211,203,273,276,263
"2708346",29,31,164,29,424,24,19,42,99,26,15,34,16,150,73,26,23,25,359,27,295,396,36,24
"3070676",424,176,235,243,231,172,70,174,52,64,65,182,50,66,59,53,173,50,172,43,70,154,58,120
"349971",249,163,166,230,313,155,155,230,132,120,145,424,125,130,118,152,111,131,167,103,118,151,123,107
"406552",364,424,411,376,375,384,326,362,312,333,297,316,299,328,324,314,362,319,326,321,326,306,309,321
"428712",355,424,325,337,351,363,319,318,315,317,260,306,259,251,283,298,302,320,275,302,289,282,307,289
"2371",414,398,363,423,405,351,264,337,227,221,222,354,179,255,225,238,296,196,330,221,263,303,192,267
"2707299",420,423,343,335,345,353,337,289,269,302,268,295,264,265,259,269,348,297,252,301,247,286,279,311
"2813727",423,400,405,417,416,366,287,415,339,297,319,375,274,302,281,238,316,291,381,288,272,326,270,295
"2987533",422,342,423,348,408,351,305,381,314,287,309,321,306,305,282,249,303,256,339,250,253,328,239,251
"316277",374,400,372,335,342,423,251,347,237,238,272,343,233,258,211,200,354,231,256,281,232,299,317,234
"318683",423,388,313,367,320,360,279,324,259,290,238,355,267,280,261,276,307,272,304,261,270,285,299,308
"1052",410,422,346,331,382,372,273,310,294,290,252,334,241,292,265,267,302,262,310,263,213,353,255,284
"2263",371,409,385,422,338,374,333,342,309,320,317,359,318,323,286,310,334,282,296,284,281,340,346,292
"2509456",422,335,296,319,316,299,234,310,200,209,202,283,179,191,229,229,283,194,182,226,190,248,249,239
"2961896",422,305,351,285,357,291,214,275,241,231,211,270,181,193,205,238,262,212,263,219,216,284,241,255
"3068314",422,359,318,328,371,366,251,371,266,249,263,283,234,242,246,212,256,191,347,215,231,330,221,311
"1973486",341,419,327,298,276,421,239,255,200,250,184,300,194,218,176,277,406,244,238,305,191,259,332,308
"2853439",243,130,151,97,191,222,82,145,49,68,29,103,29,43,57,47,80,34,119,52,44,86,43,421
"29494",421,408,333,326,346,344,253,337,256,258,229,342,213,256,230,254,321,242,259,274,207,289,243,316
"2909669",414,420,358,342,335,344,238,347,241,217,236,333,224,266,253,240,260,254,315,260,251,287,237,261
"50741",381,420,350,353,376,367,279,398,264,249,239,347,210,221,252,299,332,223,316,268,247,339,274,262
"556",416,420,363,319,391,403,277,364,257,248,288,336,240,277,255,281,317,267,294,301,271,293,254,306
"655307",420,417,338,379,366,353,241,369,292,244,246,305,254,271,267,282,323,255,298,261,292,364,248,299
"712435",420,417,413,377,377,354,281,368,319,303,288,334,268,302,269,281,343,305,338,339,263,285,301,250
"1981174",419,343,300,276,293,294,215,314,196,190,205,265,154,176,191,193,245,177,294,183,207,296,182,200
"219572",419,315,363,339,334,304,269,320,263,273,252,293,199,240,223,266,296,213,282,230,210,326,263,284
"2741301",419,395,307,314,322,373,286,299,214,261,247,291,225,259,227,275,280,233,275,254,211,283,238,257
"60847",372,419,327,374,353,343,301,311,284,282,273,301,243,265,260,279,303,284,276,339,308,339,339,265
"188932",418,303,327,290,354,314,99,331,67,94,94,256,66,86,87,76,192,83,281,95,111,249,113,255
"3059080",407,418,363,357,351,415,356,346,316,349,352,372,297,270,298,328,320,300,279,289,314,316,309,269
"1788301",417,397,343,272,376,344,277,318,250,236,260,298,255,227,240,258,290,226,306,259,222,302,254,260
"227319",373,417,365,329,386,412,345,386,360,346,318,345,297,295,308,319,336,327,316,317,261,314,283,275
"651561",267,417,181,163,232,269,68,169,82,66,86,154,57,83,80,71,90,65,190,89,83,150,94,176
"9",388,365,331,331,321,417,255,336,205,180,201,340,154,215,176,161,270,152,296,185,199,292,152,248
"1880678",416,329,323,312,304,294,229,259,243,216,207,266,179,218,205,171,258,184,271,208,207,254,250,263
"2055160",356,416,337,303,321,374,265,286,229,247,278,276,249,282,245,282,299,270,244,291,220,276,286,252
"2175667",381,404,416,401,367,381,320,339,356,315,330,335,303,305,327,306,287,320,322,286,317,311,284,264
"3044166",416,254,286,285,284,192,104,332,103,87,94,245,84,119,97,84,160,108,237,113,101,239,121,142
"1344094",415,335,324,319,334,268,221,304,241,241,219,297,166,214,223,246,257,202,306,219,198,282,195,253
"1619313",376,415,402,374,319,374,343,366,299,292,270,350,262,283,269,288,315,258,320,257,237,345,294,300
"2749040",336,415,316,319,336,331,240,307,258,218,238,278,225,198,206,233,260,199,298,204,235,237,254,271
"1056",414,409,393,324,337,385,241,357,280,252,260,351,229,253,259,279,345,249,313,263,246,333,326,275
"158627",414,389,375,348,349,367,289,316,244,250,237,327,238,241,279,226,283,306,283,258,251,319,260,232
"2842354",414,407,346,299,363,302,258,343,240,260,218,326,223,276,250,238,258,214,273,220,283,259,243,275
"301375",344,414,352,376,310,348,363,319,296,311,321,329,249,287,257,302,293,313,300,321,311,344,296,256
"679663",414,401,383,394,337,373,391,360,280,344,327,318,278,272,304,252,318,276,257,283,285,296,269,268
"2175644",396,413,358,407,340,357,328,324,306,290,350,322,267,308,268,291,286,251,302,289,266,266,256,233
"2866588",344,413,350,395,313,375,297,311,279,302,286,300,267,287,328,295,299,276,276,278,269,253,275,220
"2895476",315,167,290,172,175,168,104,148,102,92,83,136,103,87,78,110,128,102,160,88,121,413,130,115
"2897177",412,405,378,275,364,334,246,333,238,223,236,305,201,289,241,255,292,239,290,272,233,362,266,254
"2908839",412,347,290,300,338,349,218,318,201,221,188,262,173,187,211,171,245,202,244,242,191,234,226,250
"2956834",412,318,368,352,353,340,219,320,230,217,239,315,231,233,225,214,224,186,276,232,221,295,205,265
"1172565",341,411,321,314,312,347,249,306,221,224,239,310,223,252,243,238,277,230,304,211,221,260,253,275
"1249552",367,410,319,289,317,325,227,291,220,230,205,279,183,214,200,220,280,195,228,194,253,266,227,259
"2906474",395,408,399,366,410,340,343,388,328,328,322,312,278,278,308,275,283,275,284,295,266,325,259,233
"3016636",254,218,242,143,410,201,115,247,126,109,121,146,88,93,104,139,170,100,144,109,124,192,92,144
"65551",391,410,352,359,378,407,315,358,273,360,360,368,255,279,249,330,335,339,269,348,290,273,283,275
"2722756",358,409,338,294,354,352,256,352,252,245,265,297,262,244,219,256,320,245,261,244,209,277,271,270
"2906798",329,387,316,303,311,409,233,306,233,273,265,293,211,230,201,245,330,312,203,360,204,272,285,256
"1891279",408,406,370,354,377,387,257,337,260,251,238,342,249,246,231,234,309,205,302,254,235,337,269,258
"220684",408,221,220,243,242,167,76,181,95,82,57,199,59,66,42,48,160,56,219,54,60,196,63,151
"3020899",408,375,333,357,365,332,326,323,271,264,272,311,251,282,245,213,291,253,292,276,256,286,299,268
"3058903",341,395,331,324,315,408,283,312,313,335,280,286,289,261,266,255,321,309,284,295,277,268,236,227
"518898",408,389,328,308,329,314,228,394,235,230,223,307,229,238,260,244,281,237,293,247,208,330,239,272
"927",391,408,361,293,364,349,228,320,208,228,241,359,187,251,211,212,291,226,254,246,257,305,268,269
"1873425",351,407,301,289,318,389,261,302,238,205,235,307,229,253,235,224,292,224,264,214,206,229,247,261
"2496867",405,374,378,407,375,400,338,333,341,315,294,366,299,298,337,310,327,281,259,323,281,300,350,257
"2933779",404,393,369,406,326,372,401,388,347,334,362,334,346,338,305,319,308,351,310,324,325,309,293,273
"1389192",405,387,299,328,298,317,229,359,240,234,226,278,216,210,221,219,260,226,281,215,214,251,223,215
"2483033",405,382,384,379,405,389,275,336,283,263,267,327,290,286,228,274,339,252,311,256,257,270,278,292
"2831149",405,336,375,299,304,287,337,297,289,317,282,305,280,267,270,304,255,294,235,242,268,287,259,262
"3076685",352,405,344,338,323,381,311,283,299,264,285,285,274,250,273,285,326,302,270,294,260,290,294,246
"312285",373,405,317,339,306,290,352,294,278,286,248,349,307,304,288,241,248,268,265,254,246,305,229,259
"418719",405,393,332,292,362,381,272,352,275,277,261,338,213,256,256,245,309,214,275,249,241,273,248,246
"2782686",373,404,318,327,262,361,261,320,253,241,272,268,243,261,223,240,272,216,233,231,200,239,223,257
"2793010",404,391,347,334,374,372,305,310,284,289,273,336,227,281,268,258,296,307,307,270,271,299,263,310
"28100",404,272,372,296,320,319,183,337,163,183,148,310,132,181,141,138,215,156,253,168,154,264,164,221
"2939415",404,135,191,91,205,134,87,188,59,88,81,283,91,82,90,71,48,57,199,74,77,182,51,178
"1137095",381,403,332,345,275,376,304,299,271,285,291,302,234,254,230,279,328,373,282,332,250,274,351,326
"1870862",346,391,348,376,376,352,223,314,211,206,196,324,222,215,202,186,278,215,342,208,222,329,257,403
"2592655",342,403,268,271,261,393,228,270,212,201,280,251,186,217,174,242,271,215,282,213,202,229,189,242
"2602769",322,171,301,126,403,154,92,172,101,61,45,137,45,116,208,50,87,35,236,52,100,227,56,286
"2682487",403,112,176,96,181,144,67,148,60,68,56,313,66,64,92,73,63,66,207,55,69,243,55,117
"2899122",403,387,300,305,325,316,245,293,264,267,259,297,208,247,255,214,268,248,289,211,245,278,258,271
"2562582",345,351,336,289,346,402,253,265,204,240,232,297,213,191,205,203,271,195,281,191,200,365,183,272
"2841064",402,250,276,239,272,263,215,271,173,166,177,278,173,175,165,203,224,197,202,199,188,285,205,210
"2913412",402,393,358,333,355,312,281,289,321,277,278,277,277,266,279,275,286,261,284,250,234,268,277,247
"570267",402,319,321,332,349,361,328,316,257,221,311,282,240,269,264,243,281,255,242,246,281,260,298,266
"607712",364,402,341,307,338,309,286,362,266,246,255,307,217,246,226,242,315,239,271,242,224,286,298,272
"664426",352,402,310,316,287,344,238,319,225,243,265,286,218,239,229,246,315,229,268,215,223,249,237,261
"1190508",350,401,364,330,343,324,300,364,293,309,260,306,235,280,238,267,282,260,289,286,259,249,287,241
"2482728",401,266,280,192,295,254,91,240,85,71,71,225,55,85,95,71,145,66,193,73,114,233,88,189
"1076926",362,361,299,317,334,400,212,344,228,203,215,309,184,230,213,198,235,207,254,195,234,254,195,304
"135622",390,400,374,287,339,350,182,369,207,225,176,318,168,192,220,197,281,214,275,222,208,275,237,264
"2664893",390,361,358,294,376,400,238,320,233,223,214,309,175,233,219,199,234,198,318,219,189,282,243,323
"2754044",398,394,369,355,326,400,275,302,243,272,291,331,269,261,280,284,330,324,268,304,246,284,252,259
"2682091",399,296,310,212,324,339,101,279,143,126,118,238,86,106,118,107,205,123,243,118,136,244,143,219
"2730360",352,399,291,316,338,294,282,286,252,214,223,249,221,208,228,237,256,215,217,249,241,238,272,235
"3075620",319,399,338,324,327,333,313,262,301,272,317,209,278,266,308,289,284,284,264,272,277,273,260,250
"181487",361,398,356,366,340,338,309,316,276,294,282,302,259,297,283,263,322,278,277,260,258,256,268,263
"1873524",348,398,366,351,324,343,281,282,317,268,309,280,276,287,287,300,322,247,268,336,267,310,296,290
"1874317",398,340,322,317,341,345,255,334,254,241,236,290,230,236,240,249,298,255,313,266,231,293,302,234
"2917832",370,398,321,299,295,388,266,317,289,269,255,285,237,234,223,263,281,295,291,323,256,241,365,284
"3075619",369,398,354,374,382,354,367,311,342,345,292,296,296,306,295,327,277,308,247,292,288,314,280,274
"81682",398,311,322,297,307,252,183,353,201,164,178,290,150,196,190,175,230,161,330,178,185,264,211,187
"156976",390,397,353,351,311,356,293,296,248,264,268,296,224,262,258,290,272,258,238,255,242,282,280,293
"1704499",397,336,325,292,343,344,228,284,226,244,204,305,215,215,224,228,271,236,293,237,246,261,249,258
"2774460",397,289,278,249,274,260,160,232,187,217,188,183,171,158,182,216,201,154,204,159,165,269,157,191
"2904245",395,375,362,289,397,309,144,344,159,132,153,320,102,166,132,105,243,102,311,131,178,315,159,261
"3056445",378,359,397,312,355,367,277,340,300,262,263,322,216,295,245,251,316,280,260,279,253,285,307,265
"672",386,397,299,310,298,358,215,317,274,233,243,283,180,201,203,223,279,231,269,222,233,279,218,278
"898",342,397,297,319,342,362,296,318,271,257,242,306,215,242,215,268,274,211,257,261,246,296,262,222
"1033997",393,290,316,396,253,275,296,216,270,255,297,278,224,277,215,183,209,147,245,189,207,239,169,141
"110932",373,362,368,352,396,338,298,333,303,331,357,360,275,325,314,284,292,254,294,256,245,277,255,303
"1332188",179,147,268,236,396,148,104,246,101,72,95,202,61,76,60,27,123,45,304,42,77,242,64,143
"1628086",396,325,300,278,283,302,194,248,187,215,185,269,188,205,199,211,279,193,265,199,242,297,181,209
"416213",396,370,337,330,357,337,240,299,265,263,257,302,214,237,206,216,308,218,289,260,221,305,262,253
"1649480",379,395,358,341,342,319,223,343,230,254,227,357,187,261,200,230,325,199,315,215,217,314,277,284
"1740721",395,188,207,212,208,182,75,154,87,68,64,136,68,61,63,52,147,57,162,53,95,191,73,126
"221352",395,333,325,376,330,337,266,324,312,276,260,289,260,274,289,305,296,310,320,275,255,249,283,275
"2979862",395,315,335,332,395,326,209,393,203,197,182,300,180,200,174,197,215,173,293,184,177,281,189,263
"395922",395,364,285,319,331,329,197,357,185,195,202,307,193,191,178,192,264,181,279,203,189,315,205,230
"470932",395,387,349,319,339,383,264,370,281,301,254,333,239,249,290,246,372,235,297,260,272,298,279,277
"67825",363,395,307,297,295,342,232,303,222,217,243,280,217,226,232,219,289,242,275,199,199,277,244,267
"75293",387,376,395,339,322,347,370,363,341,371,352,289,315,345,362,309,329,297,256,316,312,301,265,258
"2681983",394,58,77,78,301,95,37,123,49,50,52,174,27,50,42,40,49,36,262,42,38,125,57,43
"3003256",179,324,226,394,211,158,40,151,60,45,54,129,40,89,108,45,106,35,153,52,72,300,60,126
"53946",374,394,321,358,376,345,265,309,253,265,259,337,231,276,260,225,289,247,314,248,234,327,272,281
"367825",393,380,314,346,330,294,265,291,208,212,180,275,204,218,235,218,276,234,243,212,202,248,240,204
"2735554",285,191,209,238,392,171,100,314,99,120,78,177,86,95,94,114,144,94,222,125,107,196,135,108
"2735563",390,392,305,291,323,352,256,324,220,252,211,299,197,249,227,225,293,225,275,247,219,255,226,246
"2867025",392,381,381,338,382,362,323,372,270,297,280,337,264,287,237,267,285,257,290,311,238,301,280,304
"146826",354,391,291,317,278,335,290,277,232,266,246,285,268,260,253,296,284,256,250,242,222,258,259,235
"1653176",391,349,353,360,363,353,295,345,274,316,292,307,252,288,263,262,274,268,289,262,314,302,270,294
"2735795",348,351,315,299,320,391,243,287,227,256,234,254,210,236,234,251,272,253,248,229,202,281,252,235
"2784880",384,391,332,335,334,346,288,303,279,268,247,311,260,256,243,255,316,270,260,239,263,254,263,240
"2609415",390,371,344,296,324,266,238,304,288,218,218,306,251,239,269,243,328,221,282,249,228,273,291,230
"407217",390,343,335,325,278,358,247,270,228,231,208,281,179,233,240,231,273,219,241,212,222,319,231,235
"1536772",389,352,283,319,296,326,289,284,245,257,250,264,209,245,242,226,265,215,272,263,214,271,249,278
"1842536",389,334,304,311,323,326,232,316,220,209,234,300,187,218,217,200,232,225,259,182,179,224,203,247
"2956836",342,276,348,281,389,271,166,313,236,184,198,279,174,179,177,173,193,149,274,150,209,242,187,258
"1898738",341,374,301,388,299,321,305,317,297,281,283,267,227,267,255,296,267,279,315,281,251,264,260,256
"252130",388,332,318,255,284,340,216,303,215,214,217,263,153,279,218,195,262,216,233,234,203,263,248,225
"2785909",378,380,331,312,354,388,246,349,264,258,267,306,246,240,297,254,311,277,253,233,269,308,290,247
"489632",388,387,342,335,325,371,245,318,214,275,241,284,203,259,212,237,273,238,274,251,216,255,224,260
"174633",314,387,265,329,262,335,265,252,208,248,201,276,185,207,179,270,325,257,253,263,224,234,287,244
"1984801",354,386,330,321,349,329,307,308,335,326,314,324,288,269,293,293,299,276,272,321,259,298,299,257
"2976983",385,375,320,332,329,371,261,338,277,231,250,338,235,247,247,254,327,269,285,269,266,271,321,269
"1182568",384,381,350,328,302,322,313,289,310,264,274,312,255,275,227,282,310,284,290,330,263,286,315,275
"1932004",332,384,291,290,319,302,312,286,290,259,259,267,228,263,270,276,277,268,230,286,250,243,243,241
"1945512",244,255,281,297,384,242,160,250,189,154,152,177,101,190,157,111,160,106,240,144,261,292,144,202
"2714355",375,382,365,328,380,384,302,326,280,287,298,279,239,249,283,302,334,303,297,285,269,322,305,253
"162209",359,383,341,338,354,333,253,327,241,226,267,285,205,237,210,210,300,228,275,246,226,318,257,252
"199592",355,369,381,305,383,326,279,292,310,287,326,274,246,265,309,254,262,249,237,230,301,301,241,282
"2303332",262,252,297,329,383,215,164,223,204,199,172,194,128,252,183,103,168,134,251,142,314,260,159,187
"2725288",383,353,306,266,294,322,263,285,213,251,228,247,210,216,214,217,282,231,261,262,236,245,225,246
"539",378,377,338,308,357,358,290,383,232,270,288,327,232,288,276,248,312,255,290,264,252,330,299,279
"54911",383,309,313,307,318,330,259,294,232,258,257,303,183,220,199,242,278,212,271,232,211,280,231,287
"1536774",382,317,267,269,299,279,232,280,204,192,198,240,188,208,174,185,227,188,241,226,180,350,206,240
"703",362,382,306,296,354,356,264,320,266,220,209,326,222,213,231,211,287,242,271,235,215,285,264,243
"920",307,382,272,320,326,294,229,292,224,229,215,297,212,204,191,220,320,235,285,242,202,257,246,259
"1785145",300,165,282,115,169,183,103,182,126,122,97,159,103,105,103,117,141,121,157,140,109,381,98,137
"2040586",223,172,171,119,381,178,96,134,110,90,118,204,78,89,89,70,78,83,160,100,89,126,76,160
"222819",381,373,372,351,315,367,278,314,259,272,252,304,182,230,215,242,297,224,253,311,180,316,294,259
"2600320",344,381,312,282,308,325,305,312,254,290,307,271,256,265,248,274,275,235,258,244,254,234,231,278
"2774461",381,266,305,218,263,235,160,248,164,169,158,210,150,145,143,135,213,139,233,172,133,369,169,177
"2916755",381,315,329,265,366,360,135,288,127,123,90,287,87,121,140,94,190,90,273,95,126,236,133,246
"299308",375,381,330,338,281,339,304,338,306,318,286,311,264,278,327,315,290,285,295,279,253,316,248,241
"590",381,364,288,309,301,375,254,335,214,204,255,274,185,238,224,213,309,237,280,257,237,263,276,259
"76759",381,229,294,266,240,194,132,164,110,117,106,131,114,105,114,121,162,162,165,122,101,136,119,113
"2718620",331,345,349,329,340,380,285,304,262,226,250,297,222,266,245,245,318,261,251,259,208,294,298,288
"2922394",336,380,300,267,351,300,257,309,276,272,261,251,212,207,216,210,265,222,242,219,216,248,228,256
"321332",360,312,380,298,309,358,238,301,244,250,225,269,219,241,253,230,269,251,254,250,227,265,234,244
"48076",366,380,323,296,368,362,216,346,242,204,207,299,207,211,208,227,264,221,248,236,217,278,256,247
"2578106",379,265,309,218,294,293,83,245,77,65,64,237,67,74,73,60,141,64,221,73,78,298,83,221
"2661630",379,356,306,309,358,295,217,357,190,253,253,311,185,232,212,178,294,192,263,214,221,270,242,231
"456327",340,317,351,286,379,277,188,249,168,212,196,260,171,184,202,161,217,190,298,202,189,268,190,233
"59505",356,379,317,333,317,357,288,329,265,269,310,332,243,277,244,239,297,273,281,260,277,260,268,209
"200452",378,349,319,309,311,321,240,364,263,241,239,288,245,266,254,224,301,203,292,268,258,292,254,286
"2956824",327,332,378,303,374,327,190,311,263,236,225,272,193,218,189,220,212,202,285,204,223,260,226,276
"2866628",345,200,243,222,263,179,104,377,106,122,102,199,86,133,83,136,151,85,184,105,93,247,146,113
"2895475",324,182,377,147,240,180,96,185,112,81,94,151,94,111,110,104,145,102,199,84,87,208,113,144
"741759",333,376,361,353,377,339,317,294,329,308,308,244,295,310,300,293,283,300,228,279,281,293,276,242
"1930593",376,354,300,292,311,363,238,345,259,280,280,309,220,227,249,288,318,267,278,285,243,276,280,275
"203263",368,372,356,376,374,339,277,351,303,272,315,294,247,310,317,287,317,302,277,276,284,286,262,262
"938406",268,376,246,219,229,360,164,195,195,202,178,253,131,174,165,230,284,289,229,280,174,213,290,218
"2529408",352,375,341,307,317,263,278,269,275,242,256,249,247,242,242,247,297,281,244,249,253,212,246,219
"2764720",359,328,350,255,375,346,96,256,97,108,72,242,101,97,115,100,170,81,267,108,95,317,109,238
"2768834",375,353,312,331,306,326,259,296,277,271,278,288,232,256,256,205,308,267,284,235,271,267,281,232
"2817025",319,375,274,308,336,310,252,296,264,296,262,279,219,252,290,282,310,235,226,276,241,280,284,267
"38313",375,350,300,297,298,356,202,304,220,219,220,297,209,236,245,200,246,247,245,244,232,305,226,279
"157",313,374,292,252,257,311,208,254,194,224,195,236,195,257,212,178,262,230,237,217,208,234,230,211
"2072407",341,225,374,251,373,295,202,315,186,192,182,227,181,199,200,147,200,210,261,175,174,269,151,240
"2579935",374,342,364,309,337,311,247,319,206,245,255,304,215,227,244,257,296,201,302,245,213,287,254,240
"2680004",330,334,374,265,328,348,277,285,283,239,245,242,234,239,243,216,195,185,258,223,215,287,201,237
"2175674",335,373,318,359,292,367,331,273,319,328,321,246,239,284,271,261,270,287,277,290,287,252,276,256
"2785908",326,373,307,283,326,303,214,316,200,231,247,255,186,215,208,233,234,210,264,207,197,223,211,229
"45663",348,349,373,312,316,358,272,287,226,271,262,284,239,248,263,283,345,295,303,270,225,324,336,290
"98671",323,373,310,356,321,300,338,273,305,304,279,274,263,281,274,250,292,266,312,256,268,283,282,263
"1295327",264,293,297,277,372,284,232,288,188,193,220,326,190,203,184,157,170,143,309,163,159,238,141,201
"1796620",317,372,299,350,293,341,257,320,245,269,236,310,224,275,257,279,328,216,225,272,247,236,245,235
"441",348,328,311,295,275,372,267,281,232,218,213,254,161,203,232,205,222,224,261,232,211,258,231,261
"1549855",345,371,299,349,327,361,296,316,253,277,290,271,226,257,214,247,300,229,273,261,237,239,227,254
"847",371,259,229,248,287,246,182,293,155,167,173,245,158,170,153,156,218,135,201,177,147,179,177,192
"1082930",321,299,278,293,356,315,190,370,190,200,189,286,148,163,141,191,219,180,245,169,191,220,169,201
"1954172",277,369,249,248,258,342,194,243,227,198,198,223,171,191,128,226,311,296,216,277,180,210,285,249
"1604004",314,368,265,320,302,274,272,268,266,300,274,249,220,245,267,253,278,215,267,248,238,252,259,264
"194197",368,320,273,256,281,258,205,272,210,196,202,256,183,221,210,189,231,203,278,233,216,217,211,196
"2838877",122,368,98,65,96,149,34,87,31,33,31,71,31,31,38,41,65,27,82,35,45,84,26,109
"454601",363,363,368,341,366,329,201,346,188,190,206,334,224,239,171,222,286,207,254,207,173,258,217,226
"61858",339,368,320,300,329,344,305,294,289,286,280,271,256,271,283,258,258,278,270,248,248,317,262,221
"1699371",362,366,353,331,333,328,315,339,266,306,305,289,244,322,264,331,337,303,284,324,288,258,282,280
"47917",366,344,276,268,286,315,231,280,203,205,246,243,198,217,189,213,252,213,239,234,174,241,246,226
"60137",366,323,293,276,302,321,238,289,267,225,195,281,226,180,220,184,246,237,224,216,211,269,214,233
"633415",134,366,178,190,125,110,85,104,95,111,74,116,80,89,188,89,90,100,85,90,91,127,78,103
"122355",365,313,338,214,299,319,222,303,209,190,228,244,167,229,213,220,276,191,263,169,195,278,197,191
"1239307",325,365,322,302,327,325,254,322,264,238,208,315,243,248,211,284,259,251,289,256,236,267,236,270
"135079",365,357,304,299,309,288,293,291,255,266,266,265,219,244,263,260,322,286,286,285,239,272,264,252
"1925550",361,365,352,340,349,321,301,296,329,353,351,334,265,265,303,253,291,229,311,263,288,275,243,258
"2692233",358,365,346,283,302,301,319,329,279,253,264,276,252,269,283,242,249,230,262,293,264,268,247,235
"1428",364,179,182,204,162,233,118,152,164,142,120,160,102,207,119,78,154,81,141,114,136,166,106,183
"1649468",364,325,258,240,357,270,150,348,146,108,132,223,110,112,143,146,208,133,267,135,139,265,151,201
"2502979",364,356,358,326,327,296,255,311,230,267,224,274,192,216,230,245,236,228,273,223,214,270,245,220
"495",364,326,276,288,266,309,233,266,171,202,203,267,182,207,171,201,246,237,199,230,188,238,228,206
"524",313,364,275,308,306,351,272,293,253,235,259,299,294,251,254,295,328,241,204,259,218,232,265,269
"911045",309,319,266,259,298,364,191,245,207,210,214,259,162,188,195,172,271,206,250,212,182,248,220,223
"1510225",363,301,269,346,335,323,308,275,304,269,267,289,245,274,261,297,283,255,239,283,242,270,264,243
"1751046",363,350,270,267,349,281,242,283,211,190,194,294,183,191,181,220,261,208,269,209,186,245,251,177
"2810563",318,341,363,313,267,332,265,333,204,270,284,253,209,214,249,257,273,262,238,271,231,321,301,262
"486398",363,187,284,209,226,178,82,180,70,66,61,170,60,78,71,67,141,58,172,61,54,165,71,132
"699041",362,340,348,363,291,353,293,320,254,284,236,289,225,260,258,285,299,314,267,254,233,278,260,258
"1115758",18,13,320,21,362,22,8,7,139,6,9,9,9,137,126,3,6,5,240,18,124,248,8,60
"2545455",296,314,315,233,356,362,93,256,98,84,93,262,89,107,96,97,202,102,314,110,105,258,121,297
"2866807",362,239,251,201,284,192,130,169,132,121,124,180,132,121,123,149,161,111,196,124,125,215,149,165
"3069118",323,355,254,245,306,362,239,314,188,209,176,286,166,185,144,209,281,187,227,221,193,271,250,257
"93378",349,348,303,329,325,362,298,291,284,196,256,273,245,244,216,220,300,270,249,253,229,290,236,199
"1219",361,338,327,324,287,342,218,234,208,232,171,251,168,188,168,183,270,163,257,199,163,270,216,221
"1646377",361,347,321,260,282,311,211,292,228,245,225,269,219,202,237,231,260,222,267,226,209,262,228,244
"1814290",342,361,292,303,293,328,264,308,229,215,235,256,212,229,235,255,259,226,241,252,205,252,255,197
"2153354",350,361,344,277,273,315,295,263,221,234,243,320,225,209,223,223,290,204,249,223,237,261,219,254
"55779",360,351,333,309,316,361,246,307,291,254,298,308,235,235,244,293,315,250,266,272,213,301,292,252
"1008152",326,360,261,299,271,282,240,225,234,238,246,282,231,243,256,222,268,229,209,220,210,202,280,184
"2714951",265,228,178,360,194,270,139,199,170,152,168,176,148,144,137,133,258,147,194,172,124,187,186,158
"2724468",360,329,293,275,315,289,240,313,258,264,227,253,208,243,221,197,269,199,285,245,226,289,239,231
"2998079",360,267,301,284,242,297,209,280,197,229,185,259,181,186,185,194,224,194,247,203,182,211,182,209
"2020313",359,313,285,279,335,304,194,250,148,151,161,235,154,174,183,142,187,134,247,170,144,219,146,211
"2745519",320,359,280,269,290,276,223,279,188,197,155,233,173,183,196,186,230,210,236,203,198,225,198,203
"2895286",359,251,242,206,285,235,61,274,79,55,44,187,51,81,83,72,156,53,207,65,81,216,64,173
"2944933",354,359,357,344,323,329,229,337,247,253,227,305,191,220,247,250,285,228,270,196,197,273,294,255
"1855331",61,41,63,44,263,28,15,36,18,17,16,35,16,14,22,20,14,13,53,22,15,358,20,29
"2968968",358,295,297,263,265,282,228,292,258,222,220,259,177,217,202,200,214,207,253,190,207,272,228,185
"940557",326,298,290,269,323,358,221,239,200,226,219,277,203,194,205,256,309,257,230,260,207,262,278,239
"2019",342,308,332,317,274,266,309,273,347,293,287,247,285,357,304,274,225,229,246,249,318,266,217,210
"2175641",346,339,357,356,335,317,349,322,289,319,302,320,300,299,263,312,269,308,262,309,295,264,300,255
"2587853",354,357,322,299,339,315,233,342,252,286,235,301,250,260,238,203,259,242,299,259,238,258,251,236
"1397108",308,356,243,292,307,321,243,290,193,213,204,234,204,228,182,214,219,219,213,241,179,263,229,209
"1724",336,356,308,296,294,301,266,285,245,266,257,270,279,266,237,261,262,267,234,274,241,243,262,210
"657",317,331,302,275,329,356,220,303,218,218,194,298,197,246,263,213,261,234,252,242,208,278,240,282
"1124597",324,355,267,276,279,319,226,286,198,206,204,256,170,182,221,193,267,177,228,200,161,222,267,228
"137584",355,351,300,324,266,348,218,267,225,195,202,266,187,256,206,183,308,221,281,209,211,278,222,210
"2560792",52,7,250,22,355,20,5,90,6,6,6,62,7,9,13,2,7,5,24,1,6,51,1,7
"260552",318,355,343,291,327,346,194,303,199,217,201,263,205,242,196,231,236,199,286,206,216,278,215,269
"2782643",336,355,249,271,280,330,203,305,189,240,236,259,182,195,198,241,238,225,212,229,178,235,201,239
"2883106",336,355,280,258,271,323,216,278,204,207,239,264,215,196,192,203,256,227,208,190,223,258,224,249
"2966453",306,355,277,270,276,281,242,251,208,225,193,267,189,229,231,229,301,223,244,235,205,236,188,265
"3070680",355,168,185,148,217,149,56,132,53,46,53,137,50,43,41,44,110,45,136,62,48,125,48,107
"40545",350,348,303,275,355,342,208,312,224,260,215,260,205,245,239,246,260,229,254,241,203,296,286,250
"1513468",354,349,298,273,329,313,230,264,241,229,221,244,183,231,231,218,224,205,290,213,188,245,218,213
"161879",354,343,322,304,305,311,287,293,243,286,231,261,279,247,244,251,312,202,256,264,260,299,244,256
"2495430",354,297,334,305,292,300,313,259,255,239,250,254,250,265,249,272,253,258,235,271,261,237,204,259
"2714932",303,354,298,247,333,264,223,274,199,186,197,270,183,176,211,314,237,220,250,264,186,247,283,273
"472569",354,332,323,328,303,322,277,276,277,284,289,275,251,290,267,273,267,251,276,259,264,250,256,240
"55211",354,349,300,295,334,310,229,314,226,239,237,294,184,263,198,217,249,217,255,236,211,251,197,230
"1076596",340,353,274,259,266,327,250,260,196,193,196,285,193,184,188,189,221,195,273,198,188,281,246,235
"1664069",332,353,276,263,272,307,211,234,201,207,178,265,187,193,206,184,241,194,203,194,205,204,226,230
"2610895",353,337,304,342,299,342,233,296,216,283,266,281,233,275,225,311,276,284,246,269,229,261,275,246
"2950108",300,353,289,265,247,324,192,244,205,175,180,258,156,200,163,180,244,186,222,220,187,202,251,245
"63612",316,353,283,269,281,308,198,274,215,214,229,315,170,188,191,200,273,234,257,195,189,284,228,266
"1649877",352,259,276,221,306,267,181,225,199,168,190,205,172,153,182,197,193,161,199,197,197,206,169,199
"2072406",320,285,308,268,352,310,179,285,204,168,199,229,183,208,170,172,196,181,260,169,187,260,162,227
"58180",336,352,292,311,292,314,235,276,217,239,234,254,202,168,195,253,236,255,247,229,225,261,237,193
"116718",350,285,276,265,274,293,186,275,193,207,201,252,158,187,188,183,233,202,230,225,173,218,244,230
"1902",331,339,325,310,322,350,270,329,302,279,276,276,280,296,256,216,261,269,260,276,242,272,248,232
"2871487",340,306,350,295,306,276,301,253,295,294,308,252,264,275,264,213,224,216,226,232,232,246,180,237
"2906062",350,336,341,269,303,331,209,275,200,179,193,232,205,231,190,188,228,205,290,219,178,237,211,230
"1428684",337,349,233,264,249,309,255,234,239,247,227,247,197,232,213,248,219,219,242,276,194,255,253,249
"1450",349,330,309,265,273,300,245,309,199,226,244,286,203,235,227,230,276,221,206,259,187,301,237,214
"2070348",276,312,292,288,349,281,279,279,262,263,237,248,260,253,230,219,217,208,268,210,237,263,233,215
"95619",349,285,227,244,227,252,141,217,164,125,160,221,135,156,144,149,229,161,215,146,134,194,133,163
"1891675",348,319,265,258,238,282,188,267,182,222,190,226,158,176,213,182,198,198,209,204,160,214,206,228
"2492438",247,242,270,204,348,226,194,167,189,176,205,166,178,217,166,166,181,169,157,165,201,216,164,173
"916",223,222,275,348,259,201,228,232,226,201,184,233,189,232,186,114,160,121,230,116,206,201,161,151
"78543",347,211,211,140,209,199,142,185,107,107,123,144,105,113,119,126,141,118,166,126,106,190,115,146
"169134",346,262,278,273,292,280,251,266,272,253,229,237,214,259,254,233,241,249,240,224,232,211,227,241
"1965282",346,267,281,211,288,257,209,242,211,192,174,282,168,186,202,186,245,192,210,182,167,284,217,210
"2211160",171,130,131,76,346,111,67,100,76,52,55,131,64,56,65,65,84,50,120,79,75,110,68,93
"2742134",346,325,339,297,344,302,289,260,305,303,294,269,235,290,266,253,269,223,246,190,242,220,237,239
"3048535",346,203,227,210,209,174,112,173,86,69,74,188,66,77,78,98,134,70,166,91,103,170,80,100
"1217908",336,342,289,328,316,345,225,293,219,214,228,287,203,214,219,229,241,226,251,216,213,258,231,241
"1853278",241,345,235,254,267,307,208,268,190,178,174,215,142,208,192,225,245,198,222,190,217,242,223,217
"2528020",309,345,275,270,250,292,195,260,200,192,243,284,156,204,184,219,269,206,257,220,193,275,200,245
"502558",345,230,274,280,239,285,235,255,212,218,243,235,194,198,198,182,228,191,233,225,221,223,236,211
"562959",345,336,275,273,280,270,225,286,224,237,244,232,198,184,175,154,245,211,231,227,176,234,236,234
"981384",336,345,314,329,340,311,208,331,238,220,232,291,211,246,229,224,238,198,253,204,187,263,218,215
"160825",344,254,312,223,322,203,122,280,129,115,112,200,103,138,118,147,173,123,212,148,120,201,121,173
"2614538",344,343,332,284,313,292,221,278,224,217,210,256,209,237,195,226,242,220,281,206,217,223,199,225
"265175",300,344,309,258,277,253,235,255,186,206,205,233,179,205,201,210,220,195,212,218,202,224,204,212
"2792224",270,202,246,225,312,170,135,344,132,98,109,160,98,91,87,115,134,98,183,120,107,223,105,127
"2830994",328,165,260,259,344,128,139,185,126,139,121,254,130,126,138,107,135,119,247,110,127,202,78,132
"2961994",318,344,278,260,273,274,267,257,251,265,255,274,243,272,227,240,268,260,244,248,195,245,246,216
"3067902",344,280,290,252,285,294,224,256,180,204,205,262,167,197,138,197,236,196,239,208,160,251,213,232
"33905",336,344,333,271,342,317,284,310,263,282,291,308,258,275,262,278,276,245,281,252,260,238,247,253
"84565",276,344,302,286,282,288,221,271,257,227,230,248,217,230,229,191,226,212,235,189,251,254,198,208
"67260",317,297,323,279,343,266,288,265,263,272,297,239,256,259,256,255,225,242,241,231,216,212,226,313
"875328",236,243,259,231,343,207,211,196,225,212,216,250,223,219,192,163,213,170,215,219,221,203,171,195
"1193713",341,189,229,210,210,162,76,200,95,95,66,153,83,112,94,82,144,95,166,97,62,175,107,149
"1536648",341,309,289,315,287,312,279,262,260,254,287,263,203,222,211,237,286,238,245,254,217,249,247,283
"1884263",331,325,341,306,278,305,244,278,268,265,220,264,207,224,216,248,302,226,240,242,255,292,253,248
"218673",322,341,268,229,242,292,176,284,235,206,183,248,191,187,217,224,232,195,246,231,164,210,246,194
"245876",341,318,293,280,318,323,225,256,219,223,237,252,214,207,200,192,247,191,282,184,205,248,228,251
"2825975",341,239,271,229,251,247,141,196,168,148,155,202,134,144,163,142,180,152,191,153,139,220,169,228
"2895491",340,242,236,202,286,209,156,207,160,156,156,195,143,145,137,156,165,147,201,158,114,228,140,150
"565",330,340,309,264,295,335,210,294,251,201,205,261,174,209,214,221,264,210,264,250,193,258,216,218
"911",271,208,291,340,280,187,245,206,248,227,240,210,199,237,203,109,149,128,213,119,182,157,125,126
"1914861",339,338,288,315,301,319,252,298,207,224,224,245,202,254,222,241,270,222,248,249,203,246,202,220
"2144175",339,327,283,289,260,318,235,259,224,209,250,283,206,230,226,233,276,235,223,250,216,238,228,259
"2488819",277,339,278,266,271,332,245,266,246,250,268,289,230,267,257,260,298,273,275,276,253,289,226,214
"2594459",289,280,339,249,292,258,242,281,256,216,235,235,216,190,249,185,212,214,209,193,236,253,191,207
"2895522",331,339,258,320,307,295,266,273,223,228,243,275,244,255,212,227,314,269,265,221,221,233,269,273
"37929",339,326,295,285,325,302,295,280,256,286,250,255,269,243,269,254,230,226,303,230,299,239,262,237
"492670",339,270,268,231,252,314,188,242,188,183,157,219,141,200,165,162,196,149,206,165,166,205,185,194
"670",330,339,277,264,309,244,164,259,207,191,189,244,160,181,185,194,219,200,215,186,169,242,183,241
"1389005",338,333,242,293,274,311,222,304,208,204,212,242,209,217,230,209,235,196,234,192,201,240,220,233
"1422",309,287,289,279,315,338,238,264,230,241,217,256,217,232,208,227,272,209,220,214,223,235,267,184
"146827",338,272,275,259,243,294,247,233,214,196,213,254,222,219,226,224,193,208,197,220,180,232,185,201
"2603598",280,247,338,253,317,249,231,255,223,205,207,191,211,200,218,201,215,181,210,192,193,229,160,205
"2886359",139,94,155,90,143,158,68,109,85,52,78,64,66,77,71,46,74,55,168,86,83,131,66,338
"3074898",289,338,279,193,264,296,163,262,165,162,162,194,137,187,174,169,186,159,210,179,178,264,175,231
"81462",316,338,324,298,287,297,268,297,258,267,257,258,243,225,217,243,333,281,251,257,241,279,240,244
"2692235",292,337,260,240,247,256,243,228,222,231,269,250,247,235,229,262,224,197,203,199,179,170,179,199
"2920939",253,337,111,80,114,168,38,103,32,44,51,104,34,37,59,37,71,51,133,33,61,109,41,119
"739141",335,316,309,337,291,302,254,259,243,255,243,245,245,244,240,267,261,202,263,255,247,257,241,246
"133539",336,291,272,247,284,298,209,249,178,205,205,212,180,190,176,180,235,191,180,205,191,205,196,237
"2956798",273,336,261,260,268,246,226,293,193,177,198,248,173,179,200,141,213,181,182,181,184,253,264,206
"3057114",309,311,334,292,310,298,267,268,263,261,258,254,223,230,242,259,222,206,244,232,222,231,230,198
"865757",315,297,289,270,282,334,210,280,210,217,213,265,217,201,200,172,273,242,263,208,214,270,253,233
"1372",333,265,285,239,236,241,197,206,186,183,191,194,149,182,193,163,199,159,234,166,161,230,178,173
"1863",318,333,314,305,312,274,282,295,243,270,270,273,222,225,250,222,206,198,219,200,253,248,215,218
"2898151",333,310,294,284,288,275,232,241,256,247,248,202,249,227,230,259,258,227,221,222,219,202,208,233
"2047767",309,332,248,253,217,288,217,221,182,214,183,212,198,166,137,227,276,196,198,204,181,213,227,235
"2923366",325,274,304,260,283,332,219,278,232,238,241,269,209,208,205,224,257,223,227,210,202,250,274,221
"2675230",135,91,331,98,237,84,62,80,117,46,39,76,40,93,98,35,61,46,151,38,73,154,47,55
"2835041",331,191,200,271,230,139,85,221,52,75,89,207,56,68,63,72,113,71,198,68,75,198,55,86
"2866810",268,331,261,234,293,305,215,244,197,255,209,215,171,188,189,211,250,211,219,209,188,237,211,205
"556325",324,284,331,319,297,295,254,281,262,254,250,291,231,251,258,244,250,232,289,245,257,242,271,204
"66269",320,331,276,238,295,301,209,285,241,218,208,294,178,213,197,212,247,161,273,205,181,219,187,198
"1173032",319,330,297,266,286,323,201,248,210,248,230,268,198,181,198,234,221,224,234,226,180,253,238,283
"1920883",330,252,218,275,292,269,183,252,201,192,205,240,158,208,168,195,216,164,238,191,187,234,182,214
"2884220",277,314,240,330,284,279,273,259,250,301,270,223,275,276,241,290,233,269,244,269,260,217,225,225
"2983230",330,294,268,276,294,266,244,259,244,246,248,251,232,205,211,262,260,246,216,256,236,217,223,203
"43658",298,330,217,232,264,295,173,280,221,200,156,237,142,177,155,212,219,178,221,194,163,192,242,216
"163011",323,270,328,236,314,222,143,272,125,156,145,203,132,116,137,129,184,145,257,162,126,272,184,166
"2338073",328,185,149,132,181,161,119,178,114,139,138,146,111,121,121,131,121,126,160,107,115,149,130,117
"2751171",328,313,290,280,267,298,246,261,233,209,220,256,232,196,186,238,254,223,234,222,197,229,231,219
"2856523",328,277,278,208,257,266,77,242,66,65,69,197,58,78,78,85,160,50,194,81,98,253,104,202
"1916",327,307,302,283,318,318,284,256,250,253,268,240,225,229,241,206,213,200,224,199,214,228,203,199
"3064892",98,62,133,61,239,63,35,42,51,24,32,42,35,99,57,21,47,29,327,36,85,78,39,26
"1082704",292,326,283,254,306,274,222,241,209,195,204,266,166,194,159,196,250,191,239,219,196,259,208,218
"1129704",326,316,303,309,243,282,251,262,235,227,216,273,182,213,221,239,283,182,214,252,198,241,207,219
"1911573",311,326,319,312,288,322,298,263,290,266,309,267,253,250,236,253,257,256,264,267,256,279,258,221
"2025658",326,270,262,255,240,263,162,211,192,166,184,232,171,163,191,161,186,175,218,160,159,210,177,212
"2950604",326,276,272,260,284,309,204,234,162,166,206,225,177,190,180,180,264,164,216,188,195,239,200,217
"1536773",325,284,261,251,253,277,216,208,168,192,186,238,181,209,178,178,233,187,186,192,172,250,245,200
"1827305",164,120,180,100,140,134,57,121,80,60,50,87,49,58,63,69,69,57,203,50,61,84,55,325
"221341",325,298,292,267,267,299,226,241,200,236,233,242,192,197,169,228,262,247,238,227,201,206,246,225
"254",237,325,204,157,200,226,72,153,44,53,52,130,39,58,62,47,126,48,157,77,67,150,83,167
"485880",325,237,252,184,223,169,140,153,124,136,121,152,114,120,163,120,128,100,170,115,121,154,111,168
"76890",291,236,251,227,325,296,134,241,146,152,149,197,133,121,129,158,230,143,205,142,146,196,165,174
"1109412",310,308,324,290,272,290,230,309,206,234,216,242,217,192,192,217,238,200,214,210,188,226,223,246
"155077",322,303,277,300,324,271,179,272,192,184,183,246,158,235,211,157,225,174,257,200,198,280,177,177
"2303750",118,88,119,58,107,182,52,105,75,57,44,75,55,64,49,55,61,36,151,56,71,81,39,324
"2576756",302,324,278,283,304,297,204,256,206,210,209,271,168,207,221,188,297,199,227,192,191,220,245,229
"2954093",324,290,250,208,264,267,223,258,208,213,182,223,156,164,183,175,243,156,216,189,172,237,186,191
"142864",235,323,201,202,221,232,193,184,229,196,155,177,137,241,207,225,270,231,146,238,164,196,240,208
"1851148",224,323,224,196,198,236,163,197,149,152,151,200,140,136,145,138,186,172,180,160,121,183,155,182
"2252",279,323,311,251,245,301,218,245,245,236,204,266,192,220,255,214,241,226,222,235,217,212,224,256
"2496028",271,307,230,244,226,253,213,209,182,183,169,186,139,173,187,323,202,220,239,279,183,221,267,238
"2774459",323,232,303,198,284,236,144,197,164,168,162,188,120,131,158,148,152,138,187,119,139,290,149,181
"2867024",322,236,193,256,211,204,176,208,164,199,171,186,162,176,152,142,172,183,166,168,173,202,155,170
"46355",290,308,322,295,293,293,203,277,221,218,183,253,191,218,187,246,246,203,203,194,169,255,240,210
"576131",321,322,239,302,267,261,212,302,208,227,194,279,152,212,197,220,298,206,262,236,175,233,225,198
"1125",315,299,270,254,221,321,194,246,163,201,158,233,129,211,179,183,237,177,224,215,166,213,249,246
"1689834",321,301,288,232,278,239,214,259,209,209,222,255,177,175,194,183,262,170,205,192,181,200,171,210
"2294119",308,230,248,195,321,199,79,198,97,80,68,149,75,103,106,65,134,57,195,73,106,195,80,248
"2772483",244,321,255,214,285,260,81,195,106,61,115,174,67,105,116,107,166,90,245,100,131,222,99,199
"2878678",321,307,267,274,307,284,266,306,240,276,277,255,254,250,265,255,241,239,230,229,237,232,207,218
"2914041",194,321,165,200,159,299,146,173,147,148,154,149,105,162,127,169,233,230,144,239,124,159,235,180
"682956",234,148,172,177,168,321,136,160,117,112,144,160,128,98,108,115,135,95,103,124,92,132,125,124
"75787",298,288,294,216,321,289,184,287,195,216,221,268,150,223,251,214,256,209,241,216,203,245,206,230
"1160973",301,289,319,301,304,312,252,273,261,247,268,285,226,234,248,242,269,250,211,251,207,249,263,265
"121871",302,319,273,293,252,287,255,238,246,240,220,238,230,258,230,256,248,228,224,238,179,214,230,201
"2072642",298,319,273,270,273,317,215,277,211,190,207,229,151,181,188,149,227,193,253,196,170,217,197,206
"2497875",319,128,127,95,121,125,74,113,82,80,101,98,57,100,76,86,95,81,88,71,96,126,80,92
"2883127",313,319,266,294,309,288,237,262,213,243,234,283,237,205,228,237,251,190,244,250,272,240,210,227
"55212",310,319,251,260,290,262,218,292,182,202,179,263,176,178,200,228,256,197,250,193,180,224,224,240
"2512235",318,303,228,196,246,220,167,213,194,160,178,231,154,181,175,182,196,171,233,173,177,217,189,202
"2576902",269,318,242,219,199,292,192,178,197,196,211,214,149,182,183,221,268,278,165,313,162,207,304,264
"584",267,185,244,181,318,239,176,190,193,139,153,127,137,174,155,111,142,77,164,104,163,149,122,161
"1125966",317,303,301,247,287,298,251,236,228,223,201,264,171,217,189,220,243,244,229,237,208,227,247,230
"1758466",277,295,317,292,299,295,260,278,259,246,253,265,223,242,207,209,246,201,248,204,214,212,200,214
"1930",281,308,297,276,317,219,179,254,173,169,198,244,177,169,169,168,243,182,219,175,177,224,140,171
"1639133",168,316,168,163,147,166,138,138,118,128,111,158,84,94,105,104,123,89,123,112,114,152,108,112
"2729423",316,259,248,200,194,204,141,183,154,151,171,180,131,139,144,153,168,130,180,124,130,150,151,156
"3003263",157,195,146,316,160,126,40,114,56,33,47,112,33,51,136,36,80,38,127,48,49,269,58,86
"3035454",277,316,258,233,246,291,193,224,187,185,180,251,154,202,200,169,212,176,205,180,134,226,178,189
"412384",316,164,145,96,169,168,79,97,63,74,51,88,67,54,62,53,74,56,117,55,52,84,76,59
"47877",316,273,282,243,307,241,173,226,180,154,138,207,158,176,149,170,190,153,266,153,144,210,165,168
"1712516",315,240,211,227,232,215,136,214,117,111,120,169,105,107,102,126,158,99,161,87,103,163,107,170
"2153485",289,315,237,294,251,259,238,237,210,247,238,250,225,219,237,184,214,204,202,196,192,216,223,196
"2675216",315,272,260,267,276,233,254,257,236,261,243,226,219,228,201,179,224,207,225,214,214,214,215,199
"2929493",286,297,261,266,295,315,251,287,242,260,213,241,245,220,218,222,242,222,237,244,206,215,227,230
"299767",239,194,165,190,199,177,114,315,120,121,129,186,78,123,116,122,150,112,150,125,112,265,124,129
"300019",315,268,290,280,283,254,247,204,269,241,212,214,191,214,230,181,185,186,217,214,211,299,214,211
"563",315,310,259,262,303,297,220,273,172,199,188,224,196,216,195,171,241,188,233,165,162,219,196,192
"76761",315,251,248,186,290,208,162,239,130,159,142,170,162,153,167,169,159,151,211,150,153,229,177,170
"1643824",314,286,288,272,270,275,214,284,240,254,260,219,197,219,246,236,293,231,202,243,191,238,273,237
"1917421",314,283,270,215,275,265,193,274,155,175,165,270,171,176,193,173,197,164,247,171,170,208,227,189
"2867023",287,301,245,250,279,314,193,272,218,200,233,216,164,216,198,212,237,216,236,200,191,219,263,221
"1499308",270,313,211,311,279,267,190,192,204,207,178,234,201,209,185,199,217,212,221,215,170,218,207,178
"1573712",313,235,241,183,245,206,133,185,141,141,132,153,121,153,142,148,162,146,182,162,134,208,150,172
"2162713",313,290,249,225,244,258,120,229,140,142,128,191,99,141,163,123,162,113,202,142,139,222,117,215
"307580",313,312,291,289,270,312,213,277,178,217,216,218,180,215,204,204,252,199,228,197,183,263,227,269
"1844006",312,283,277,239,229,301,245,206,215,212,227,203,180,179,198,211,219,201,239,181,182,185,212,206
"3043332",312,159,265,191,244,144,107,137,93,88,92,148,81,91,109,67,129,70,195,79,62,184,84,135
"33074",312,299,257,243,245,295,223,270,177,199,212,249,201,205,203,225,276,205,217,203,176,218,200,230
"41202",312,304,254,275,303,295,236,283,219,219,201,267,204,202,191,242,237,223,208,200,201,259,188,231
"446679",202,312,200,251,188,269,186,156,159,208,158,179,135,140,113,174,221,291,178,233,112,180,275,216
"1602166",311,45,64,56,233,64,35,77,28,19,27,130,15,17,33,22,34,27,182,25,29,98,16,22
"264686",265,308,222,230,221,311,174,200,157,165,170,204,143,203,132,235,231,261,167,281,164,201,257,204
"2870860",311,297,247,263,275,247,178,234,164,193,180,244,185,162,182,162,204,181,228,202,199,261,188,178
"52972",311,284,235,262,190,224,107,274,90,71,91,201,71,86,102,100,154,95,173,97,102,210,103,135
"1163710",310,308,247,286,287,288,179,252,194,189,187,263,144,208,202,195,238,188,231,223,163,240,181,178
"1306274",239,301,204,252,211,310,204,190,168,238,189,177,155,153,164,205,258,234,168,275,151,179,268,225
"259",310,255,263,226,303,253,105,206,123,91,91,195,81,110,105,91,159,86,229,99,114,208,86,225
"2861281",310,256,276,217,293,246,188,194,255,206,207,234,179,219,206,204,198,158,220,181,203,187,167,169
"2884805",310,55,75,85,119,47,37,31,36,31,28,40,29,35,26,32,38,32,59,38,33,159,35,48
"323449",283,281,306,235,310,290,249,291,236,220,223,266,191,201,163,211,188,225,245,244,213,246,180,267
"2565926",309,265,292,242,213,221,149,204,183,186,162,202,168,171,169,168,213,193,157,193,125,201,168,165
"2716226",281,283,223,230,309,262,200,229,178,187,168,254,144,180,205,188,213,192,218,189,205,269,190,213
"1912216",306,280,308,266,277,254,224,261,229,216,220,246,256,248,250,242,233,215,185,195,199,226,215,199
"375288",299,308,253,231,238,264,136,223,144,126,145,214,111,149,140,113,172,135,194,135,114,202,140,211
"1473112",307,279,249,245,262,258,189,223,191,164,185,204,185,162,142,141,230,127,175,187,178,256,183,215
"161899",288,307,240,254,302,223,210,256,189,196,220,223,193,195,190,246,214,202,173,196,172,212,201,189
"1683",290,274,307,249,271,273,206,277,230,258,217,246,241,233,201,236,237,207,221,222,198,231,228,204
"2719588",307,303,304,293,292,298,238,248,251,281,245,237,234,221,215,227,254,229,189,236,218,224,240,203
"3004095",293,307,266,273,270,243,266,219,250,251,240,213,223,225,237,222,219,216,211,213,228,241,249,196
"3020900",307,236,291,240,249,242,207,216,208,213,241,212,189,214,224,171,172,180,249,195,202,261,222,163
"3046383",275,307,246,251,240,267,231,240,188,222,185,218,168,208,167,210,246,188,195,228,166,188,230,194
"3062598",307,256,242,201,231,255,152,229,171,203,157,233,161,194,169,155,181,162,256,191,192,235,175,202
"1265399",287,268,306,266,280,258,247,220,263,241,231,244,239,242,241,207,207,241,228,223,219,213,217,189
"145357",284,306,289,306,278,254,279,250,258,275,283,250,257,269,239,240,243,237,218,217,248,224,236,199
"1561005",299,296,258,259,265,306,200,233,226,200,190,235,130,191,154,193,238,214,202,185,144,186,222,206
"2738410",282,306,270,277,234,297,237,242,255,236,227,231,229,220,241,258,223,197,202,215,228,212,227,197
"2813780",306,214,199,210,205,185,152,177,130,177,141,204,134,154,132,163,184,132,161,169,107,187,161,127
"2777983",305,108,120,106,124,116,69,111,72,61,65,78,52,71,54,70,78,73,88,61,70,96,85,73
"2855434",305,250,250,206,256,200,126,169,121,131,132,207,132,158,152,126,175,125,163,130,129,203,141,155
"76853",72,51,305,50,276,48,43,48,177,35,32,41,27,172,176,22,37,13,233,29,133,138,41,55
"2172098",246,272,272,212,304,235,131,235,161,119,118,195,101,140,133,128,169,117,214,126,129,243,123,202
"2293862",249,304,250,279,263,248,196,250,214,184,165,207,149,188,164,215,218,180,221,204,177,196,186,211
"2936507",251,304,241,236,247,304,260,231,223,235,205,234,194,217,181,229,245,179,209,220,198,223,231,214
"2996785",235,304,261,228,221,279,207,194,174,229,201,179,159,190,203,224,250,195,205,226,187,254,241,216
"3025669",304,225,230,205,278,236,83,238,97,83,94,188,78,106,87,54,120,76,174,80,78,208,90,182
"2426",296,303,259,248,281,234,184,255,189,165,153,250,158,163,177,167,222,184,231,177,163,221,203,184
"421058",157,303,116,88,142,163,52,105,42,48,34,85,45,43,74,39,85,31,98,63,40,111,47,124
"931531",301,276,303,201,266,276,155,277,124,144,138,213,134,138,151,129,192,135,237,145,150,210,140,175
"985",292,303,251,210,283,232,107,269,114,105,97,207,81,128,124,98,183,85,233,100,131,250,110,209
"1282863",234,302,253,245,231,255,181,259,203,176,197,187,140,194,175,158,195,164,209,217,173,225,153,188
"2048897",278,302,231,239,248,287,153,236,165,159,171,287,138,160,158,167,188,156,221,156,133,213,150,208
"2900738",302,271,263,229,273,277,121,284,106,100,113,238,116,104,128,119,163,113,229,135,117,249,119,215
"905",302,250,220,206,187,249,200,235,191,161,170,231,153,181,158,217,203,179,205,160,146,162,191,179
"1898042",295,279,260,267,259,301,246,210,200,174,193,229,191,170,179,202,226,188,247,179,182,241,189,194
"1563479",106,99,141,84,188,82,34,99,48,28,34,77,17,28,35,27,41,22,79,29,24,86,31,300
"1611770",273,267,251,267,300,254,179,264,166,188,194,246,141,175,184,177,228,188,242,179,162,198,183,178
"1637975",300,108,219,132,214,89,80,120,87,130,91,99,278,71,75,47,83,42,139,41,66,159,49,94
"2599819",283,291,229,242,241,300,196,237,179,179,174,280,200,193,194,169,196,176,206,158,178,192,189,204
"2986835",141,227,169,300,117,89,51,89,35,43,48,98,31,52,86,44,55,30,108,36,44,183,51,95
"2986924",138,144,110,112,137,118,90,103,99,74,77,98,70,78,72,68,118,65,80,75,58,102,91,300
"55209",300,285,268,259,273,268,243,277,180,207,179,234,168,197,181,158,218,193,212,198,175,192,192,187
"1050174",278,275,270,299,242,286,227,251,246,197,176,236,180,226,197,210,220,215,221,169,202,184,216,166
"107637",220,299,203,202,213,201,157,197,144,165,164,222,144,145,145,160,161,162,171,168,168,171,170,178
"1664033",286,299,251,251,287,258,256,222,269,244,246,248,242,223,236,231,216,233,210,216,214,225,216,220
"2052056",257,299,240,207,214,289,171,246,163,175,168,213,152,155,176,128,182,132,166,170,148,234,176,191
"28025",255,299,279,275,269,272,227,234,231,236,232,246,205,200,226,218,240,228,204,224,214,238,243,202
"28028",262,299,258,254,295,237,231,208,243,225,208,209,206,208,222,210,187,222,189,206,196,222,212,189
"280473",267,287,299,195,253,287,99,245,97,113,102,193,85,118,121,107,159,71,228,124,120,232,111,210
"2842348",273,129,174,129,299,121,111,154,87,100,92,127,85,98,103,95,133,89,193,89,99,130,118,120
"2904246",286,299,281,236,252,254,99,280,125,78,76,204,67,119,116,78,156,92,269,96,123,260,112,190
"579",253,299,253,231,253,238,204,231,177,145,172,232,148,187,147,191,220,151,201,176,196,215,161,182
"2714358",298,267,234,250,217,259,202,207,185,218,187,263,180,175,188,202,230,193,188,177,182,237,240,210
"57320",248,298,227,238,218,237,199,224,183,202,183,210,143,164,164,173,210,203,177,193,188,196,207,181
"631220",272,298,267,244,241,255,185,217,148,201,150,209,169,189,162,184,242,184,218,175,183,178,222,206
"3049799",254,297,263,209,229,242,250,199,173,188,202,219,172,205,170,218,208,201,217,217,205,201,192,160
"67824",247,240,191,195,183,226,145,295,181,130,149,158,133,207,297,145,165,114,172,182,150,172,163,146
"107445",296,192,243,61,82,57,32,76,49,53,39,55,41,46,38,48,51,35,134,49,39,95,40,43
"213115",270,261,206,246,240,296,176,241,218,174,172,239,168,172,140,196,222,199,180,189,155,210,226,202
"2800686",194,237,245,171,296,215,161,195,148,148,152,219,117,149,132,105,126,83,221,86,139,183,91,171
"301",289,222,219,260,296,245,164,213,147,159,132,185,144,156,154,149,203,166,221,168,154,196,128,176
"592316",296,258,257,254,244,244,232,254,199,157,160,245,173,193,209,161,228,163,212,210,170,230,180,195
"421767",295,75,130,104,140,57,43,84,32,27,34,95,31,28,20,27,76,28,74,25,24,77,20,50
"2846396",36,52,42,60,24,53,4,294,0,1,4,84,1,1,1,0,205,4,60,2,4,54,0,30
"1448929",284,293,244,271,247,288,213,216,197,187,184,219,179,188,154,224,258,205,206,214,187,210,181,226
"2758440",293,246,202,215,246,243,236,210,173,200,206,194,158,180,173,190,225,195,172,192,196,183,184,213
"394935",293,244,218,191,232,185,154,206,149,149,149,207,155,166,130,171,142,185,168,139,159,186,181,130
"53407",277,273,242,256,293,245,177,235,203,179,175,229,148,166,146,148,170,180,209,191,173,179,216,192
"59932",293,267,279,272,260,246,213,255,219,201,233,192,187,189,206,192,239,178,196,202,161,199,217,174
"1462996",292,276,202,216,204,241,175,224,168,159,156,211,143,139,141,161,213,132,191,139,129,189,180,193
"1609967",292,288,245,202,233,259,222,223,209,205,186,228,182,186,217,155,196,195,222,214,175,197,210,172
"161896",292,269,247,252,232,241,190,209,222,196,173,204,179,194,215,226,202,196,192,182,183,162,194,162
"1979344",292,234,239,218,234,195,67,205,55,48,46,191,41,80,87,38,98,36,184,36,86,249,59,174
"2977320",292,191,186,186,230,198,126,180,110,95,98,156,108,126,106,106,150,94,145,104,126,168,98,129
"3003262",252,257,196,219,213,186,74,176,92,71,65,150,50,95,122,50,103,60,173,58,70,292,86,117
"33943",237,292,243,238,226,251,194,244,184,176,172,207,162,179,178,220,218,170,182,198,185,185,204,197
"658630",292,284,237,241,240,243,196,221,129,180,166,210,175,159,189,171,219,189,201,212,140,228,200,204
"1445505",291,242,231,180,239,271,157,260,169,142,148,210,117,154,158,153,170,145,189,145,136,227,136,154
"1881022",225,291,238,266,265,214,228,216,205,225,182,193,213,242,183,186,187,188,198,170,190,174,156,162
"1903276",291,203,223,271,222,160,175,159,184,170,190,178,135,166,154,88,175,130,202,121,150,163,115,120
"2894156",291,274,214,226,223,266,190,208,216,193,174,220,191,198,174,218,235,190,195,203,163,212,196,176
"67780",291,264,224,228,226,269,184,208,163,187,197,197,162,186,165,182,198,193,157,195,171,213,175,199
"915099",273,288,268,285,291,277,212,229,147,186,177,236,158,176,163,165,202,174,194,146,170,239,191,182
"1723645",48,68,65,61,69,80,44,69,59,50,50,64,58,47,44,44,58,39,59,60,40,48,49,290
"179",265,290,227,224,235,230,165,215,176,198,186,202,160,188,163,190,222,192,218,207,184,196,197,208
"1851514",283,223,231,249,290,252,167,216,169,170,174,212,137,182,179,146,181,158,228,156,160,254,164,152
"2041036",272,281,256,250,290,264,243,238,244,238,221,234,215,214,233,287,235,246,227,210,190,234,218,235
"2559073",261,290,263,263,202,246,224,198,222,205,223,215,198,219,183,199,203,191,199,217,192,211,205,195
"28132",283,283,242,247,247,290,189,286,138,133,139,234,143,122,156,156,243,190,202,189,120,212,183,251
"99598",231,290,184,223,255,284,192,222,161,155,162,210,152,158,177,186,236,256,189,252,116,186,240,204
"126734",238,289,241,272,237,268,192,220,236,221,208,215,195,222,227,194,217,187,169,216,160,200,189,161
"271065",289,262,238,218,247,243,136,236,170,173,176,251,130,189,154,157,196,150,189,182,149,206,176,200
"2978683",288,289,241,272,229,221,179,266,193,189,190,258,197,186,179,221,220,216,202,158,173,232,179,197
"1236179",288,188,182,173,219,200,147,201,134,114,123,161,102,144,121,117,174,141,154,112,151,176,131,152
"1528099",288,249,235,212,232,242,203,213,214,182,204,233,153,182,184,171,232,181,175,165,182,174,192,164
"1879049",288,279,223,233,224,251,198,255,152,196,170,234,144,167,143,149,217,212,183,162,153,227,194,180
"1921087",277,257,240,230,250,288,208,256,198,187,182,234,192,155,185,199,219,201,216,210,187,208,226,171
"2249",288,282,252,270,265,243,231,253,226,251,225,218,205,213,225,226,229,241,198,205,205,173,266,199
"2576904",200,287,224,194,201,288,182,191,154,166,155,170,114,161,141,204,255,215,148,263,115,169,266,247
"2837969",249,234,262,178,239,171,155,159,153,147,135,184,124,130,124,138,148,126,186,157,108,288,174,142
"2870346",276,224,288,229,235,235,154,200,175,169,186,228,147,163,169,196,205,172,168,147,146,183,163,168
"2994555",263,288,268,184,251,218,72,244,91,67,72,195,48,92,84,63,135,63,196,84,78,226,99,170
"1049583",259,287,260,252,259,209,221,180,218,255,189,240,222,221,236,189,222,231,227,195,206,194,217,190
"1073996",259,287,241,249,226,263,209,197,187,191,193,195,167,198,182,202,201,213,174,206,175,172,180,140
"210",287,265,212,249,245,282,150,231,158,174,151,199,134,150,141,119,198,154,187,142,154,171,169,185
"224012",199,287,166,158,223,280,177,161,178,165,147,209,119,151,151,195,196,267,158,254,122,187,245,195
"2809020",246,287,250,231,239,254,181,207,172,180,209,266,156,180,177,179,233,174,173,194,178,214,199,193
"2883512",287,278,234,256,273,280,195,256,194,213,191,196,179,168,206,233,250,202,194,243,191,255,229,200
"2919913",267,236,208,211,287,206,126,236,178,163,166,224,143,127,170,151,169,157,182,143,132,190,135,171
"574987",272,287,248,233,246,225,200,235,222,184,178,228,192,188,179,176,204,181,231,177,192,195,193,187
"817",242,287,224,160,252,216,121,211,121,111,89,176,103,125,126,118,173,134,186,139,104,165,135,173
"1175445",286,228,234,253,235,241,224,216,188,205,194,208,174,163,175,192,175,189,147,170,195,201,219,183
"1259973",244,286,215,240,223,269,194,213,175,176,168,212,120,178,185,172,227,163,227,182,163,233,171,183
"1954171",230,237,166,175,135,265,165,162,138,140,157,163,102,135,124,197,241,268,153,286,127,163,222,216
"626937",280,247,209,205,199,286,186,227,179,154,191,222,139,191,174,172,227,157,215,196,181,185,168,166
"676",286,261,241,189,244,240,169,272,182,140,170,191,146,172,161,191,213,166,218,182,162,189,180,169
"1279",285,236,225,222,260,250,126,211,147,115,124,192,87,140,142,107,172,107,191,103,131,220,132,195
"1727164",279,235,227,162,242,285,79,190,77,83,55,183,51,76,77,64,152,60,171,95,69,200,86,182
"2175673",285,228,236,241,254,245,245,211,231,200,187,223,206,209,217,207,206,221,198,210,196,196,175,172
"2829187",113,61,202,66,285,73,30,59,102,46,36,65,28,110,101,26,49,28,147,36,101,130,28,49
"535744",285,257,228,237,211,234,217,208,169,175,181,196,198,182,185,187,190,182,219,195,172,200,199,178
"1920191",258,211,185,161,284,195,125,244,102,117,130,139,86,100,110,118,152,119,183,136,93,170,108,152
"2872648",284,281,193,196,247,268,171,185,147,144,123,203,150,170,169,191,161,149,181,142,138,182,169,159
"2971912",284,248,282,254,266,263,203,252,169,155,149,243,141,143,176,163,190,153,220,194,154,241,179,187
"425",259,284,219,233,208,261,195,245,164,158,145,188,166,180,153,211,201,194,161,146,163,205,167,195
"172042",255,282,283,260,230,231,209,260,191,214,194,206,219,201,181,202,209,187,209,164,189,219,178,184
"2563602",283,270,254,245,264,262,237,254,219,229,213,235,210,216,204,194,181,203,243,193,213,222,167,200
"3028807",283,219,197,176,220,198,126,248,125,139,144,181,112,138,135,141,184,141,221,137,158,216,137,161
"3031999",12,23,14,12,17,32,5,5,14,4,21,9,5,12,13,9,10,11,7,16,12,8,11,283
"33907",253,255,257,283,231,255,255,228,227,257,218,227,207,181,215,204,242,215,184,208,190,198,184,169
"43769",280,283,255,234,231,239,215,252,232,202,227,260,185,192,195,225,212,189,198,167,188,208,224,187
"626119",269,263,276,282,283,226,237,219,235,228,224,211,239,220,217,206,177,215,183,199,178,192,181,190
"2559597",282,230,240,230,247,233,192,226,177,159,194,232,140,193,187,155,181,151,191,171,166,194,154,151
"2679963",273,227,251,153,282,250,72,214,68,53,67,179,43,76,71,48,128,68,186,87,60,186,89,224
"2709394",276,282,234,237,259,278,216,229,228,165,211,203,168,224,218,232,228,210,202,212,182,186,202,194
"3070678",282,134,188,153,163,136,65,130,80,92,89,134,70,89,90,75,101,73,131,54,68,129,78,93
"2083206",253,281,241,227,249,214,185,241,181,172,154,253,171,196,172,175,188,175,180,159,148,196,181,172
"2126281",281,246,272,239,197,259,197,199,208,195,192,211,177,205,180,169,211,180,219,210,181,194,161,180
"3065396",242,222,194,204,173,226,183,208,163,187,170,194,173,152,163,199,205,223,158,279,131,186,281,248
"485870",281,234,222,209,159,171,119,169,101,125,106,148,100,103,124,109,133,136,167,104,100,111,125,138
"271865",229,180,187,180,215,155,134,173,103,122,120,156,104,112,98,93,157,124,133,107,130,165,140,280
"160799",279,273,252,222,239,222,188,205,216,188,208,204,151,192,158,157,187,134,165,173,161,183,184,191
"1681",279,277,255,237,242,266,238,243,211,207,229,213,203,207,191,200,215,176,208,204,182,179,183,169
"269261",279,269,253,223,220,248,177,253,178,192,190,210,173,190,192,184,218,201,192,192,151,208,227,168
"78258",247,279,240,259,222,207,228,211,222,194,198,211,172,175,180,195,189,186,178,172,192,201,177,153
"1579316",239,278,186,278,229,230,193,201,168,172,165,212,153,174,165,143,185,160,213,163,158,184,181,181
"219181",278,233,203,195,173,177,89,183,80,77,85,156,69,74,87,104,143,93,145,82,78,160,91,118
"2810512",224,278,264,175,217,168,62,226,91,71,75,191,69,90,97,67,117,63,217,76,90,248,77,197
"2852117",259,237,206,199,278,213,189,191,146,128,128,204,143,166,133,132,191,147,162,123,137,211,175,174
"1033",266,260,208,265,259,277,175,244,181,182,170,231,160,173,182,167,192,155,204,182,190,223,202,206
"198119",277,180,145,135,136,179,84,143,91,91,102,128,93,114,100,103,159,112,110,123,97,129,123,133
"2782176",277,268,240,227,235,268,173,207,169,158,169,216,112,212,140,168,205,167,225,163,150,228,170,178
"390884",252,226,244,165,277,205,85,184,117,100,96,224,65,116,84,64,141,78,192,92,110,180,104,202
"1124835",118,276,117,58,150,148,40,77,47,48,48,103,27,45,64,43,81,42,107,49,47,119,47,120
"1420916",266,276,258,222,270,248,185,261,182,224,197,208,141,187,192,187,195,184,191,187,158,267,186,227
"2812647",276,250,184,191,207,236,163,217,166,161,170,233,118,153,136,184,193,141,216,166,171,200,166,180
"2952525",276,271,216,230,202,209,156,232,161,157,162,204,117,157,178,164,215,150,197,168,180,229,192,188
"2980556",276,275,251,237,229,242,246,256,235,219,221,217,233,206,250,221,217,189,201,204,210,222,217,180
"2986922",257,215,196,180,236,276,88,191,118,97,112,171,75,94,121,101,123,97,169,75,101,142,88,207
"536441",207,276,194,185,232,214,109,172,114,101,85,175,59,129,111,97,141,86,172,94,100,162,102,147
"561",276,221,203,216,220,253,155,204,172,164,169,181,116,170,146,170,179,175,230,149,138,247,160,200
"818",276,258,235,201,258,230,128,225,135,101,108,217,105,128,105,99,154,96,192,98,120,189,103,181
"1336806",274,257,247,263,275,275,167,244,181,174,170,254,143,178,170,201,214,204,221,205,165,233,179,231
"1815583",275,260,207,233,256,245,177,245,166,174,145,245,169,167,151,144,178,133,180,125,172,207,171,155
"2684113",275,246,262,212,246,236,192,216,176,154,150,226,132,127,149,159,186,168,181,155,133,216,192,205
"2798577",263,255,211,247,227,275,203,174,175,165,180,220,134,211,173,203,186,175,162,208,159,191,213,194
"355243",235,247,229,214,213,275,200,216,153,154,147,204,130,147,158,201,211,177,177,201,153,184,183,169
"651666",260,275,253,228,257,232,163,236,172,143,173,220,123,151,174,159,193,155,184,201,163,185,158,164
"1510570",274,244,213,192,217,225,161,204,164,169,151,208,142,149,162,182,168,175,201,161,138,192,171,150
"2666183",274,193,204,182,174,191,113,172,143,141,116,147,128,139,129,90,128,137,144,110,129,178,124,132
"304207",274,240,249,207,204,226,168,220,123,170,150,184,125,155,153,152,181,148,176,147,137,182,145,151
"1619311",273,224,221,227,202,232,149,207,171,162,131,224,129,169,148,174,187,154,178,155,147,150,146,190
"1935",257,273,241,267,236,239,250,245,213,243,222,216,259,201,203,243,218,192,180,208,229,172,208,199
"2487892",257,271,273,238,223,269,211,219,171,206,211,257,197,173,201,203,230,185,195,198,196,188,195,173
"2739061",250,273,203,230,255,250,188,240,160,161,169,239,163,171,159,135,195,155,228,164,154,222,182,211
"2814292",263,273,227,258,251,262,152,234,178,166,194,228,156,190,154,225,234,154,199,192,159,221,189,190
"2962597",255,241,265,223,273,198,154,257,152,167,168,192,119,135,155,142,187,139,186,148,164,210,152,143
"3003258",160,143,214,273,248,111,53,111,82,48,49,105,58,89,110,30,83,36,158,51,98,215,28,108
"417367",203,197,116,208,135,142,82,113,58,109,84,153,61,67,54,78,273,92,111,93,68,115,97,154
"1178515",272,261,227,237,254,237,185,223,172,140,160,255,176,173,181,156,201,189,184,196,161,194,185,202
"1398",272,241,200,193,225,230,159,223,152,146,154,163,170,139,148,128,209,148,176,136,156,214,153,186
"1805933",272,237,217,207,178,246,158,222,155,160,177,169,149,135,187,161,181,117,137,131,134,174,151,159
"2855441",242,268,247,217,215,272,178,236,173,177,189,189,152,175,149,168,198,193,187,184,158,192,150,183
"3025190",207,272,180,188,172,264,165,153,146,168,137,135,124,128,113,181,222,210,125,216,143,137,237,151
"3045816",258,229,221,246,255,272,184,200,214,186,183,251,166,196,180,171,210,207,189,216,159,221,241,191
"1548602",271,237,231,233,196,231,185,202,197,185,194,216,187,211,187,183,209,202,199,184,182,175,191,192
"2081702",215,271,214,174,203,219,198,197,209,214,179,178,155,163,197,175,185,192,187,215,163,164,136,137
"2305221",247,271,223,202,224,198,197,228,190,220,212,197,183,195,169,170,174,176,191,176,184,183,213,153
"2675232",271,94,121,129,138,93,36,84,34,31,29,71,19,22,34,23,86,15,98,26,28,96,31,53
"2855502",266,271,255,222,256,235,224,217,207,225,206,221,181,200,199,176,191,209,168,200,197,179,224,134
"2931921",271,238,216,239,266,239,221,221,219,174,197,221,167,199,188,184,218,193,182,171,182,222,209,213
"575",262,250,271,231,234,265,169,223,150,143,188,214,159,162,162,169,192,172,189,164,157,189,169,163
"712157",240,271,211,211,223,241,213,214,226,214,210,246,181,197,201,201,202,185,168,198,181,179,216,187
"1380432",238,270,231,235,215,258,238,243,187,197,232,228,195,200,182,198,228,223,195,182,203,231,215,214
"158823",264,270,204,230,205,229,179,196,146,170,166,187,119,182,147,190,190,149,186,154,130,184,187,144
"2774873",264,258,255,241,270,237,176,226,204,159,144,223,167,166,172,177,200,181,197,166,155,198,178,214
"43765",270,251,201,237,241,227,206,198,185,171,187,188,164,181,185,198,173,162,191,191,181,182,146,187
"712116",238,270,259,201,263,237,216,238,232,185,193,205,201,226,216,204,244,206,207,196,188,177,209,223
"131110",265,259,199,269,251,243,214,240,235,192,232,231,162,199,219,193,215,188,197,174,177,219,181,206
"180957",262,269,245,233,249,243,156,213,166,172,164,214,152,140,158,153,192,146,190,195,139,219,157,148
"371036",269,177,160,147,149,142,65,126,87,55,71,106,35,54,57,54,81,67,107,77,59,138,46,145
"566",258,253,269,219,252,247,211,192,163,165,175,255,147,154,199,142,217,167,221,190,155,154,181,192
"102134",268,250,247,231,192,260,144,216,187,159,160,233,157,164,159,184,211,158,202,167,154,155,193,163
"1778678",268,216,186,188,166,256,123,171,130,103,117,181,106,108,101,108,210,126,146,115,105,161,141,153
"1908198",268,250,201,215,234,230,179,238,160,165,137,188,145,147,131,142,181,148,203,153,144,214,162,166
"2822410",235,268,255,196,236,247,169,250,147,161,172,215,150,192,175,158,237,145,173,149,165,191,195,166
"2992143",234,223,219,232,260,268,183,206,173,168,157,197,134,149,178,186,163,171,179,145,149,181,181,171
"338191",268,219,242,254,178,157,215,186,197,203,196,182,139,196,183,108,152,101,182,98,119,183,175,113
"1114970",267,199,150,155,209,146,83,152,93,66,105,146,74,96,87,82,125,95,176,100,91,148,117,97
"1737446",267,186,150,174,188,169,101,206,108,113,147,148,96,116,140,105,134,120,147,93,122,149,148,120
"487",267,261,237,239,252,259,174,236,166,179,167,219,147,187,155,169,209,175,225,153,153,197,167,184
"95641",266,267,221,201,217,256,162,241,162,161,165,225,127,163,153,152,190,157,213,173,162,214,186,200
"1646",266,223,226,246,259,227,199,230,214,222,213,209,179,195,204,169,230,190,195,190,165,225,161,210
"2494702",246,266,201,215,201,206,160,175,160,154,141,195,136,158,154,139,162,162,161,146,125,164,165,175
"2703885",257,231,240,193,194,266,193,210,163,159,173,174,143,174,164,158,226,166,187,212,145,204,180,176
"2762318",259,258,235,195,257,266,118,237,77,88,67,195,66,102,86,76,111,85,189,107,92,186,96,198
"3039400",204,266,204,195,193,203,193,177,183,170,179,197,147,160,175,157,171,157,150,186,160,181,161,164
"33958",263,260,228,240,200,262,180,246,155,158,178,266,136,189,173,162,243,159,194,189,154,232,202,196
"84642",240,266,213,216,182,201,184,214,150,154,155,195,125,156,147,182,173,162,198,155,148,210,165,167
"38301",265,248,233,220,221,244,199,201,214,214,176,195,179,192,198,207,188,178,227,190,196,196,149,153
"75612",265,168,201,155,178,168,113,133,109,101,113,166,97,99,97,119,146,102,116,129,123,155,110,135
"158877",259,264,211,227,207,237,177,223,153,176,147,199,164,166,164,156,207,158,211,170,175,194,202,169
"1866325",264,245,232,187,260,241,127,249,114,148,124,207,123,119,124,128,117,135,230,113,123,188,135,226
"2296",264,263,205,201,226,200,166,189,155,181,169,205,130,145,145,141,214,190,179,173,163,182,186,145
"2949630",243,227,264,254,235,224,213,178,182,174,191,184,175,178,169,159,135,137,189,163,185,148,145,186
"1310418",158,166,194,263,221,114,40,136,89,51,31,121,77,83,127,27,62,28,144,35,102,192,63,92
"1349409",197,263,176,223,234,195,158,200,176,180,195,211,171,191,171,183,194,172,181,199,179,161,170,167
"161895",263,238,239,223,247,197,169,230,216,181,157,191,185,196,187,164,177,185,169,173,184,186,166,167
"1743",229,263,230,251,205,247,242,230,211,208,230,224,187,238,237,196,228,188,201,220,193,174,165,186
"1778540",263,235,241,233,207,195,176,200,200,174,169,224,155,141,191,175,182,154,203,199,150,188,155,167
"1280380",241,259,239,262,188,261,198,211,224,195,183,182,190,162,182,190,173,185,196,175,160,219,199,161
"1415568",262,235,223,239,211,226,158,193,193,155,132,189,139,149,146,142,170,168,171,153,127,190,139,153
"1869241",191,262,176,173,198,258,141,198,143,154,145,177,114,152,133,179,196,214,175,254,137,154,189,172
"254246",218,228,194,185,262,199,148,195,106,163,132,232,108,162,132,108,178,114,196,127,141,246,129,141
"2740515",256,262,226,209,222,229,205,196,190,162,164,227,142,181,186,173,238,186,211,184,194,211,211,182
"2811425",262,219,186,194,210,183,92,224,92,81,89,172,83,78,73,101,145,84,148,94,77,151,84,237
"2954078",262,118,228,121,172,143,76,131,72,91,56,104,61,78,58,71,101,70,106,65,73,168,97,96
"3031919",201,246,214,183,202,262,175,219,142,153,171,209,145,185,141,172,217,146,199,161,154,194,174,173
"33987",262,228,220,232,239,213,167,214,175,197,153,184,137,152,142,139,196,141,209,172,163,180,142,174
"1942",257,261,250,221,222,242,207,178,206,170,199,167,189,194,192,192,200,154,177,192,166,171,162,169
"2745511",261,188,172,168,204,202,127,158,97,119,132,156,95,84,112,111,139,144,133,125,102,176,100,155
"28026",254,261,209,256,214,209,177,179,194,193,168,205,154,177,169,178,192,163,149,170,161,187,200,158
"2872311",250,261,238,209,227,225,203,184,197,201,196,205,192,195,156,198,220,236,190,165,160,158,187,185
"2881377",261,246,215,227,198,228,201,218,158,189,186,191,142,159,151,175,203,216,173,215,178,203,186,189
"2904247",244,250,260,170,261,203,67,246,99,65,72,175,52,82,80,86,141,77,219,52,96,226,78,191
"379893",240,261,226,232,233,228,190,204,161,162,152,202,153,167,181,160,200,154,216,151,160,169,164,173
"2094151",260,246,237,196,249,245,205,237,198,184,155,227,129,168,157,190,249,206,207,197,160,208,195,230
"254250",260,209,178,189,213,175,143,201,172,157,143,180,140,146,150,146,124,113,173,130,171,153,130,136
"2698900",242,260,229,241,206,248,223,198,203,217,186,179,174,219,203,192,205,179,201,181,187,150,193,182
"58169",260,257,246,194,231,231,138,244,147,156,148,199,141,153,144,149,176,129,179,158,119,201,172,149
"61646",226,260,212,181,237,257,182,230,165,169,161,187,155,140,146,166,192,141,174,160,192,187,172,173
"665099",133,70,260,41,207,52,38,38,94,47,27,58,41,44,53,18,36,19,98,36,41,124,22,45
"759811",65,54,57,38,49,23,39,33,14,28,32,260,37,21,19,21,43,9,28,21,21,48,23,32
"100716",231,259,170,169,198,195,146,166,160,143,142,215,113,138,108,136,173,146,161,150,145,168,175,147
"1444770",244,219,239,232,259,243,149,205,161,147,165,195,164,157,144,152,184,127,201,158,122,230,174,182
"2220073",259,159,156,195,180,136,63,241,72,67,46,187,54,63,68,56,73,55,188,49,47,178,48,109
"51288",246,238,256,214,230,193,166,259,172,176,196,177,151,163,157,153,167,158,176,156,164,165,141,194
"1280",258,216,181,174,194,194,166,214,131,115,120,181,99,147,115,95,126,96,130,98,110,140,111,140
"1615494",224,241,246,196,258,212,163,197,145,156,160,183,143,172,147,149,201,138,174,138,158,198,167,139
"1921421",254,249,221,236,258,254,174,223,187,198,182,204,192,167,162,198,225,190,204,175,156,204,197,186
"254247",249,222,234,206,246,192,131,207,141,143,125,227,120,153,128,135,199,161,246,150,153,258,149,172
"168384",222,257,243,225,218,209,186,216,167,189,156,222,140,160,156,143,177,174,220,161,181,161,175,196
"186826",257,238,255,170,210,229,128,208,132,136,152,191,133,125,158,155,175,150,179,118,142,200,124,202
"2975157",228,257,207,183,202,229,108,238,99,95,88,153,78,135,98,108,142,98,189,121,93,192,94,177
"446",257,246,197,232,208,222,134,201,107,115,113,220,93,111,127,105,158,79,221,120,114,171,110,205
"986",257,214,240,207,228,209,48,176,66,51,52,145,56,85,76,45,161,63,174,58,80,194,69,125
"29573",256,230,226,208,229,207,190,217,188,180,155,203,184,170,210,194,192,190,177,182,154,214,193,182
"554344",256,233,224,211,186,192,148,187,173,153,158,218,131,134,136,142,221,151,210,143,145,176,172,150
"887061",256,174,209,155,198,157,112,187,145,89,118,154,110,122,138,117,131,102,209,109,117,208,133,113
"1092",255,251,221,232,199,252,163,186,183,144,160,216,140,168,149,171,201,164,191,174,142,183,171,195
"2567937",255,163,143,143,155,191,55,197,61,47,52,104,44,54,64,36,86,40,103,67,56,120,87,98
"3059030",255,246,218,223,204,216,200,219,158,186,179,213,184,184,165,154,220,163,181,156,171,202,183,157
"61434",255,205,203,245,178,218,188,185,202,207,181,227,158,162,165,176,208,155,177,167,157,157,206,156
"1333845",244,254,233,193,201,161,153,171,175,124,122,160,138,139,126,137,173,139,151,174,149,157,150,147
"1510841",252,254,243,228,222,237,164,181,151,172,155,225,150,154,174,158,204,136,208,169,130,206,168,170
"1613",254,238,211,227,201,228,178,191,134,175,174,208,146,174,144,164,200,160,169,150,157,196,180,150
"1705",214,183,198,191,254,196,162,169,174,139,116,187,167,165,152,133,144,132,174,121,185,180,134,141
"1855380",254,179,196,150,229,176,78,148,96,117,96,139,76,104,102,110,133,123,143,90,107,152,101,116
"2377",226,241,206,225,188,254,163,167,159,157,152,226,145,145,158,157,193,153,164,162,151,164,169,184
"2714353",240,254,206,249,215,230,175,209,168,151,188,196,163,170,143,170,197,150,170,191,175,199,173,180
"2895352",254,232,207,214,227,217,154,192,150,169,141,172,133,151,133,170,185,147,193,153,128,171,148,151
"2961531",246,254,219,198,182,192,148,187,159,135,129,169,128,129,126,133,161,155,178,134,115,157,133,157
"300181",254,208,174,162,147,163,118,154,151,133,125,159,112,121,111,136,175,156,124,126,126,134,150,141
"35757",233,218,209,254,206,203,172,185,179,194,179,190,169,165,147,152,168,152,140,140,185,204,164,138
"55213",241,254,205,209,231,235,162,222,168,140,154,233,148,145,151,144,230,162,186,170,184,215,184,180
"67376",243,254,209,228,220,224,208,205,202,224,202,191,190,188,172,201,208,163,200,167,186,189,175,165
"69541",254,228,201,189,211,235,172,193,161,139,176,206,134,177,150,168,212,170,191,192,158,204,181,190
"1909699",253,250,205,220,198,227,148,213,131,159,170,189,127,161,128,165,187,160,161,180,131,192,201,172
"2005462",237,245,180,182,162,253,167,182,137,192,163,194,151,154,127,182,183,199,140,217,125,141,182,169
"3041497",244,253,251,252,248,192,250,212,210,207,227,210,230,205,209,221,180,186,180,184,173,209,202,135
"3046382",231,253,218,220,204,210,163,187,160,151,148,233,173,159,165,180,186,196,146,162,138,182,175,184
"76335",213,202,175,155,210,253,172,166,143,164,114,156,120,138,148,151,188,172,144,198,122,174,250,173
"2026255",244,221,252,209,208,206,218,202,233,184,195,192,192,185,212,234,226,189,184,158,206,237,193,180
"2675231",252,119,152,109,152,88,63,102,55,60,60,93,39,52,47,59,53,46,127,48,62,117,57,76
"2870750",252,229,226,185,233,177,148,156,117,132,149,201,127,154,105,138,180,130,173,153,147,173,156,186
"2896860",207,131,183,127,252,173,74,165,70,66,87,120,71,88,82,62,95,67,172,97,67,129,66,177
"101564",251,232,201,189,210,184,123,202,147,121,141,207,123,141,120,130,148,106,189,118,137,172,120,130
"1168034",251,220,244,171,210,190,87,215,79,88,82,195,78,90,102,71,157,92,193,105,93,224,131,175
"1249553",240,246,213,212,224,251,134,207,164,161,156,199,137,161,177,170,185,154,198,171,173,205,157,156
"2103230",251,228,213,179,221,176,160,182,176,165,158,148,150,168,152,146,199,151,149,177,148,160,144,150
"2558361",223,251,174,183,203,231,164,197,184,162,142,186,164,164,141,142,167,143,158,161,130,186,159,193
"2569540",234,208,202,199,166,251,140,178,128,139,123,180,115,138,142,142,192,172,152,151,119,144,164,153
"505",251,231,204,175,194,191,152,196,177,151,154,189,142,168,173,126,165,141,177,133,168,204,160,152
"1324352",144,250,94,90,129,160,47,114,56,44,33,94,32,51,51,39,68,41,117,58,41,90,45,134
"1616788",213,250,152,132,166,174,140,157,113,118,109,130,89,113,107,118,162,97,116,108,138,143,128,128
"1686",250,225,188,215,229,247,196,229,202,212,183,180,166,188,177,175,184,180,185,211,159,194,175,165
"2175639",243,250,234,209,215,229,171,196,199,212,215,210,209,194,173,203,176,189,204,156,155,170,192,177
"2597515",250,241,198,215,231,202,160,215,139,142,127,206,167,123,123,178,198,145,156,148,133,166,171,166
"2744519",250,236,218,193,212,197,143,201,130,148,135,185,125,132,154,156,156,142,179,137,121,186,140,177
"2745518",250,246,226,181,241,207,179,193,142,164,169,191,136,160,140,154,186,154,182,150,146,181,134,157
"2762896",42,29,60,18,248,18,13,41,15,15,15,27,8,15,19,13,11,23,77,12,19,250,17,18
"838",240,250,249,170,234,224,121,209,135,113,126,202,115,132,130,121,167,117,181,138,125,186,183,196
"1807691",219,249,182,147,185,189,80,219,106,107,79,154,71,87,78,77,138,71,186,83,74,172,91,187
"2047966",249,222,194,186,248,216,141,187,138,140,138,212,132,152,148,159,185,139,170,137,121,155,173,175
"2996051",222,237,230,191,211,249,188,222,200,211,197,148,199,171,178,221,175,192,195,174,183,160,169,171
"312279",218,249,180,178,217,170,64,207,66,48,50,177,44,61,89,53,152,67,182,74,77,198,96,153
"2748320",210,248,235,172,150,180,66,154,72,68,63,107,47,64,87,56,100,50,180,57,62,156,57,141
"397865",232,235,186,215,248,196,146,208,176,149,159,217,143,134,129,144,144,138,156,135,149,187,155,195
"3062685",238,215,247,233,246,186,184,244,201,206,179,187,178,204,183,175,214,184,179,189,180,162,159,176
"542",229,247,226,208,238,192,165,204,140,188,167,194,132,119,131,125,158,117,214,152,126,168,139,155
"1016",232,246,193,149,195,219,89,197,94,94,78,134,74,92,100,78,144,96,178,76,100,187,75,155
"2093824",174,151,228,175,246,156,97,193,102,86,87,180,88,89,78,72,111,70,225,67,67,172,67,125
"2758572",246,246,242,207,218,220,185,225,202,207,183,230,193,193,208,159,196,197,221,162,205,165,192,180
"656",232,246,206,172,184,227,160,182,137,138,153,200,135,130,131,136,135,142,146,138,144,157,139,173
"1134405",204,232,166,157,154,245,127,175,117,135,107,158,110,115,103,134,173,119,141,146,111,171,183,186
"1553431",245,212,182,186,168,211,116,166,150,89,136,156,110,103,115,131,149,110,104,143,112,129,133,126
"2056231",245,195,196,185,200,175,138,164,150,123,153,160,133,121,141,104,138,112,125,126,107,186,153,135
"2591634",192,238,225,179,245,230,79,189,91,72,102,198,70,122,93,85,138,77,204,92,101,188,104,178
"1179675",224,244,205,171,192,207,168,217,148,195,162,204,163,153,201,154,168,164,168,156,177,198,170,148
"173559",244,236,222,207,211,214,203,200,170,174,169,219,179,186,167,174,191,182,165,188,202,201,186,151
"2018065",176,237,182,186,146,244,196,165,165,188,181,145,190,168,166,198,151,188,167,219,184,129,173,155
"2954090",185,46,58,31,244,45,37,43,26,20,23,86,36,25,35,34,29,30,161,29,29,72,39,40
"3036945",232,218,244,230,224,238,205,204,181,183,159,211,156,130,152,188,215,162,176,184,149,162,190,182
"392733",213,244,182,180,226,227,137,183,142,131,142,190,124,148,130,120,186,164,128,181,143,194,177,192
"475088",207,244,221,189,213,236,170,196,169,180,158,186,149,176,155,168,161,160,184,165,141,172,173,151
"81028",236,244,193,184,240,187,175,192,130,146,133,176,150,155,126,176,165,156,192,163,158,197,147,157
"859143",81,59,244,54,143,50,34,42,162,31,32,42,21,104,96,28,46,30,85,16,67,88,31,42
"2547598",243,192,176,169,183,141,136,187,111,138,128,173,107,132,118,127,120,99,141,106,122,155,124,132
"2683591",231,215,243,220,186,203,174,183,182,188,191,168,187,148,178,190,177,150,170,154,182,151,151,166
"2871826",227,243,175,165,176,213,174,182,144,145,127,151,122,116,146,146,164,115,158,152,137,157,135,179
"3039851",243,211,177,196,205,222,155,185,117,144,138,151,114,143,100,143,145,126,151,157,120,143,124,161
"2590776",242,219,242,189,212,167,149,175,153,168,177,207,119,157,157,141,179,133,175,124,137,197,147,150
"1526571",222,241,214,211,193,206,147,220,146,119,127,181,119,149,114,154,181,123,180,146,116,175,163,150
"257438",229,209,152,219,206,241,171,162,162,179,145,210,123,146,160,158,165,143,187,148,123,198,177,161
"2596890",212,196,177,160,158,241,113,157,102,105,117,177,99,112,108,133,159,124,156,128,93,153,137,134
"1089444",218,240,208,168,206,197,143,195,144,138,147,183,136,120,145,162,151,113,159,150,126,165,156,166
"118323",236,240,196,167,182,193,153,215,138,181,162,190,127,153,145,147,217,187,168,212,140,173,215,173
"1898684",240,196,218,172,179,178,98,171,168,123,117,157,92,140,145,105,154,98,146,125,89,172,116,151
"2609809",163,140,240,170,203,101,121,202,112,84,102,160,93,98,80,77,104,75,142,94,94,141,87,115
"2662033",240,156,166,161,174,167,138,148,110,118,117,133,108,99,113,144,119,114,161,124,99,142,119,114
"2848886",4,11,11,4,13,9,4,240,6,6,3,4,7,3,2,2,4,5,10,4,2,6,0,6
"2938232",207,240,189,196,171,184,137,159,154,151,172,151,151,122,141,144,161,131,146,137,116,146,145,147
"335405",165,201,194,173,240,178,179,181,150,162,190,152,150,116,107,154,110,106,155,133,135,128,113,143
"586",240,197,167,190,180,216,96,195,126,120,136,165,90,128,110,113,161,97,155,130,100,167,132,157
"2005456",214,228,196,230,159,218,162,189,155,198,153,239,190,160,136,158,157,195,190,210,151,204,226,178
"2036",220,227,232,173,192,239,201,185,183,210,191,168,142,180,180,132,182,142,142,190,176,148,175,144
"266009",239,221,175,185,237,164,135,230,123,111,154,192,152,140,129,140,162,135,207,135,142,191,136,111
"28072",155,239,140,147,158,207,129,108,132,129,133,172,85,128,134,154,224,215,104,175,118,138,228,142
"2834406",239,189,184,158,172,155,130,163,131,133,127,131,112,135,118,148,136,125,152,141,144,150,147,157
"3003351",239,220,176,199,197,160,106,138,97,86,108,124,101,111,119,106,139,105,129,99,106,158,106,111
"519",196,239,176,205,175,161,133,182,166,137,137,148,137,137,154,124,132,120,130,119,118,145,116,181
"525917",239,198,143,144,194,177,144,134,129,140,121,140,105,88,96,142,156,113,149,123,127,147,106,107
"1591409",238,198,178,211,195,194,151,194,165,138,161,184,144,151,145,118,165,154,158,164,120,188,160,153
"85336",233,238,213,208,190,185,186,166,171,184,174,157,144,165,150,160,150,151,156,131,157,186,149,136
"1750598",217,237,190,200,173,210,131,156,112,133,143,147,111,131,126,138,179,158,173,171,170,193,158,140
"43674",237,205,195,179,200,196,173,160,141,167,188,170,182,174,143,227,173,183,162,138,162,145,149,135
"2815358",216,236,179,184,168,186,135,188,129,151,139,149,141,126,140,150,141,131,139,156,133,170,133,148
"485447",223,183,178,197,168,236,135,190,121,143,132,175,118,138,134,104,179,142,124,115,115,176,130,151
"1921086",235,221,203,158,192,169,138,178,140,152,123,189,135,135,138,122,151,144,172,163,109,163,165,146
"2175632",200,235,191,211,171,168,154,194,173,191,161,155,161,150,174,163,133,153,140,160,143,136,124,136
"2483360",235,213,205,198,198,200,199,192,138,196,194,221,124,150,176,147,220,158,163,174,174,179,178,192
"2591606",235,202,186,165,153,187,133,181,99,120,121,156,107,107,114,106,150,86,124,112,92,154,134,128
"2708053",66,64,235,71,189,69,61,66,203,52,57,42,44,168,135,52,56,50,176,38,100,164,58,115
"2781961",235,180,199,145,182,163,63,158,80,71,51,118,66,68,88,68,78,52,167,63,97,151,61,147
"54304",209,161,140,160,147,191,150,157,156,235,162,157,141,91,104,110,139,131,127,141,122,110,128,122
"84996",159,192,152,217,158,169,221,147,173,224,235,156,162,149,148,172,178,153,131,167,184,131,137,115
"2718875",196,234,178,217,230,182,172,181,162,173,175,178,188,170,196,173,171,157,159,149,159,167,164,155
"285473",213,176,188,199,211,200,234,157,185,180,175,183,188,157,191,190,158,195,187,164,159,150,150,148
"561061",234,169,151,152,188,146,61,174,44,47,51,107,44,66,63,63,77,53,124,49,56,144,77,112
"84999",234,225,194,182,170,195,197,192,158,142,151,181,150,163,160,152,174,152,151,167,130,145,156,140
"158841",233,213,161,190,198,199,137,157,137,136,145,185,117,147,127,128,140,138,143,168,121,188,141,137
"1618022",164,233,158,173,166,198,136,162,129,138,123,141,93,132,108,175,178,214,121,196,128,128,195,178
"1621989",182,209,162,196,118,233,119,155,115,146,146,143,100,100,93,146,185,143,111,163,113,110,164,147
"220697",225,233,178,172,154,182,135,189,131,133,112,193,132,128,131,121,147,140,148,142,131,139,120,177
"2211212",233,96,91,72,88,97,76,88,79,61,60,108,58,62,62,48,44,65,67,49,41,90,62,81
"2592814",169,233,142,195,151,180,126,163,140,92,141,171,134,128,124,121,106,113,146,133,98,137,144,109
"267363",220,233,197,193,189,191,172,189,156,140,134,177,140,131,142,153,169,164,165,177,152,160,145,179
"2735317",233,120,184,161,223,132,107,156,114,130,101,184,95,108,88,96,99,78,169,90,87,109,72,92
"3070677",233,148,149,156,161,98,55,115,42,56,46,98,45,62,50,42,105,43,121,51,48,125,49,113
"367298",191,192,187,233,187,117,190,187,167,156,156,129,145,180,184,137,104,132,170,105,197,176,126,132
"1642646",232,197,181,170,201,195,132,164,119,116,130,162,96,111,113,116,162,99,153,118,113,161,121,133
"1752063",175,232,159,150,142,203,126,173,161,150,118,174,130,128,122,135,201,187,138,166,140,184,156,162
"2812000",232,200,173,158,180,187,111,135,125,113,105,167,112,122,100,116,151,107,152,102,109,123,187,127
"340146",232,225,197,156,172,170,173,189,155,171,131,174,126,147,136,157,164,172,164,140,154,180,163,128
"44250",232,201,192,196,210,224,124,174,135,122,136,174,143,146,119,107,176,123,158,149,116,149,151,178
"1050638",218,225,209,224,187,231,190,182,157,161,155,216,160,141,149,186,193,174,146,183,133,161,181,131
"1442555",223,170,231,177,205,214,136,163,149,168,166,177,138,157,140,164,160,147,147,149,151,206,152,153
"146825",192,231,196,213,185,208,179,186,182,138,170,203,160,161,174,150,159,188,155,168,152,190,155,117
"178440",190,157,150,119,167,149,88,231,77,64,77,193,63,77,57,76,105,85,139,83,74,143,92,113
"2026",181,174,231,181,201,204,123,136,153,133,162,141,113,144,129,125,157,111,152,123,123,170,131,115
"2033032",150,231,150,171,141,126,109,138,112,96,95,140,84,78,96,105,108,70,110,98,92,123,112,97
"215743",215,231,198,183,200,192,150,172,163,191,160,206,138,168,125,171,181,168,145,172,129,174,135,162
"2217867",231,169,137,159,209,171,116,158,119,110,107,185,88,125,118,114,126,106,190,118,115,159,116,116
"28108",208,231,169,147,194,197,141,181,133,148,132,184,108,132,135,115,178,132,154,135,108,146,133,148
"2891570",231,216,228,176,192,203,139,207,163,162,133,178,116,147,146,128,181,146,155,145,150,174,157,153
"1571",201,164,222,150,173,137,116,129,145,102,97,104,99,142,116,81,111,86,230,86,107,135,82,114
"1573711",230,213,198,170,218,207,136,191,112,135,150,145,114,132,132,135,132,145,139,148,125,138,104,156
"1752064",230,207,166,154,201,204,148,152,153,137,162,175,117,159,122,163,193,163,164,150,123,162,155,164
"2971798",213,206,228,230,210,217,185,223,185,178,197,174,166,175,199,164,114,164,155,183,152,194,169,157
"641",227,230,193,137,188,203,121,156,126,125,128,153,103,102,133,110,149,126,138,114,137,137,137,131
"85",230,227,214,184,215,224,147,204,135,159,152,196,123,169,138,159,181,158,210,122,156,198,183,157
"208962",205,229,182,198,199,181,134,189,145,143,147,180,144,134,121,124,161,129,172,128,121,178,129,121
"2494701",229,182,175,132,155,172,121,148,98,108,104,148,90,95,98,115,111,120,108,104,104,129,126,113
"2545798",229,226,171,195,179,223,152,188,163,161,149,205,128,151,149,124,182,150,166,137,166,176,122,192
"2750929",194,206,197,177,229,204,132,161,138,117,144,195,135,128,114,128,147,98,163,142,116,176,145,167
"2785911",229,194,170,202,202,191,170,202,164,140,145,192,100,152,135,148,151,129,203,130,145,201,144,148
"28082",101,64,102,78,107,134,38,85,48,45,49,77,24,48,28,46,70,49,107,32,55,116,75,229
"2816357",224,198,229,178,172,160,43,145,86,46,35,124,31,74,68,49,83,45,153,48,72,184,69,128
"3031802",229,134,180,144,219,154,45,149,45,47,44,138,34,75,50,43,109,33,141,54,56,116,44,105
"57706",123,229,90,106,119,123,90,121,74,62,66,96,84,95,106,66,100,74,77,90,74,91,122,100
"797291",220,179,229,154,218,225,77,203,91,70,70,150,68,97,93,66,117,62,168,92,104,152,76,158
"108007",203,228,158,157,145,169,153,144,114,131,118,190,127,134,136,131,149,145,137,150,100,163,145,136
"1211807",228,214,175,201,172,207,138,162,146,133,133,179,101,135,140,114,166,158,157,139,132,132,157,166
"2732161",139,228,129,92,144,118,49,123,50,53,49,100,45,65,47,49,61,38,126,43,57,139,83,145
"53460",175,227,204,193,189,228,193,185,170,178,156,171,143,177,164,140,188,156,165,164,159,169,128,142
"1085624",227,219,202,186,207,186,100,200,95,89,81,194,74,97,95,109,156,81,204,76,101,191,91,166
"1410606",227,127,223,195,138,118,147,139,146,136,137,123,111,124,134,79,136,81,152,93,131,138,113,79
"155978",203,219,165,211,144,227,148,196,144,147,154,183,122,121,113,155,183,177,177,195,133,155,184,175
"1809",208,227,165,196,173,175,162,159,163,216,164,135,160,154,177,150,130,143,146,132,115,117,135,122
"2681766",227,189,194,166,189,205,102,188,96,91,91,149,62,85,94,68,137,83,151,90,80,156,92,157
"2764711",144,227,125,131,160,211,137,124,140,117,109,142,89,116,111,163,157,183,132,182,112,138,198,173
"3003257",125,218,184,227,154,112,34,120,32,27,42,79,30,55,64,22,83,29,133,42,46,139,43,92
"3074378",197,227,196,174,164,143,159,153,118,128,148,120,111,113,156,165,113,132,144,122,111,112,114,91
"45065",162,227,155,164,153,171,115,136,121,87,101,131,74,116,103,93,161,115,138,116,125,145,130,133
"1184",225,210,189,181,211,205,170,175,149,174,179,188,131,153,116,192,226,213,147,226,128,175,165,187
"1530123",123,91,226,67,133,70,49,53,29,34,21,74,25,26,32,33,24,26,46,28,38,71,22,74
"1769",224,190,215,226,195,209,180,159,157,170,161,147,166,148,166,167,174,134,174,145,138,155,148,133
"2079234",183,226,178,185,212,205,142,155,160,132,149,158,139,127,148,153,153,116,145,179,135,156,128,140
"2490851",216,193,194,166,226,180,158,188,109,125,131,163,115,151,112,120,167,138,162,146,118,127,159,141
"2547394",176,226,185,225,167,155,76,133,63,78,69,121,63,79,90,53,96,74,136,66,76,171,83,110
"258255",226,201,170,172,173,186,102,181,120,135,104,147,120,139,118,127,140,125,144,113,111,170,130,162
"2875962",226,209,169,128,179,150,87,187,85,84,83,145,73,94,77,79,135,89,168,102,101,152,93,149
"61592",226,210,192,203,196,188,155,201,154,157,181,179,135,183,177,170,153,122,154,171,107,144,159,127
"138074",225,194,185,126,183,185,129,158,123,107,123,187,140,119,101,109,136,113,136,104,116,145,137,144
"1397703",194,196,171,165,180,225,157,157,139,145,143,153,143,147,141,176,156,196,120,182,109,134,163,195
"1706369",208,196,198,163,225,205,127,185,133,123,120,185,127,126,140,96,166,98,187,111,141,151,135,121
"2047",225,223,209,186,197,188,166,145,180,121,150,158,127,151,158,139,164,142,152,126,137,175,166,108
"2259673",225,174,168,201,128,124,144,127,153,131,162,124,120,163,144,68,119,70,125,87,127,138,98,61
"2705547",219,225,163,173,157,173,134,183,121,109,144,162,136,128,122,121,148,131,164,111,133,146,142,131
"2789424",225,208,205,187,183,170,205,186,166,172,196,178,153,161,174,187,176,171,156,193,173,166,156,180
"2795383",225,183,161,223,144,157,159,156,135,150,141,124,104,160,132,95,130,77,166,90,133,147,116,105
"492",225,141,142,80,128,150,106,134,89,87,78,125,73,69,79,85,122,90,104,97,84,128,94,106
"1102",196,224,185,201,170,194,157,214,152,148,119,159,114,129,127,144,161,161,136,163,138,181,160,159
"1234143",200,224,147,182,157,150,117,146,107,115,119,172,89,127,109,122,98,119,146,110,81,135,138,125
"1610576",219,224,211,158,210,166,170,191,140,166,138,159,107,145,115,166,190,144,132,153,116,153,154,174
"1563222",67,223,73,86,70,46,54,53,39,45,46,75,44,57,38,34,44,37,56,39,47,69,47,52
"1717",222,223,222,210,197,211,152,193,186,148,144,138,162,176,126,164,180,148,150,173,147,185,177,172
"2213202",223,178,175,135,156,179,113,151,110,119,125,136,99,118,133,121,150,116,113,91,114,121,117,125
"2715131",223,213,188,156,187,192,85,154,89,54,69,151,51,80,90,61,120,48,194,85,101,176,104,147
"2725560",223,178,176,155,178,208,133,194,125,143,128,181,132,112,141,128,113,110,148,115,112,155,146,149
"2809707",201,223,182,135,160,182,95,186,83,91,89,149,70,93,101,86,119,89,147,88,125,163,88,144
"2854257",223,198,189,182,195,162,163,156,147,140,134,160,139,122,134,119,141,132,176,130,129,169,113,129
"2913614",174,176,160,137,157,223,128,140,126,111,101,153,105,109,116,128,139,105,167,111,84,128,140,140
"2268024",222,190,175,158,191,189,86,174,105,108,92,132,100,130,104,130,131,86,130,106,111,145,103,115
"2705473",187,222,209,146,179,160,65,154,71,48,60,171,42,70,75,73,110,54,156,68,72,159,67,138
"281120",112,83,137,43,169,58,36,81,106,20,26,47,20,119,65,23,39,28,128,40,131,222,25,45
"2970818",200,221,222,178,208,209,178,208,188,121,138,197,146,148,151,161,185,177,145,157,148,182,145,170
"2980557",211,222,183,196,196,216,147,214,124,138,145,172,129,127,134,155,185,146,177,114,125,170,165,146
"2993563",222,219,190,193,197,191,134,189,187,123,152,190,137,177,138,164,206,145,214,143,161,215,176,132
"1261031",128,221,130,184,163,204,127,143,138,130,107,131,76,116,96,119,153,173,128,203,106,108,155,173
"1461582",62,48,93,41,214,58,37,37,60,38,28,45,28,78,47,33,41,35,221,26,143,126,46,53
"1795355",210,206,196,178,221,183,89,202,101,112,77,173,99,123,128,79,151,91,190,105,90,159,112,169
"291644",178,221,158,147,173,175,95,152,101,89,99,167,73,91,98,95,139,85,167,92,98,150,89,133
"338565",221,181,149,168,179,175,136,156,128,134,131,174,127,116,127,125,161,126,122,148,118,131,134,124
"971",216,221,209,187,176,206,161,164,141,153,130,187,119,144,136,156,182,147,152,147,120,159,138,159
"109266",136,220,144,131,169,200,125,88,144,114,92,121,71,116,96,143,153,192,106,200,91,76,163,165
"1158459",194,220,184,198,167,191,121,160,128,149,145,134,122,134,130,127,150,150,162,141,129,147,152,99
"1265601",220,220,199,208,184,168,183,192,202,187,196,176,163,184,176,166,137,137,157,144,143,155,185,161
"1642647",220,140,178,120,158,164,116,162,97,110,93,135,67,117,83,80,115,71,149,91,86,153,95,148
"2739434",220,202,200,200,154,144,124,182,131,128,122,179,104,135,116,108,189,143,162,139,120,153,126,121
"2841662",193,200,184,220,209,179,151,187,178,169,147,165,138,138,164,144,165,129,160,135,178,142,176,139
"28454",220,208,175,133,170,216,60,159,77,47,59,120,50,68,55,58,96,72,188,61,74,154,60,162
"3039392",220,219,206,202,203,216,133,167,101,118,106,152,106,144,89,121,151,119,153,116,126,147,126,123
"328812",220,219,179,173,208,216,105,165,114,129,110,146,90,106,120,117,142,96,202,110,102,173,128,177
"431306",215,220,207,195,185,210,126,167,151,144,134,177,134,158,137,154,139,112,154,142,108,159,126,174
"551996",206,209,207,169,193,220,78,205,70,60,47,170,56,76,84,44,125,69,162,54,72,143,79,177
"1389223",209,212,154,201,177,183,142,219,142,124,132,178,110,111,149,97,155,137,136,140,130,157,144,158
"1742359",219,122,142,139,152,110,50,111,70,63,79,115,52,69,48,50,88,68,95,63,39,95,63,95
"2483402",206,183,185,219,219,202,127,192,117,127,107,195,130,134,157,133,146,119,185,123,137,162,118,157
"2795973",191,199,218,192,219,180,141,186,145,138,135,211,148,144,133,125,202,142,167,130,155,185,141,174
"2801033",219,192,190,190,193,187,214,182,178,180,191,180,185,173,175,196,174,172,172,108,132,155,197,144
"2859768",219,219,184,97,192,156,59,176,90,61,65,152,48,94,89,51,93,75,163,79,79,182,65,141
"285983",219,148,152,139,203,105,77,104,87,96,86,113,52,80,56,73,93,81,134,90,79,148,82,76
"3070679",219,97,119,106,133,94,37,83,51,37,34,94,46,40,38,42,73,30,92,30,34,89,37,66
"833",205,219,193,191,170,211,126,176,149,140,155,176,95,156,131,133,175,125,145,152,133,151,174,156
"1232428",218,190,147,151,184,216,133,162,130,121,117,163,124,115,138,123,161,125,144,124,121,162,153,151
"1727163",215,199,189,195,218,188,96,182,90,73,63,167,67,92,98,57,134,80,167,70,86,165,121,127
"1903410",218,186,161,192,192,182,168,158,154,135,135,141,140,135,125,123,164,151,147,121,109,155,149,135
"2109593",203,203,218,196,197,155,148,171,143,177,149,163,139,175,161,140,134,150,172,146,154,147,145,146
"2588534",218,159,173,154,158,143,111,176,97,116,110,137,91,104,107,123,140,90,125,99,94,162,111,103
"118163",217,202,176,166,173,195,165,163,150,151,146,150,119,146,129,140,189,168,160,164,135,152,182,150
"1218801",212,217,196,163,154,204,90,212,98,79,70,170,80,83,75,107,179,109,141,120,95,146,111,127
"1306519",209,201,209,217,194,154,59,176,82,51,61,126,45,80,93,54,94,48,150,52,114,212,82,108
"1350",206,217,183,163,181,176,128,181,124,115,129,176,112,122,102,119,181,110,175,122,129,178,153,148
"1465",192,195,217,171,125,179,141,147,110,173,138,140,180,106,94,104,138,114,135,110,100,181,130,160
"1532905",217,186,179,163,162,167,117,157,134,123,118,148,128,119,99,112,137,93,148,143,144,154,129,168
"208479",217,177,186,185,206,199,165,148,155,134,131,184,118,155,129,131,165,126,147,142,136,145,128,147
"2829502",187,217,171,148,168,192,118,177,105,110,113,142,107,131,107,119,159,117,147,112,130,137,122,129
"2993314",217,211,209,194,189,191,191,194,198,176,134,179,163,151,158,180,175,161,173,179,148,148,186,143
"930972",208,211,203,176,203,217,95,186,115,73,91,192,69,96,89,96,132,102,184,91,104,205,112,174
"1525371",216,189,191,172,192,167,98,185,94,102,113,163,100,112,126,96,133,118,128,86,103,129,101,140
"1671721",167,170,132,164,182,216,125,135,114,127,96,147,101,93,118,112,158,116,124,129,102,144,139,133
"1796652",216,205,165,162,155,132,112,169,134,109,100,168,90,105,103,119,151,110,175,142,115,153,146,147
"2508306",199,183,202,216,188,190,124,145,137,128,155,174,117,155,157,173,157,162,141,150,126,152,145,122
"2557994",216,169,183,101,162,123,63,163,70,53,53,133,41,62,63,48,91,49,116,69,75,144,63,131
"38308",216,195,192,187,198,209,174,206,167,138,150,202,126,134,154,155,156,143,149,173,120,166,178,176
"528191",216,50,76,35,59,36,37,48,27,27,31,26,23,20,35,14,36,20,43,20,24,55,33,40
"61648",200,195,178,169,216,187,145,163,164,121,123,176,103,110,127,118,123,108,172,141,115,127,119,155
"88058",183,216,167,140,145,170,117,131,112,121,118,162,103,103,135,123,114,140,116,133,126,138,111,126
"1423",215,169,172,134,161,166,110,138,98,77,116,138,78,102,97,96,128,87,129,97,107,128,106,109
"1458307",215,211,156,172,175,181,132,135,91,135,115,168,101,124,138,107,139,110,130,120,123,150,123,188
"192149",215,164,176,127,192,150,66,152,68,70,69,142,57,84,74,51,114,63,124,84,75,126,93,120
"2733484",215,200,176,165,185,151,166,164,138,116,128,159,103,134,112,157,160,127,161,106,135,139,133,145
"2979869",186,215,173,143,205,177,78,190,83,84,70,158,60,89,108,85,117,91,140,82,94,161,93,122
"666686",215,139,151,158,133,114,68,110,51,68,63,101,69,58,40,44,87,54,127,55,72,113,57,80
"92490",196,215,168,156,163,174,149,187,121,139,114,158,104,133,119,118,120,146,140,140,107,170,124,113
"1584",211,214,161,167,178,176,109,152,156,142,153,186,129,161,127,141,179,133,163,136,141,136,153,150
"1692041",214,164,182,131,165,148,107,128,95,118,91,173,89,121,111,97,184,114,161,126,102,181,108,147
"2665646",208,214,142,142,176,170,145,147,137,127,128,161,116,94,111,142,170,97,132,165,121,155,148,118
"2681984",214,183,167,203,165,181,137,177,113,141,125,156,115,102,121,122,133,102,160,118,99,133,135,152
"272131",138,203,121,138,110,214,99,131,128,151,115,125,104,111,87,156,156,153,131,197,102,134,190,182
"279826",214,135,160,128,142,172,83,134,90,71,81,129,66,61,58,88,112,78,115,87,71,131,87,105
"2983214",214,214,196,198,202,174,161,194,151,145,153,154,143,162,161,153,180,149,135,162,157,165,159,138
"3031408",196,214,210,183,156,183,152,156,138,134,128,129,126,147,156,137,161,137,126,148,112,152,142,112
"520056",25,17,38,18,170,16,13,12,10,8,12,31,9,12,9,11,13,9,37,15,11,214,18,13
"580",191,214,179,163,144,167,154,161,147,114,141,163,98,136,146,141,171,151,144,151,146,146,129,135
"1229",212,213,168,157,201,173,142,177,107,114,138,164,107,139,113,129,171,121,150,114,143,141,155,148
"171",213,210,175,162,165,165,124,179,105,105,124,166,116,118,84,109,166,129,134,135,113,157,129,145
"2126553",195,213,176,166,196,197,92,157,86,90,75,147,69,81,88,91,124,93,156,85,90,188,111,152
"232346",213,167,182,158,151,175,141,126,101,111,100,122,101,103,102,121,154,125,140,112,95,135,115,123
"2508307",194,213,158,155,192,169,122,183,124,121,154,124,116,141,107,116,116,133,162,130,112,156,117,141
"2795738",212,146,168,143,213,163,48,157,66,37,40,137,35,62,63,37,98,50,115,51,62,152,57,115
"2942204",213,129,155,170,185,95,150,163,146,158,200,122,147,121,111,72,80,72,121,102,85,167,85,82
"3031125",213,94,132,148,127,94,79,116,92,70,65,135,97,93,73,81,81,54,97,65,66,88,64,77
"354349",199,213,175,168,192,209,107,174,141,111,121,157,97,98,103,113,127,127,169,113,117,158,113,150
"1163398",212,185,161,121,171,127,127,145,97,94,108,143,102,98,107,113,112,99,102,95,103,124,100,92
"1173101",175,183,157,160,161,212,114,166,112,113,112,149,80,98,106,107,158,101,129,109,121,137,113,145
"1282",194,90,71,212,74,70,30,84,49,38,40,115,23,43,39,25,57,40,51,50,39,67,58,63
"1761794",212,189,157,176,169,169,104,144,128,119,118,167,119,126,134,125,134,120,161,93,106,182,124,137
"1859492",1,54,0,3,4,108,2,22,0,1,0,7,1,1,2,6,212,4,0,2,1,0,6,12
"1936021",168,185,140,161,153,212,131,157,128,114,98,129,107,111,103,125,128,119,129,158,83,123,141,131
"2059875",176,203,212,205,185,194,177,187,199,196,146,186,171,140,166,128,193,154,173,139,132,161,160,151
"2743772",212,190,179,158,188,196,125,183,134,121,118,133,115,138,94,123,179,155,132,116,120,156,149,165
"37482",211,177,179,172,177,212,156,189,132,141,144,157,127,126,120,145,168,128,154,142,144,164,161,162
"50340",212,175,165,176,193,165,132,163,92,95,133,136,93,111,130,126,124,114,143,126,133,149,135,134
"135577",211,189,150,131,164,176,95,162,92,97,103,148,109,112,126,110,123,108,136,123,101,145,109,136
"1442551",201,206,167,198,211,206,168,170,174,160,149,209,163,168,136,141,151,181,174,144,141,155,183,136
"1504981",197,211,150,183,183,206,124,185,136,140,134,157,117,125,109,126,147,129,158,135,131,149,146,138
"154116",184,172,206,211,186,167,176,162,199,181,150,112,151,155,163,175,151,155,154,154,143,112,134,109
"2071710",211,148,136,158,153,161,113,147,104,86,119,137,93,104,90,78,132,104,124,99,91,122,113,114
"2911176",204,210,167,156,211,185,123,152,127,117,98,151,111,101,115,98,104,97,142,90,89,149,82,128
"2983220",211,187,152,180,181,178,164,166,121,152,140,140,132,154,126,169,144,146,144,180,114,147,141,149
"1564",173,210,162,140,151,174,129,170,136,117,126,133,102,104,137,108,150,137,111,141,113,158,152,133
"185300",194,172,200,134,210,191,64,181,73,61,65,169,55,71,74,64,107,66,157,84,69,166,68,124
"2487065",119,210,59,65,85,153,50,78,33,48,40,69,19,41,74,38,52,21,77,28,40,56,42,120
"2653858",210,195,171,162,153,198,125,187,123,140,124,153,120,136,123,141,146,145,144,157,132,158,149,193
"2907534",210,194,174,150,196,200,146,196,123,117,123,150,130,138,129,117,175,128,147,150,109,178,116,139
"291990",182,210,173,177,148,185,146,163,137,155,146,167,132,143,122,151,176,151,125,163,153,150,157,115
"301301",202,210,150,143,185,202,151,170,134,146,143,171,116,145,132,151,141,132,172,128,148,152,143,152
"89153",195,157,166,188,143,210,113,139,125,111,107,142,105,111,133,115,149,120,125,125,115,109,119,134
"1475485",205,201,187,169,209,209,174,203,145,149,168,172,131,155,161,163,179,162,148,140,140,161,183,153
"152053",209,189,172,173,165,188,162,161,116,121,124,131,145,132,157,153,200,143,140,139,110,156,135,185
"2709403",209,188,187,185,159,197,152,178,155,138,173,167,150,142,169,127,180,135,131,144,125,139,149,142
"2758724",209,206,191,184,152,181,146,193,126,130,148,177,127,148,154,128,152,123,144,138,138,141,144,120
"2934340",192,209,190,189,137,180,167,182,129,156,159,159,126,126,123,135,150,113,121,158,159,157,156,131
"837",177,191,180,160,204,209,113,120,96,94,90,156,92,114,106,108,140,115,131,120,115,147,103,122
"1777867",208,191,154,180,166,172,154,170,116,131,133,156,139,121,136,116,133,136,153,105,136,127,126,126
"2027857",208,162,160,135,146,131,49,127,47,39,57,113,36,53,67,49,89,36,139,51,44,128,49,102
"2851642",189,186,187,161,208,201,152,170,170,139,143,194,131,126,131,138,150,139,158,138,138,160,135,146
"2911367",176,208,166,207,176,177,167,168,170,160,143,161,134,155,132,136,155,147,131,172,143,163,139,140
"2934937",208,167,140,178,156,171,148,136,130,140,124,162,120,129,154,164,144,155,139,138,116,180,120,130
"308865",208,188,188,139,176,193,63,175,68,54,68,168,41,38,65,56,108,68,192,58,76,160,78,149
"317936",118,194,144,141,146,179,90,97,109,101,75,153,73,80,92,132,142,208,100,204,85,124,161,123
"33007",194,208,183,181,159,164,164,169,184,152,146,155,159,114,141,129,155,148,138,149,155,182,126,152
"480418",203,180,193,181,177,183,166,163,179,174,151,143,136,187,136,164,208,158,172,157,176,170,183,143
"1436085",207,129,124,148,154,138,110,180,115,117,108,133,100,132,82,110,96,111,88,93,107,95,93,109
"1589",188,142,146,195,207,152,84,154,77,80,70,174,72,80,60,94,93,83,99,93,84,128,72,128
"3023076",207,190,171,191,175,151,171,182,145,132,134,146,130,140,122,109,158,110,142,124,127,131,134,117
"34038",207,150,144,126,148,144,104,143,72,76,90,108,78,75,75,86,111,99,92,91,74,125,107,97
"34062",207,190,144,167,129,175,126,158,153,108,96,145,94,121,115,107,172,109,145,139,114,125,124,126
"391613",207,205,197,188,169,201,149,180,121,118,154,184,122,137,118,124,141,136,171,169,131,159,124,119
"42239",180,207,181,174,189,194,192,180,183,161,171,147,172,138,125,163,141,131,147,138,139,157,157,137
"554",207,183,154,142,158,192,129,174,133,128,122,118,87,111,121,122,154,142,116,141,82,146,108,102
"678932",189,189,157,160,187,207,132,138,129,149,129,155,157,130,139,146,150,121,154,97,126,135,155,137
"96472",207,185,207,174,203,172,129,165,119,151,108,149,93,99,109,122,149,121,129,106,115,145,129,106
"99807",169,207,192,174,198,177,157,166,165,175,161,162,139,149,140,118,161,141,139,135,108,140,172,109
"2502784",143,206,189,122,158,149,32,117,53,37,45,87,34,54,47,36,65,35,143,43,61,143,33,96
"2867014",168,206,153,168,166,171,159,156,103,130,144,174,102,122,109,142,142,110,123,101,93,136,102,183
"359408",206,150,165,124,131,121,100,118,117,117,100,127,65,93,110,73,88,75,133,86,94,158,90,94
"438",206,178,136,137,167,171,117,121,129,116,95,138,114,111,105,122,124,104,141,123,95,109,108,105
"502",191,206,191,196,166,194,141,184,171,145,137,144,143,153,107,116,186,162,166,135,114,154,156,162
"54006",206,165,180,200,197,146,149,170,126,133,141,151,115,115,127,145,154,121,141,137,122,134,142,137
"59753",187,206,153,203,175,173,128,190,119,141,138,166,125,132,142,136,167,120,151,148,137,144,157,127
"641148",171,206,116,158,174,157,123,141,91,98,114,150,108,114,103,102,144,102,132,113,105,126,108,130
"890",164,183,167,118,133,206,130,132,138,128,107,123,100,110,105,117,160,146,120,121,99,137,173,103
"1069494",205,176,186,169,147,142,130,138,138,147,140,142,126,133,141,144,127,109,132,117,143,127,136,104
"1173586",186,205,166,170,204,171,112,133,121,124,137,155,92,138,100,146,168,128,146,145,116,149,127,117
"2218628",73,61,46,61,53,59,39,56,34,35,30,48,31,37,32,45,40,29,46,43,36,40,45,205
"2518989",166,205,176,128,159,164,81,162,114,100,92,134,94,105,86,94,134,102,110,111,86,146,112,115
"666",205,163,186,151,144,159,106,142,110,114,96,146,75,106,103,114,114,92,135,115,93,153,124,137
"1075398",180,204,195,178,166,190,173,162,150,160,158,128,130,161,132,148,147,132,140,164,142,117,170,145
"1612551",186,204,192,193,186,174,175,183,144,192,187,152,155,163,144,158,163,142,109,147,155,130,156,162
"2183582",188,191,166,167,204,168,131,153,127,110,96,157,111,110,136,135,155,113,139,139,124,164,144,165
"2291597",197,204,192,153,166,142,127,169,103,118,116,180,119,101,143,103,140,132,188,132,101,125,110,135
"2497456",76,204,64,46,74,113,31,86,30,26,26,69,33,45,26,34,57,33,103,37,39,96,41,105
"2742796",204,160,146,141,140,150,111,155,90,88,106,133,92,92,107,96,108,107,127,112,96,136,102,94
"2816248",204,175,148,139,163,144,132,144,120,119,94,156,101,103,97,106,149,91,110,105,109,130,100,144
"473531",204,188,170,197,175,181,162,183,143,134,143,192,131,162,137,133,166,116,165,137,112,144,131,135
"81408",204,150,151,123,165,191,108,144,111,113,92,134,108,116,97,112,123,110,101,99,103,110,97,121
"1173026",185,180,182,161,146,179,137,129,127,127,155,144,120,107,108,143,152,159,109,203,115,112,190,129
"1749259",203,189,167,180,157,180,122,166,132,112,120,137,103,105,125,112,150,144,156,103,105,166,140,127
"1761012",203,166,179,153,169,198,132,146,113,141,146,177,121,150,121,129,178,143,120,126,112,180,141,142
"238834",203,169,169,168,150,177,95,133,80,84,83,147,53,110,86,72,104,91,164,86,87,133,95,146
"2494548",200,203,176,179,198,199,128,155,167,134,153,154,153,133,135,162,166,154,145,139,143,161,147,125
"2609807",189,135,203,151,181,104,109,192,115,115,100,180,95,94,95,85,102,79,163,72,86,150,84,114
"3022697",203,147,138,128,132,168,99,145,95,87,89,123,74,74,80,105,120,85,121,93,98,120,114,127
"48461",203,143,163,149,148,140,43,168,42,49,53,109,40,41,59,60,115,36,131,47,48,144,61,90
"1174501",202,154,157,184,172,160,109,155,119,108,107,153,117,107,105,114,133,124,120,123,112,145,123,154
"1868325",202,199,173,157,196,180,115,164,134,140,117,159,107,105,141,126,129,125,116,133,115,156,147,135
"2033033",176,202,164,144,137,160,98,143,111,105,120,123,95,108,100,96,109,118,121,105,98,129,120,114
"2420135",202,165,177,137,146,178,164,154,120,162,131,154,139,152,122,125,103,120,145,129,127,108,129,124
"2899133",119,79,202,102,197,116,53,127,55,48,45,106,31,36,31,30,70,20,170,31,33,107,35,98
"2983229",200,154,161,171,168,164,126,202,122,132,138,120,125,120,106,114,111,107,138,148,121,143,140,126
"538",202,175,141,122,156,143,95,125,131,83,88,146,82,111,100,134,153,121,115,121,126,121,126,125
"958",202,113,122,126,150,97,40,155,39,35,35,127,38,53,49,33,80,22,127,31,38,114,40,60
"232259",163,201,161,121,179,168,65,147,65,65,63,103,51,62,74,65,117,48,126,64,57,164,71,135
"1659194",200,61,74,48,71,57,43,65,38,25,20,42,28,26,19,16,25,28,35,30,25,55,23,39
"186803",200,175,151,124,175,160,123,176,122,108,107,142,110,111,84,124,113,110,123,125,116,122,130,132
"1874277",146,200,161,140,146,159,155,120,133,121,123,123,109,115,98,120,117,113,121,122,101,136,126,122
"1930071",200,184,141,154,155,178,109,149,123,140,116,161,106,105,108,107,156,107,121,139,116,116,152,144
"2675298",200,172,109,164,156,178,102,145,101,98,103,168,88,99,93,110,139,100,123,101,99,132,98,151
"2879938",115,200,84,72,86,109,46,88,27,22,22,71,28,28,38,29,57,22,89,34,34,95,37,77
"2926907",144,200,156,127,136,138,50,136,44,52,41,138,29,45,62,39,88,35,120,43,58,118,60,90
"388413",199,173,176,123,191,200,67,172,64,54,52,134,59,69,79,64,102,49,137,71,63,162,93,140
"1227",199,163,130,126,161,127,130,164,114,113,117,168,82,94,87,104,172,126,120,118,123,144,155,130
"1636423",196,199,168,149,154,197,138,156,112,138,113,158,121,139,130,126,157,99,156,130,143,153,107,133
"1646340",154,199,152,121,153,179,113,156,102,112,94,115,100,102,108,101,117,110,110,109,98,149,121,114
"2015076",159,199,124,90,122,180,48,92,49,53,39,114,26,53,51,29,69,42,181,40,54,103,47,120
"2583587",163,177,139,119,199,161,100,159,101,76,79,114,45,116,83,81,114,69,145,77,80,157,98,134
"2974039",197,187,172,185,199,197,139,168,157,157,127,162,130,136,117,134,149,148,133,126,114,143,188,126
"35703",177,199,194,168,197,170,111,150,148,126,136,139,128,138,141,142,159,135,159,135,144,125,162,124
"371142",199,146,152,90,173,159,53,136,36,43,41,105,48,54,57,55,75,41,164,52,55,155,67,115
"55079",178,199,154,166,160,175,129,159,134,118,107,158,87,127,138,114,139,131,143,129,125,170,144,143
"2175635",191,190,166,198,150,158,166,181,165,142,143,157,145,140,147,153,144,141,128,124,125,144,119,116
"2335",190,198,187,177,143,196,162,149,167,162,141,141,122,143,129,139,132,147,130,162,157,125,153,110
"2594913",149,198,168,167,148,151,159,133,107,101,125,160,108,132,128,134,154,135,154,127,119,136,131,116
"2745498",198,137,125,151,187,148,100,116,88,86,92,136,80,82,82,91,107,66,163,95,70,125,91,78
"2832500",166,183,134,170,148,198,138,193,132,145,130,151,130,121,110,109,121,111,153,126,102,129,102,132
"298",198,109,108,91,151,103,75,86,74,58,71,82,68,87,57,63,67,63,122,72,63,99,58,58
"595468",198,175,142,161,156,147,135,144,141,133,135,149,112,157,117,143,128,119,127,134,114,131,134,115
"713030",162,178,156,116,141,198,125,165,118,120,125,136,120,110,112,108,140,126,102,111,133,118,140,107
"1178",120,197,115,127,113,182,109,124,111,113,82,117,65,88,97,109,137,162,88,137,109,107,155,117
"137816",147,197,151,142,127,168,123,110,102,100,109,129,85,89,103,114,136,116,111,133,89,105,158,137
"226",166,197,153,139,147,179,95,150,109,96,94,154,83,96,94,91,131,87,130,89,104,152,101,132
"251701",197,132,131,107,119,110,80,101,63,88,79,85,78,73,79,86,80,55,87,94,59,77,68,83
"2912855",197,164,140,127,151,194,137,141,113,91,113,131,98,114,110,101,124,104,134,111,113,134,126,119
"388463",197,190,188,146,146,197,171,187,133,121,143,178,101,108,136,154,194,159,147,159,98,175,166,164
"86304",173,197,108,115,129,165,97,136,90,83,67,142,86,91,87,98,102,80,118,102,101,145,127,115
"86664",197,117,120,127,118,81,58,98,64,42,52,91,48,45,43,33,92,55,96,31,49,124,62,65
"1349410",196,190,181,131,169,141,145,151,138,124,127,143,120,152,150,167,147,126,155,135,147,131,147,142
"141451",165,196,144,131,140,175,87,113,104,89,115,126,92,105,109,107,110,98,152,95,94,108,81,126
"182337",196,192,141,170,142,146,114,176,107,106,111,139,129,118,123,93,138,105,132,116,108,150,108,120
"1871021",182,157,158,123,181,196,145,143,133,131,130,131,115,136,133,148,164,146,141,156,122,129,142,133
"2045200",31,34,44,29,165,35,17,29,18,24,22,33,14,13,20,15,29,20,46,15,16,196,8,31
"2082587",151,158,169,161,163,196,154,160,153,130,132,150,151,136,147,144,111,142,135,148,108,146,140,140
"2587856",179,187,196,152,188,174,143,180,117,105,112,152,130,134,120,163,143,146,139,122,123,155,138,125
"2893883",130,196,137,172,134,82,33,151,41,61,39,87,40,55,76,31,70,35,132,29,59,165,57,136
"2977321",196,143,195,175,129,128,40,111,42,38,39,90,29,49,54,49,102,27,114,39,52,154,42,116
"3070682",196,137,127,131,116,118,85,111,61,73,72,92,78,55,63,62,102,67,110,58,62,103,68,79
"839",145,177,133,122,156,196,106,120,83,69,65,121,53,77,66,66,81,64,108,92,77,150,96,116
"1470434",191,191,192,168,195,152,121,161,132,117,125,174,97,133,134,131,161,115,167,111,109,169,177,127
"1486991",172,195,122,136,141,125,97,136,91,114,101,116,96,107,105,139,145,100,114,114,98,111,115,115
"1763998",195,165,164,165,163,164,122,177,100,134,126,149,117,143,110,131,158,134,134,117,110,154,103,156
"2518177",139,195,175,136,157,127,42,129,60,50,40,119,25,63,64,41,75,39,133,64,51,131,54,87
"2758563",195,175,151,131,176,153,84,164,76,104,108,123,83,107,78,98,141,94,132,87,109,138,95,125
"2872754",195,165,166,145,131,170,117,127,102,84,112,121,60,108,68,103,113,84,129,99,97,117,80,121
"2880221",195,122,138,130,114,80,53,81,63,63,61,94,48,57,52,56,87,56,98,53,48,103,52,76
"3059078",143,195,190,141,148,167,51,151,70,42,53,116,38,74,73,64,110,52,130,67,52,164,87,107
"552",195,191,167,151,169,172,135,148,101,115,109,135,89,109,108,127,122,101,140,133,104,141,99,124
"984207",161,166,139,151,141,195,124,159,124,118,130,125,111,103,106,113,133,130,129,151,101,91,160,128
"1241981",114,194,94,74,77,144,45,71,45,30,50,93,31,43,53,41,78,39,89,34,45,85,40,127
"2759736",153,194,146,129,132,145,116,129,141,122,130,125,88,123,96,103,116,125,116,113,98,99,108,111
"2866279",166,194,150,154,141,144,116,144,98,113,121,134,95,108,85,117,108,87,154,91,86,121,113,123
"2871169",170,179,194,138,185,137,106,171,99,90,99,155,78,119,96,96,96,82,163,78,125,134,94,156
"2929800",149,194,115,89,153,154,85,105,60,51,48,101,44,72,80,68,108,55,111,91,76,87,80,93
"3051123",158,101,137,109,194,127,90,101,78,69,90,101,78,84,74,84,68,71,140,77,103,123,58,88
"37637",194,177,140,168,181,153,143,160,119,169,137,172,118,124,113,97,164,137,132,117,123,149,143,127
"49338",161,194,135,146,172,157,126,146,133,96,124,144,99,100,94,109,130,114,143,117,107,157,110,102
"649196",194,164,157,139,179,108,67,135,55,50,41,102,49,60,58,56,102,62,134,67,70,120,58,122
"85683",186,194,172,176,176,184,115,149,123,145,119,149,136,125,114,119,142,115,155,121,122,129,112,136
"930",194,170,157,121,156,176,95,166,96,110,110,166,111,123,117,99,144,108,156,130,100,126,131,125
"1038856",173,172,189,168,193,180,154,152,156,122,102,171,102,157,145,136,160,146,180,146,120,160,167,132
"1070314",193,167,146,143,175,179,136,112,111,128,128,130,125,111,119,149,119,158,107,140,120,122,119,131
"180",193,188,148,153,158,186,129,136,121,140,133,141,126,158,122,148,164,131,114,113,124,154,151,167
"200254",176,193,158,164,151,176,122,159,110,95,120,132,99,126,129,121,139,138,115,130,140,139,123,115
"2587861",163,164,153,105,157,193,92,151,109,123,96,140,98,144,109,103,100,112,129,122,92,99,99,110
"2956784",144,181,80,89,87,193,35,70,35,31,22,82,27,30,38,32,68,27,133,47,49,107,40,138
"339617",193,134,120,120,130,149,108,126,100,107,92,110,80,89,97,91,117,95,98,113,122,99,111,103
"445",193,141,158,128,146,142,97,140,76,72,75,149,75,93,71,72,123,63,165,76,88,141,84,84
"857252",176,163,171,160,178,193,127,137,141,115,127,164,97,91,122,118,110,98,128,113,119,130,130,118
"1400864",136,192,154,134,128,167,100,150,123,107,100,131,101,120,99,124,150,122,122,98,89,107,111,129
"1862358",189,184,146,150,164,192,145,130,128,147,128,124,124,122,122,127,108,133,131,125,113,137,117,87
"2246",162,192,148,159,135,163,125,145,118,124,121,154,103,101,151,112,121,120,130,103,107,118,126,97
"2748863",192,73,68,62,69,68,51,58,48,40,53,75,42,59,41,52,68,35,66,51,44,71,48,52
"28112",163,192,168,178,170,150,114,191,102,128,107,139,108,106,109,110,127,118,167,123,111,167,115,149
"283686",192,182,130,150,167,135,121,161,114,123,95,139,98,116,114,114,118,95,140,111,91,122,102,146
"2895474",192,40,109,36,69,56,26,67,18,16,30,66,21,27,37,20,34,13,29,26,24,71,21,28
"40214",192,157,133,108,138,142,83,115,94,91,83,137,81,88,81,79,126,86,117,86,90,109,95,94
"42817",148,141,192,148,144,155,148,160,138,157,117,137,116,134,128,113,124,141,152,122,145,134,119,134
"485448",192,159,146,134,132,153,114,144,108,119,95,144,91,107,105,137,143,98,120,116,108,120,98,90
"644410",23,20,11,13,14,25,14,15,6,16,15,13,5,15,15,11,10,12,16,11,17,11,12,192
"1159327",173,191,178,160,170,150,152,147,146,130,148,149,109,132,143,144,159,119,126,144,140,129,118,142
"1785128",47,14,67,191,25,15,5,6,1,10,6,9,2,8,3,34,5,8,18,10,6,5,4,13
"1974213",180,191,155,144,165,171,123,183,101,128,107,143,118,113,75,124,142,102,135,109,112,118,115,126
"2058175",123,191,144,113,157,129,57,123,79,79,72,110,63,88,58,84,106,63,138,80,65,114,77,99
"29347",182,159,167,173,174,191,125,155,113,89,146,167,109,137,134,112,141,105,134,143,125,161,116,142
"3036302",173,191,144,151,155,191,146,130,118,114,113,130,113,123,111,135,118,123,115,157,123,132,143,112
"558152",181,191,96,98,118,152,39,82,39,37,31,64,32,41,46,25,52,30,134,34,56,101,30,91
"993689",169,191,145,148,153,131,120,156,116,88,108,159,98,101,105,119,118,91,156,95,111,138,125,87
"1648923",176,182,156,142,172,190,150,133,126,117,97,142,105,132,103,117,137,126,126,113,140,160,114,124
"2086584",188,168,190,185,164,174,137,149,141,130,130,178,113,140,157,125,169,125,154,124,118,155,131,150
"2507935",190,162,112,155,146,138,101,146,88,80,75,126,87,73,93,59,109,87,116,113,78,132,69,124
"256",103,77,71,70,68,74,29,67,50,30,33,61,30,49,37,35,68,31,82,22,36,80,46,190
"2780922",190,188,133,152,147,158,122,134,104,141,118,165,111,135,114,140,168,120,145,146,104,133,129,146
"2834768",151,119,149,131,190,137,95,136,99,80,86,118,88,81,98,77,119,75,120,88,77,153,99,106
"2867015",190,161,153,139,128,137,126,134,128,108,114,113,111,131,95,99,104,101,126,110,108,149,105,118
"2933777",190,161,180,144,159,173,126,156,116,118,98,132,102,122,132,118,140,133,146,129,129,152,114,122
"2986823",190,161,169,176,138,108,39,117,43,44,42,114,24,65,56,33,71,33,117,38,60,129,48,135
"3047030",158,174,159,155,190,160,139,183,171,125,170,140,136,133,123,146,154,125,143,164,156,159,137,119
"521520",178,190,130,130,144,145,105,141,118,95,112,113,85,102,92,107,149,100,125,113,83,110,106,120
"537",168,190,144,144,129,126,88,142,81,91,80,134,81,93,96,87,126,96,116,105,81,108,116,111
"756892",190,168,142,169,185,158,113,146,88,112,95,153,91,98,98,107,156,92,140,92,109,169,106,121
"1050635",189,177,128,150,144,141,125,147,124,137,119,130,105,123,106,120,133,123,127,126,120,160,125,123
"137545",189,180,160,166,170,187,145,149,123,129,119,162,85,139,110,129,151,133,134,120,121,144,119,141
"1481665",183,189,134,161,176,159,96,144,107,88,93,143,84,93,115,87,145,108,142,133,102,146,113,98
"2904129",189,161,132,132,139,169,109,154,95,103,87,111,87,87,106,111,121,102,111,85,90,113,96,114
"2979464",175,178,183,158,189,142,65,161,68,51,63,178,54,78,79,67,94,64,186,84,64,160,79,126
"2982533",189,145,188,137,173,133,152,118,144,130,153,123,123,136,141,120,104,102,144,116,116,131,118,117
"3059026",129,181,162,189,120,114,24,133,38,31,36,89,31,48,56,35,58,28,112,54,54,146,50,145
"47886",179,189,155,165,162,171,137,176,102,137,115,149,132,116,129,121,116,129,175,105,130,138,115,151
"487173",189,188,137,128,130,161,97,131,101,129,117,149,94,99,105,112,140,127,108,123,103,118,104,109
"585423",155,189,123,175,166,154,120,155,113,119,121,163,111,97,108,130,154,147,132,98,121,107,96,102
"61435",148,186,126,159,189,176,124,144,115,114,117,134,91,113,92,114,122,104,128,126,94,104,102,129
"68043",189,184,171,177,186,171,159,169,179,158,111,171,127,141,175,130,143,141,155,117,154,158,108,134
"1508419",169,161,135,146,125,188,118,141,123,134,102,150,106,102,101,124,139,148,110,118,112,123,134,115
"1732569",188,160,147,119,176,120,61,132,38,53,63,106,53,50,33,42,71,38,111,50,63,102,51,69
"2054914",188,184,158,159,174,170,96,188,136,99,146,139,104,117,113,129,127,121,144,122,110,156,127,118
"2293",160,157,158,166,150,131,120,127,114,134,122,151,106,138,123,121,153,111,128,136,112,136,188,116
"2885633",161,188,144,90,146,126,40,118,76,50,55,109,52,54,50,66,81,54,118,65,70,155,66,137
"2932253",186,180,158,139,188,150,116,139,105,140,127,115,109,104,135,133,119,120,154,116,115,123,100,123
"3003260",162,188,182,170,159,122,53,164,54,48,47,112,28,59,67,36,72,45,155,47,61,150,36,137
"46503",171,158,128,130,160,188,82,166,97,80,79,132,91,104,92,84,129,74,123,109,83,149,103,129
"568386",152,174,134,117,127,160,80,188,72,73,56,148,53,79,82,90,159,78,118,87,83,187,82,127
"105751",154,187,175,120,123,114,116,118,107,105,109,111,80,95,104,84,140,92,78,118,81,124,105,101
"1096868",187,158,160,171,144,180,170,154,181,170,171,138,159,151,138,120,142,129,115,148,155,124,119,103
"1161942",162,187,151,120,160,135,118,123,111,126,129,122,93,101,81,140,130,115,108,139,100,116,110,112
"1486245",159,187,171,126,187,162,62,145,61,66,58,121,50,85,69,79,110,81,142,64,60,165,79,130
"184117",187,180,166,174,155,149,134,152,150,144,155,124,120,111,135,162,119,122,138,119,122,144,133,90
"2560057",186,187,146,162,162,156,110,149,134,136,103,111,101,95,88,126,136,99,121,104,111,134,124,130
"3062782",177,166,187,140,154,157,169,171,148,170,131,139,100,119,110,120,127,128,107,98,133,122,97,91
"2291",158,181,143,186,139,175,104,134,123,102,111,149,100,112,95,124,136,126,123,116,136,128,141,115
"2698672",150,168,186,152,171,165,73,136,81,70,67,147,61,83,72,74,93,57,141,88,76,129,80,146
"2707005",186,155,169,152,124,165,147,122,102,115,98,140,82,111,133,94,132,117,132,125,94,149,102,152
"2895489",186,159,142,157,124,133,101,134,82,96,100,108,69,78,87,84,108,105,92,101,116,110,86,122
"316068",169,174,183,128,164,161,49,161,67,55,43,141,45,57,66,52,80,50,127,49,56,186,60,159
"823",186,176,167,153,180,144,105,141,102,129,102,114,82,99,120,103,139,103,104,105,98,134,117,146
"88190",174,164,173,162,135,186,153,132,138,128,156,179,130,116,110,146,167,154,133,116,89,136,175,140
"1076550",185,185,166,149,155,151,116,140,159,122,118,130,92,120,106,118,143,111,120,109,117,161,116,123
"1217282",185,132,147,113,143,158,72,166,96,65,66,119,50,96,71,70,126,56,117,77,77,111,70,144
"1272",144,165,171,149,185,120,141,129,149,104,132,133,133,134,143,113,117,145,140,140,127,110,116,111
"1397",185,110,126,112,130,119,54,101,71,42,32,98,25,59,56,30,75,50,74,32,56,96,42,47
"1471",185,123,137,141,118,103,57,86,62,65,51,94,44,54,45,38,81,58,95,49,51,105,57,73
"1536771",185,165,162,133,147,166,116,135,130,121,119,148,104,136,98,97,141,135,114,126,108,130,126,114
"1639108",185,156,164,109,129,168,107,125,109,96,83,120,81,90,93,89,104,80,136,98,102,131,92,123
"1704307",185,175,139,138,113,175,76,137,83,72,79,146,74,75,54,81,154,72,131,75,63,152,93,153
"1882918",165,185,137,161,167,171,93,131,90,72,95,147,61,100,110,122,147,126,132,150,103,128,140,152
"2530390",171,173,185,167,154,161,107,135,109,133,110,151,110,126,107,109,129,126,141,129,108,141,141,117
"2605730",185,144,166,150,163,143,160,146,127,126,128,126,107,132,122,119,123,104,115,111,125,130,106,103
"2763667",129,185,118,100,106,136,82,126,102,97,94,105,77,107,84,92,125,80,98,105,80,99,76,95
"2983212",181,154,184,157,176,185,141,163,124,137,124,144,111,130,115,145,140,125,103,125,124,151,120,95
"376805",168,176,171,145,173,160,117,185,106,93,109,136,99,111,103,106,149,110,140,97,108,154,127,152
"82987",164,185,125,148,159,156,105,165,93,120,112,132,91,92,88,119,129,119,113,105,99,124,116,121
"86170",184,185,149,140,155,184,112,144,93,123,142,125,99,95,101,119,160,139,107,109,91,133,151,113
"189425",181,141,177,184,166,168,115,155,125,116,123,134,103,131,109,104,154,101,131,119,120,136,105,117
"192421",181,184,160,133,156,181,105,139,144,131,102,146,84,121,118,100,140,107,117,129,114,141,149,132
"2837504",184,180,137,179,167,165,112,144,111,116,97,126,86,115,114,86,151,119,137,109,123,143,134,126
"29320",173,93,116,109,184,96,101,101,91,80,74,115,77,76,88,64,78,44,132,75,53,110,49,74
"317660",184,121,116,148,121,82,63,175,69,74,59,152,59,70,66,53,70,62,77,46,45,79,61,50
"367188",184,161,155,176,148,170,158,153,138,154,142,150,119,148,131,146,152,102,106,134,103,129,150,127
"55601",148,184,114,173,96,179,79,101,69,99,75,114,72,86,115,87,117,91,83,75,72,92,74,113
"664683",156,184,157,184,130,173,126,168,98,107,106,142,99,112,107,107,143,125,128,112,93,113,105,85
"2478663",115,183,88,61,97,129,40,110,39,27,33,77,30,33,39,41,44,24,88,25,34,67,39,91
"2479392",183,164,151,128,181,175,128,171,113,134,134,133,116,112,123,98,120,83,151,103,111,161,128,144
"291645",153,125,135,95,135,183,60,138,63,62,40,99,63,65,57,71,91,69,107,87,73,118,82,118
"2996035",183,156,158,122,153,154,62,125,42,59,58,95,35,65,50,53,101,53,138,74,56,134,64,126
"1032",182,170,143,128,151,135,118,141,107,115,133,158,97,134,91,131,102,96,100,119,89,125,108,101
"1179672",132,182,136,146,137,147,32,115,39,41,40,89,34,42,61,45,82,30,124,52,63,148,46,127
"1712410",182,151,135,121,105,137,91,115,92,110,79,132,88,102,86,99,111,97,75,105,70,105,117,107
"2183896",182,153,154,151,141,123,41,125,59,62,40,96,41,56,74,45,69,45,91,46,58,133,65,121
"2599305",168,159,177,169,182,164,111,168,124,101,129,138,92,118,115,94,138,113,135,119,119,157,106,128
"311181",158,182,148,103,131,125,113,111,122,97,100,114,76,125,90,92,106,97,103,99,97,140,122,100
"36739",155,182,177,161,152,173,151,126,118,128,122,96,129,116,130,154,108,122,100,137,118,129,121,121
"468",182,154,151,157,151,152,111,132,124,112,115,131,96,128,118,107,138,97,126,113,93,121,105,106
"79883",182,108,150,99,124,103,82,106,95,77,81,138,57,78,65,42,88,77,104,64,70,117,98,92
"919",141,182,148,115,114,144,128,133,106,93,79,142,91,100,91,98,154,99,92,101,108,110,120,108
"935222",152,182,141,153,113,109,51,111,59,67,35,108,37,37,64,43,64,39,110,45,55,140,55,112
"131111",178,175,147,156,170,181,123,161,136,147,115,145,93,155,97,152,162,145,137,158,113,104,145,127
"1471400",172,142,139,145,181,149,125,127,106,114,138,123,122,125,114,123,136,101,118,104,95,126,127,115
"2614693",160,181,131,141,120,151,97,162,96,133,98,109,87,129,110,98,124,111,104,101,98,136,105,118
"2836181",50,10,181,7,39,16,0,3,2,1,0,17,1,3,3,9,7,2,10,4,9,9,1,27
"2980554",149,176,170,123,181,156,76,144,74,70,74,123,48,74,77,82,130,59,163,66,80,128,91,104
"3057115",181,176,169,172,176,179,171,146,162,136,155,104,143,140,124,116,129,95,143,148,130,144,113,113
"324767",181,140,129,148,169,155,102,156,107,111,128,119,93,98,93,103,116,91,117,93,92,119,94,90
"53419",181,174,135,163,135,156,93,154,122,100,113,154,100,93,102,99,117,109,107,122,109,135,131,125
"54736",155,181,169,148,150,174,83,160,111,108,120,164,100,106,121,89,123,99,147,127,111,131,104,130
"585425",176,162,142,145,181,164,152,161,145,128,130,176,120,116,103,140,144,129,125,159,129,159,155,121
"1408191",180,139,147,140,152,157,116,146,132,117,120,134,114,140,120,116,111,116,101,112,122,146,127,100
"158481",180,156,151,156,131,166,105,141,85,98,90,145,82,126,114,103,128,138,109,101,120,139,124,108
"191412",129,180,133,151,158,174,94,134,109,103,112,124,101,117,84,116,137,109,89,124,101,101,108,120
"2100422",165,180,134,120,111,122,72,126,99,84,90,89,99,72,98,77,98,90,112,80,79,116,95,112
"28129",179,180,155,142,167,159,94,171,103,105,98,141,102,114,87,109,151,109,124,114,112,137,106,131
"2839024",180,142,131,142,161,135,114,126,94,102,93,114,89,89,89,90,150,86,121,91,73,133,105,99
"320787",180,165,165,106,178,155,72,137,58,57,52,125,40,76,84,61,91,51,159,57,58,140,101,127
"550984",173,160,161,179,146,180,131,138,103,119,94,135,93,109,108,91,133,104,139,103,88,135,131,122
"1117645",169,168,135,110,179,139,60,112,52,44,41,106,31,40,56,50,67,51,113,50,57,135,67,126
"1221500",155,93,179,90,112,71,69,74,50,33,68,83,40,55,50,51,54,39,81,45,41,94,49,74
"1582439",179,147,149,154,103,121,114,118,119,92,111,93,93,106,92,61,110,64,110,58,90,130,80,68
"1727196",141,170,152,179,156,131,99,132,93,110,94,119,81,115,101,94,89,98,108,95,103,126,112,101
"2259638",159,179,151,130,127,145,74,168,83,100,102,148,77,106,83,112,130,107,124,93,106,130,117,115
"2878915",179,155,150,143,140,124,120,153,99,97,92,133,70,87,111,92,132,136,106,101,117,127,90,119
"777",172,179,149,161,136,163,134,153,100,92,118,159,86,82,83,92,147,82,136,112,108,117,117,107
"1307761",178,139,132,127,127,160,87,130,107,101,102,138,72,87,91,85,132,99,109,106,107,123,123,134
"1400866",161,178,144,165,168,173,122,170,148,120,143,161,123,118,122,138,169,142,156,133,120,146,166,133
"1718",178,138,172,149,175,161,121,124,132,111,126,127,134,116,141,107,113,130,111,116,136,128,138,108
"2175622",171,178,178,169,156,168,167,146,134,138,110,129,128,124,133,135,149,119,153,124,125,143,121,134
"2594455",178,167,164,145,164,118,125,143,139,133,114,145,122,110,112,110,111,120,116,123,111,149,90,117
"2893469",157,172,138,115,155,178,105,140,126,122,98,107,115,139,95,136,123,107,122,123,129,139,128,108
"1472",177,100,89,97,102,96,66,83,61,69,68,78,54,51,58,56,75,71,87,61,70,81,85,76
"1685010",123,177,73,60,108,161,36,95,32,36,40,83,31,41,43,37,52,26,70,32,43,74,39,106
"190893",150,150,133,159,154,162,73,177,60,76,69,137,76,66,62,63,84,64,126,63,53,139,70,126
"2231053",177,83,128,110,116,116,59,142,63,63,54,96,37,52,47,55,92,38,109,47,45,118,32,62
"258224",177,145,174,146,116,171,117,160,130,114,105,134,109,115,103,93,100,122,114,101,105,112,106,109
"2864040",127,177,101,82,80,133,39,75,45,38,20,47,26,42,31,25,52,29,73,26,31,56,34,105
"387090",154,177,134,118,150,122,91,139,77,71,64,147,70,82,71,85,101,83,152,71,62,123,96,129
"57495",147,177,135,166,167,115,134,119,156,147,125,125,120,132,105,122,143,138,116,136,124,121,162,111
"178899",145,176,116,138,142,160,125,158,126,110,118,114,102,84,87,101,145,105,109,126,98,143,129,117
"2041044",170,147,137,176,158,154,124,158,125,109,132,143,102,94,91,124,114,114,123,100,129,137,117,144
"2594457",158,126,156,133,176,120,122,132,101,92,127,108,110,80,110,104,116,115,103,100,95,91,122,110
"2665645",155,176,145,149,102,112,27,95,36,54,38,96,39,46,53,41,58,27,112,29,34,130,28,115
"2683272",142,176,101,175,129,159,133,137,122,103,108,104,105,124,93,118,125,107,75,125,94,79,121,80
"2782006",154,176,172,125,174,132,69,149,70,59,59,115,48,70,72,54,103,54,129,41,64,150,53,117
"3058432",176,144,171,123,130,157,49,150,53,65,64,107,57,85,49,59,128,38,145,49,62,118,64,83
"452",162,166,142,137,176,124,97,146,129,88,103,130,92,104,99,95,125,81,138,83,89,128,110,117
"568768",176,144,148,124,159,135,90,130,93,84,111,149,96,80,109,97,119,85,126,104,78,118,90,106
"1165",114,175,88,116,95,143,99,113,127,85,90,107,85,119,85,96,138,135,79,130,63,90,111,104
"1758730",175,111,117,117,110,125,69,117,95,88,71,94,70,77,77,59,79,76,89,58,78,95,74,76
"2489010",135,131,130,135,129,175,104,103,94,70,85,94,96,79,104,72,89,103,102,93,114,116,95,109
"254758",175,138,145,98,127,132,72,106,107,90,103,134,71,104,82,90,94,87,83,90,87,131,104,99
"2746060",157,34,129,65,130,78,29,142,37,28,27,112,34,58,51,27,48,20,175,26,43,161,49,97
"29533",165,171,157,175,175,144,36,122,60,38,46,116,47,63,59,47,85,24,116,42,67,134,73,118
"2966552",173,175,132,133,135,150,126,153,90,100,97,175,71,119,102,125,142,111,139,121,97,140,120,113
"38290",139,175,153,146,145,154,131,124,132,124,118,133,111,123,109,130,121,133,118,133,135,126,142,114
"457083",117,141,108,107,144,175,83,135,81,79,88,104,56,88,58,113,150,131,89,120,82,102,129,125
"104",133,174,160,108,141,134,63,146,76,31,43,125,54,66,56,56,84,54,124,70,58,123,72,118
"1055101",158,144,150,125,174,149,97,117,86,107,95,125,115,110,115,132,110,110,115,103,86,123,106,114
"1094",174,141,120,128,146,130,92,93,85,88,86,122,106,111,81,101,89,75,85,74,78,103,109,80
"2010992",174,143,120,88,99,95,52,88,57,31,33,95,30,55,46,39,57,33,103,37,49,104,42,88
"2546350",76,174,71,79,48,71,47,75,45,49,52,62,36,47,50,63,64,55,71,61,56,79,42,56
"260364",162,174,144,146,147,157,109,141,112,111,126,148,100,98,102,111,129,115,124,91,111,116,117,125
"2715679",119,159,120,121,122,174,87,94,91,68,96,105,88,81,84,89,123,119,107,102,71,118,125,126
"2893885",130,167,174,142,147,145,48,131,42,37,43,113,38,61,56,37,82,37,117,49,57,139,56,145
"2983222",173,174,126,162,174,154,146,122,130,139,127,143,138,128,107,113,150,132,112,134,111,145,133,111
"3002643",160,174,132,134,164,155,132,170,101,94,109,152,86,112,101,122,134,118,123,120,108,153,132,123
"3019932",174,141,117,124,156,157,87,151,74,86,87,125,83,100,86,83,129,107,126,82,91,103,72,151
"556054",174,130,110,118,132,129,91,125,75,89,64,97,86,79,92,82,130,85,123,91,80,95,86,94
"576611",174,117,92,114,98,100,72,115,82,63,68,92,57,60,51,63,91,54,88,60,63,106,72,67
"670486",174,150,151,148,119,166,111,130,107,119,133,129,110,98,103,113,160,105,68,105,115,110,135,130
"933262",125,174,122,115,125,145,135,116,85,111,111,108,79,96,106,91,139,87,110,118,106,132,115,78
"199",150,164,150,125,131,173,116,150,99,131,96,144,75,100,122,93,121,89,124,104,129,117,94,110
"2081477",173,139,168,119,166,170,78,102,81,82,68,98,67,80,83,93,93,79,118,72,89,88,67,152
"2859001",169,115,144,126,152,148,89,173,115,68,83,128,64,70,90,92,130,102,138,123,82,113,106,110
"3009078",165,149,144,136,144,173,99,156,86,88,101,146,92,88,106,117,135,78,102,83,88,121,120,123
"3042028",173,81,110,87,97,53,49,53,58,53,50,66,30,45,57,52,74,56,83,56,51,96,57,49
"3052091",173,76,80,102,71,96,42,56,42,49,55,66,26,34,37,52,57,45,88,57,28,84,40,60
"161154",172,163,161,151,137,156,147,133,144,134,112,153,106,113,113,119,138,134,122,128,86,94,122,95
"1913578",153,121,126,150,172,129,85,148,58,74,72,128,68,60,63,67,85,71,141,79,60,128,65,101
"194",172,143,142,133,169,162,114,146,90,101,109,123,75,110,91,90,123,102,142,120,80,126,99,110
"2282124",105,88,131,91,163,137,66,98,82,57,71,89,48,59,74,60,62,46,114,47,76,76,67,172
"264697",172,81,101,72,89,83,59,85,57,65,49,79,40,54,58,37,64,54,67,50,41,78,66,49
"266805",165,172,144,116,141,145,107,137,90,111,98,140,99,100,94,110,112,85,100,91,94,121,87,93
"2742624",172,140,121,134,131,151,93,138,100,67,84,128,100,93,106,93,121,88,98,103,75,134,95,120
"2742676",151,172,97,135,129,155,100,119,108,98,85,123,88,88,122,90,103,95,130,113,107,122,130,109
"2814293",161,172,129,132,133,145,91,135,86,92,81,109,82,100,95,99,121,87,122,93,88,110,83,129
"29330",158,172,139,131,129,161,114,116,130,136,115,122,114,102,89,100,158,116,96,118,119,99,147,118
"3027472",136,172,162,114,138,122,102,161,92,94,100,97,87,94,110,97,114,107,116,99,92,104,97,103
"323284",172,151,147,142,138,112,81,108,91,96,77,126,68,97,94,106,89,73,97,92,81,81,95,103
"1005665",156,170,113,144,164,171,109,136,91,112,107,122,97,107,84,105,133,84,107,94,97,103,100,93
"1442556",144,171,129,147,128,136,115,109,104,120,129,124,98,99,101,105,142,96,99,116,96,97,112,113
"1637831",163,171,130,135,129,140,89,141,99,101,81,123,100,93,105,95,124,103,122,120,102,94,100,103
"3028622",171,128,136,159,125,161,102,143,114,103,110,135,90,110,97,105,125,116,104,103,112,83,96,117
"409",125,159,136,168,90,171,134,139,139,128,142,112,106,99,103,115,114,116,106,126,100,107,124,99
"773",167,171,137,123,122,137,116,116,108,87,78,148,68,77,94,73,141,87,134,94,59,94,73,126
"1536769",170,162,158,147,129,129,121,150,107,99,99,132,85,104,112,108,124,114,130,110,75,111,93,105
"1678728",147,135,160,116,170,147,40,138,75,33,59,113,48,71,53,37,75,38,166,53,58,146,48,110
"189426",170,150,100,99,126,133,95,103,72,84,98,97,74,82,70,84,108,83,95,92,89,118,108,96
"2099387",164,139,127,124,122,170,122,132,116,97,100,134,87,104,94,134,167,161,117,155,105,114,160,146
"2267264",170,166,164,114,154,135,108,111,96,109,82,116,91,82,70,92,134,81,109,88,71,135,80,126
"238",140,170,120,96,105,133,34,139,43,45,46,134,37,40,47,51,73,45,123,45,39,126,65,110
"2492396",126,120,109,94,113,117,68,119,93,80,100,170,67,56,75,90,101,67,133,84,83,94,108,88
"2685834",170,157,115,111,133,167,75,108,58,68,57,143,59,79,68,80,110,77,109,87,81,121,81,114
"376490",144,128,153,121,137,170,96,134,86,88,87,113,113,106,98,105,140,94,137,114,104,126,126,90
"400634",166,144,170,142,159,147,88,121,86,69,84,139,80,75,77,62,123,47,141,83,70,127,87,99
"498374",156,110,117,170,117,87,120,72,105,108,87,76,105,94,90,69,89,58,72,65,89,93,78,65
"114529",143,169,134,126,113,155,104,118,105,107,113,126,103,123,128,109,100,129,95,100,93,132,105,109
"1149953",53,63,47,56,71,41,33,43,41,31,45,34,25,30,36,34,45,37,53,40,40,36,28,169
"1263979",157,169,134,116,121,168,96,135,100,94,95,138,85,97,89,82,102,82,85,95,108,136,110,118
"1612552",162,167,169,140,149,158,137,114,111,130,135,135,133,120,93,117,129,115,124,150,110,110,114,123
"2026240",167,169,136,137,141,123,105,118,85,111,102,109,83,103,73,108,94,110,95,85,88,149,88,105
"2739063",137,157,142,128,169,156,113,119,103,110,101,144,88,99,90,90,145,116,117,104,89,126,88,95
"2810347",169,145,153,150,130,146,93,148,93,95,108,115,72,97,88,108,131,122,120,95,70,120,118,105
"2908210",149,158,169,125,168,137,75,138,65,64,54,126,40,85,88,62,94,61,119,76,78,125,49,109
"481743",154,118,169,106,163,116,92,98,116,88,86,87,67,101,109,97,67,62,138,74,93,139,95,70
"75588",169,130,102,122,152,116,96,101,90,77,84,112,70,79,92,91,121,90,125,95,87,116,100,112
"1150",168,159,128,131,129,135,116,109,87,110,107,124,68,102,79,127,128,130,109,102,82,124,106,114
"1689272",152,155,129,168,160,122,98,118,104,106,100,113,85,104,94,79,116,68,110,96,97,109,103,115
"1763538",168,123,104,89,129,79,71,96,69,58,58,92,53,76,61,48,84,60,82,55,43,81,103,99
"2051",168,140,149,135,130,118,123,140,120,122,123,117,88,97,110,103,135,116,118,87,91,102,92,89
"2706887",158,168,161,123,146,147,76,146,53,54,66,96,56,87,89,51,99,47,125,70,55,114,84,120
"2709784",153,161,168,105,133,111,98,129,93,106,78,81,57,95,99,105,101,92,94,93,80,86,133,89
"2795031",159,156,144,148,160,152,105,168,111,111,131,130,91,106,135,93,91,84,100,120,100,139,104,165
"32207",168,146,155,150,137,164,130,104,128,102,110,99,103,124,108,118,124,96,102,103,115,134,110,100
"616991",162,168,122,110,151,151,53,127,60,47,43,109,60,63,68,44,115,48,123,63,49,122,83,136
"712538",122,168,123,159,121,150,127,109,98,133,95,139,119,105,118,103,114,126,117,111,113,125,162,119
"79880",168,152,146,131,152,163,116,131,112,114,97,142,82,124,92,71,126,96,98,111,95,124,108,123
"1045808",90,87,74,79,85,88,69,70,74,56,74,69,68,73,70,55,50,63,56,69,63,58,65,167
"1175444",137,167,129,112,117,144,116,119,104,116,115,119,102,91,120,115,128,109,111,125,115,103,113,87
"1229909",150,116,152,167,108,91,126,112,131,103,102,82,98,123,112,63,100,59,109,82,95,82,86,66
"2518994",132,167,128,142,139,150,95,121,84,87,90,149,98,91,79,96,139,105,129,120,91,117,119,132
"3073271",167,49,94,87,71,43,23,60,17,27,20,54,15,19,17,22,45,12,52,25,11,30,18,26
"569",167,157,137,115,148,157,84,143,107,94,98,158,85,107,90,100,138,118,117,113,102,112,127,126
"673",167,145,136,127,161,153,94,144,104,133,106,144,89,80,90,108,129,107,110,100,91,110,108,127
"882104",144,167,128,154,136,150,141,120,98,126,107,153,110,88,78,128,129,111,100,120,88,101,106,115
"131318",131,166,148,125,104,122,100,127,106,118,120,136,104,115,85,90,89,107,82,109,94,66,91,89
"1580092",166,100,127,129,85,77,112,81,97,86,87,74,77,74,58,50,107,46,100,51,67,70,81,61
"2355",158,157,154,166,149,121,100,121,91,96,87,140,90,108,96,88,94,115,91,97,92,115,129,101
"2579248",166,121,127,106,133,137,69,125,67,60,59,105,63,73,70,59,85,66,99,76,84,85,69,110
"2585771",160,162,152,82,166,156,55,142,74,47,67,101,38,59,75,51,115,45,134,55,59,134,71,102
"2782629",166,137,142,136,110,130,108,114,79,77,118,105,91,107,72,77,106,94,127,87,87,125,70,108
"2806989",166,139,131,129,122,121,75,103,73,64,74,105,59,76,58,86,107,74,88,95,75,93,76,95
"2986929",166,98,106,99,127,155,53,108,49,56,63,122,60,73,53,46,63,51,111,40,48,82,48,97
"1170562",122,165,141,127,113,141,114,106,90,113,102,113,83,102,86,88,112,98,99,122,93,106,104,101
"1452",165,162,138,141,160,149,103,104,101,97,82,112,72,99,87,94,110,82,110,85,80,132,102,121
"2093823",133,76,127,99,165,88,41,140,38,54,47,97,53,29,37,24,60,24,111,39,49,113,32,81
"2420306",153,165,133,135,117,144,97,121,98,94,87,130,68,85,102,109,107,76,103,100,96,114,94,109
"2759528",104,165,74,72,76,138,34,67,32,25,38,81,27,51,36,43,63,34,96,52,53,93,43,82
"2835869",165,141,126,139,150,153,102,125,104,71,90,106,67,77,101,88,117,102,101,100,92,105,99,106
"90245",165,65,66,111,90,82,54,85,40,61,51,67,33,63,49,52,61,40,63,52,51,84,68,52
"1027273",146,164,127,122,126,117,85,122,98,86,104,115,78,118,101,77,117,84,128,93,78,111,89,98
"1401",143,147,145,147,155,164,107,117,126,113,108,115,100,112,115,83,117,117,119,96,101,131,104,118
"1442554",160,117,134,164,137,144,116,140,103,88,117,141,109,103,119,114,130,116,98,96,112,102,128,107
"1617283",164,120,150,108,121,82,23,107,27,22,18,66,28,39,38,21,41,17,129,23,35,124,43,54
"2576903",93,160,80,109,105,164,93,117,105,92,86,86,70,117,61,113,107,133,79,125,69,98,137,116
"28449",164,157,129,118,159,129,107,156,95,83,94,145,92,119,96,101,98,79,99,88,89,114,91,112
"674",150,164,130,127,152,160,105,127,108,93,80,133,65,94,80,85,141,81,114,94,96,107,81,106
"1416779",129,99,142,57,94,130,28,84,36,31,24,82,19,37,44,17,48,32,100,24,58,163,51,68
"1702043",156,163,146,122,163,157,123,117,111,145,128,153,104,145,119,128,129,123,105,114,137,143,120,105
"2908842",132,158,136,115,134,163,54,123,78,60,64,117,49,71,63,69,96,62,124,76,75,124,76,111
"386490",163,101,120,128,123,106,111,121,121,106,128,91,108,102,107,53,82,70,100,78,82,142,87,97
"43948",163,146,100,118,117,132,89,127,104,80,73,104,88,80,84,80,115,71,115,107,86,117,104,107
"630",163,147,154,149,135,155,123,146,82,109,93,124,89,104,100,125,122,122,110,109,109,129,97,123
"714",163,150,115,117,134,123,60,103,66,80,69,94,64,70,81,71,101,78,103,85,81,89,86,95
"820",163,161,111,116,133,137,75,107,71,62,86,126,60,74,71,65,102,76,91,64,69,130,91,74
"1033846",152,155,149,147,157,151,97,162,98,93,106,119,123,87,122,97,121,100,106,114,106,135,100,99
"172713",162,157,119,125,113,128,87,141,73,78,116,128,70,93,79,85,128,81,102,101,68,103,102,117
"206379",103,61,123,162,148,53,146,64,147,117,127,81,141,114,76,44,34,37,90,60,98,72,35,40
"2597702",139,162,117,133,135,141,104,132,83,73,107,94,100,85,87,78,108,66,112,92,103,120,88,89
"2662448",144,162,122,116,137,114,97,110,113,99,84,160,77,74,87,89,99,60,132,95,95,118,81,118
"2866278",156,158,162,134,122,138,99,128,87,105,103,118,66,120,93,111,104,124,126,100,77,129,113,100
"307249",150,156,132,162,152,122,100,116,94,125,104,132,83,95,106,89,130,92,119,124,102,121,105,99
"3073092",137,162,116,134,128,137,70,113,86,86,64,118,88,72,89,94,117,80,97,80,71,114,87,115
"413503",132,159,146,133,105,137,115,133,107,86,109,162,106,110,119,95,119,88,116,93,114,106,103,124
"1188228",136,142,92,116,128,161,102,118,93,89,101,141,81,98,80,108,152,122,118,106,100,125,116,114
"2306165",161,116,136,118,136,134,115,108,114,113,121,101,110,86,100,91,115,110,108,94,94,103,87,82
"2792013",114,134,108,116,161,112,98,123,117,97,104,108,87,78,112,88,109,95,72,95,86,90,77,66
"2846393",161,1,4,5,2,2,0,3,0,0,0,15,3,1,1,0,3,3,14,1,1,1,1,2
"2908843",161,147,152,131,155,121,67,117,72,71,69,121,58,92,72,66,112,74,142,91,75,118,83,126
"3031997",161,148,152,140,138,93,33,123,34,46,33,97,24,66,55,40,75,26,113,30,50,139,34,94
"3032582",161,152,116,113,146,104,76,116,79,106,102,150,81,91,106,71,114,94,106,116,105,95,102,111
"45668",140,161,130,108,141,123,100,111,105,90,100,126,88,96,83,79,106,72,91,77,86,100,95,112
"76885",104,161,94,99,99,133,128,88,108,125,108,60,85,83,75,98,110,98,74,135,85,51,92,81
"1807790",39,38,44,50,57,50,56,41,36,31,35,51,26,43,32,29,45,25,17,33,27,33,30,160
"246",142,160,82,58,109,115,29,80,39,22,20,54,18,23,41,20,59,23,68,26,30,74,45,77
"2494375",152,146,154,84,160,123,71,90,64,60,57,128,27,66,55,52,101,75,117,83,61,126,117,101
"2597518",157,160,133,133,135,143,121,139,98,68,104,117,77,94,112,96,113,107,146,71,97,115,98,104
"2879114",160,131,116,105,123,95,74,119,77,82,87,107,61,69,97,80,87,70,112,80,105,87,77,89
"2950245",160,105,116,109,110,122,76,116,57,87,72,113,77,84,113,80,99,86,97,74,71,96,89,83
"2955313",130,128,160,120,138,120,115,136,103,98,144,103,76,109,87,101,119,113,95,99,85,104,86,86
"3034146",160,106,142,102,131,105,26,102,36,22,22,75,24,40,45,30,44,28,80,30,33,104,44,104
"46506",156,158,149,134,148,160,82,144,95,61,80,146,55,94,78,91,96,69,140,78,103,120,83,143
"70799",121,160,120,120,109,153,99,128,96,87,85,127,67,86,72,101,100,118,83,125,84,97,140,127
"111769",159,126,125,129,106,121,98,117,80,107,85,116,87,69,81,83,102,96,109,102,109,118,85,101
"146786",154,159,119,144,130,148,118,158,103,119,107,117,99,109,81,136,129,120,100,132,86,132,131,101
"1852377",149,144,151,159,143,149,128,159,117,117,139,132,117,121,100,120,109,108,93,86,104,137,104,116
"204",159,131,125,108,136,125,96,128,96,83,93,90,89,95,84,86,121,103,98,112,78,113,81,101
"2072409",122,118,106,120,159,156,80,130,76,83,82,111,71,94,95,81,82,66,99,97,64,104,54,104
"2782609",121,159,135,91,122,120,79,92,107,98,96,111,72,105,87,88,94,96,87,79,96,96,79,94
"2871493",159,131,94,100,103,112,45,83,63,53,75,129,55,64,57,99,70,77,101,75,79,94,76,85
"63186",137,159,125,107,134,150,79,135,69,65,65,110,52,62,56,59,94,50,127,68,88,111,75,104
"914153",159,138,139,138,129,118,101,132,109,87,121,131,73,99,101,72,121,100,119,89,88,109,109,100
"1274359",149,140,158,145,120,126,82,136,112,97,90,101,97,81,88,103,116,108,125,102,82,132,120,95
"153265",158,128,128,127,117,132,53,92,74,49,61,109,49,62,60,62,103,38,109,62,74,114,74,96
"1846278",128,130,121,158,76,91,123,104,84,126,118,81,73,101,87,73,118,73,96,65,92,70,66,76
"1898749",158,117,146,146,103,91,108,111,136,82,102,102,84,101,119,74,100,59,122,88,114,109,73,77
"213118",158,143,131,153,130,134,100,111,99,80,109,146,93,101,80,108,143,109,107,119,81,121,118,122
"2516557",130,149,136,100,151,158,49,117,58,45,49,107,22,48,44,43,88,47,144,51,52,116,39,104
"516051",130,156,118,122,158,154,78,132,66,63,61,104,64,97,68,61,93,62,106,66,72,148,65,114
"69221",143,125,141,143,126,149,78,158,94,84,82,107,70,90,70,99,111,98,123,98,87,99,88,84
"693075",158,126,106,132,115,139,83,120,84,92,70,102,83,87,77,63,116,82,104,83,77,96,119,67
"82995",154,144,144,100,158,129,81,124,80,72,80,117,73,100,79,88,101,108,106,109,92,118,92,105
"1055104",128,157,136,133,117,156,90,115,96,92,133,123,70,101,94,94,104,115,125,99,106,110,125,86
"152268",157,123,107,115,93,71,27,108,34,36,37,93,26,24,39,16,83,29,74,25,28,78,30,55
"2161677",135,157,121,111,117,134,103,107,84,106,77,104,80,80,97,100,110,84,111,85,82,95,98,106
"253237",157,126,103,90,88,92,65,112,68,67,85,73,52,60,86,64,78,59,97,60,63,90,58,86
"2546366",135,155,93,114,130,157,100,125,90,73,78,124,84,83,59,92,98,98,86,115,83,93,97,116
"2594461",105,118,143,92,112,157,56,73,49,48,45,120,46,62,66,58,89,35,98,43,72,91,40,56
"2705548",157,137,128,125,122,126,122,106,74,96,94,104,82,94,89,82,111,82,124,69,92,98,80,95
"28031",157,67,75,107,77,70,39,58,37,52,45,79,32,56,46,36,69,29,66,41,33,73,49,73
"2881428",147,157,134,104,151,154,118,150,109,115,117,131,106,104,123,98,127,104,97,106,81,121,119,128
"2907623",157,153,133,111,130,138,27,124,46,27,37,91,24,55,42,50,71,20,116,39,43,127,49,97
"2950541",144,146,157,127,143,129,117,136,123,121,96,100,86,106,87,106,124,92,104,105,97,97,104,95
"767892",157,135,108,136,121,126,88,119,91,90,99,102,89,75,72,89,95,109,114,72,84,99,115,107
"98228",152,132,120,127,157,131,98,132,99,87,101,124,95,97,110,65,114,92,96,81,109,129,110,84
"1006",135,148,156,98,155,139,53,125,56,44,57,114,42,47,46,49,74,38,135,42,62,148,63,103
"1042156",134,128,122,122,153,156,118,104,84,97,99,128,81,82,75,84,110,85,89,106,78,106,108,82
"1279031",144,65,64,57,156,58,46,76,28,43,36,59,30,20,39,52,44,35,68,31,57,53,41,41
"1306993",142,144,131,123,133,156,102,114,96,77,105,122,82,104,81,88,114,92,112,78,98,89,90,90
"1426",156,156,130,102,111,140,80,123,92,80,75,109,81,78,92,77,93,86,130,89,64,112,102,81
"1702221",147,156,153,125,147,122,119,125,113,118,97,143,96,114,89,84,128,99,109,126,101,116,134,114
"1725232",139,136,120,119,112,156,99,125,97,93,80,120,80,96,85,107,125,109,88,101,74,100,103,98
"1796646",155,142,134,128,114,156,95,132,108,83,94,120,91,90,74,111,143,89,127,78,99,125,122,108
"1922217",156,138,153,133,139,146,94,148,115,67,74,140,59,78,80,80,89,84,101,73,77,128,77,121
"209",126,156,132,125,89,115,108,93,84,80,100,153,63,73,106,71,132,80,92,81,104,122,94,114
"2773294",125,156,125,120,133,127,97,119,94,93,105,133,70,105,106,70,118,116,95,92,88,132,104,96
"28111",123,124,156,100,139,136,70,97,75,72,64,91,56,53,79,63,78,59,106,58,62,123,82,97
"34037",156,137,104,113,143,144,92,146,87,86,105,112,86,88,80,88,114,93,126,83,80,87,93,87
"511745",94,156,80,101,102,97,65,68,37,69,76,92,52,55,39,43,105,55,85,57,67,83,66,76
"1295392",155,129,110,110,109,123,89,103,74,80,120,99,60,95,84,82,92,86,115,98,87,118,97,86
"1338368",154,155,126,129,112,144,80,139,91,94,96,129,90,77,61,77,109,62,115,102,64,91,112,109
"1455",155,101,113,80,95,91,67,84,92,74,62,101,76,86,66,57,86,57,77,79,71,89,67,65
"1470066",155,90,102,133,95,77,92,86,101,88,94,72,60,91,71,49,63,59,90,50,68,100,62,52
"206662",138,147,140,116,121,132,114,155,124,118,103,115,145,111,110,122,121,115,116,116,108,112,112,97
"2080757",131,138,155,134,137,144,98,146,96,100,105,142,112,107,105,89,111,112,103,91,102,118,127,111
"269673",111,155,103,108,135,136,99,126,112,100,80,124,102,92,69,81,86,67,90,93,117,121,103,103
"2806443",27,12,104,16,155,15,16,10,63,12,10,13,8,48,56,7,15,9,59,10,58,106,10,12
"29486",155,142,90,122,120,102,99,110,92,82,95,116,67,74,56,76,106,86,91,75,77,108,100,96
"453816",150,93,83,134,107,106,55,118,44,41,56,98,43,51,41,29,59,35,155,40,56,93,40,58
"1008",133,154,125,107,117,114,83,106,72,86,83,86,38,64,78,70,76,67,97,66,58,110,57,100
"1096",154,152,125,105,135,121,120,105,101,91,109,127,79,93,84,90,118,73,98,96,86,91,120,123
"1590",154,123,99,127,101,123,52,122,46,50,64,116,54,66,67,59,95,60,64,45,61,74,69,100
"195253",150,154,117,120,106,153,111,123,126,108,83,96,81,105,116,114,110,111,138,123,103,101,151,91
"1987356",140,151,154,116,138,115,106,135,101,110,107,112,114,115,110,109,101,84,125,95,96,96,91,77
"2249356",154,80,127,124,116,85,34,90,40,26,22,78,26,44,48,25,56,20,117,28,54,79,46,66
"2778876",152,137,151,130,134,124,83,137,106,79,78,153,78,95,78,75,134,72,154,65,107,102,106,96
"2898076",118,154,84,69,77,144,46,88,42,26,21,70,24,32,46,24,40,29,61,40,30,61,27,73
"2908645",116,154,99,125,124,116,59,127,45,62,52,90,50,56,41,54,101,54,87,47,62,100,64,91
"2980108",139,154,146,150,127,146,121,134,88,103,94,119,109,101,77,102,112,104,132,93,81,108,93,113
"3020906",141,96,154,100,129,115,114,98,107,113,105,116,89,106,89,103,111,80,97,107,110,99,113,93
"3038925",152,114,106,112,107,154,88,101,89,86,82,88,96,94,75,77,84,77,114,95,100,104,82,85
"52959",154,149,123,105,112,146,39,113,36,42,29,107,39,39,41,26,82,31,106,41,35,123,45,103
"563843",116,150,154,141,98,111,89,106,127,108,117,110,90,104,109,89,118,113,106,101,105,120,104,105
"1416627",153,113,148,96,107,111,94,99,94,70,71,117,68,73,86,77,96,70,108,102,79,114,82,74
"1871076",121,153,125,112,136,121,41,87,41,54,49,100,38,52,48,56,79,21,111,63,59,113,70,84
"2126319",153,83,91,83,113,71,49,130,33,35,46,90,40,46,40,44,57,53,104,46,43,65,50,60
"253245",133,135,130,114,153,117,49,152,64,41,39,131,23,65,49,66,82,49,129,57,61,116,55,119
"2576839",153,54,131,96,141,54,49,75,48,32,30,91,34,32,55,22,51,26,100,29,34,80,26,54
"2746225",101,140,112,153,77,85,26,81,27,33,31,90,22,27,47,20,50,27,96,24,31,125,34,89
"545",153,120,139,110,139,103,85,105,65,79,72,84,78,92,66,84,89,89,94,83,74,95,96,110
"1232427",152,121,133,109,131,148,110,116,108,123,105,125,125,92,102,73,103,111,91,98,86,127,86,87
"17",152,108,119,125,127,123,74,112,86,51,70,121,61,94,83,64,107,81,106,61,66,100,71,84
"1730",118,127,98,113,98,152,96,126,98,94,103,119,87,98,85,85,111,80,100,79,93,87,92,88
"2316383",112,152,137,134,133,146,111,94,90,96,82,121,74,96,98,94,106,122,86,101,94,112,99,102
"2745509",149,130,152,104,128,110,90,90,74,81,76,92,75,73,78,70,77,78,97,71,84,100,91,72
"2893884",152,118,143,137,136,96,36,124,43,45,28,68,31,48,53,39,62,35,120,24,66,124,30,93
"289435",119,152,114,121,134,148,87,111,107,85,96,132,106,90,76,103,113,82,112,132,99,105,111,87
"2933872",152,90,108,85,131,64,51,69,51,41,36,71,34,44,29,44,57,39,86,35,35,91,42,53
"2994319",152,132,113,118,144,98,46,98,51,36,38,86,32,50,66,50,76,46,105,47,58,137,44,95
"82977",143,152,122,124,132,133,80,109,79,100,66,138,89,83,87,100,103,88,97,93,114,89,88,99
"1307",151,134,115,118,127,138,104,107,72,84,90,126,71,90,87,96,108,69,88,91,76,107,86,113
"150829",151,124,135,138,149,151,96,144,105,94,105,125,104,103,89,109,129,112,78,121,90,134,138,104
"1755682",11,10,151,10,18,5,7,10,9,2,3,9,9,14,11,7,7,2,47,3,10,52,6,9
"1776384",147,151,104,107,114,114,93,111,92,98,95,108,89,71,87,87,99,74,91,81,94,98,106,90
"2072408",105,124,139,88,151,106,80,97,62,85,55,67,62,73,72,63,58,53,101,60,79,95,77,81
"2528037",143,151,142,96,127,130,102,80,106,101,99,125,61,83,106,102,97,91,111,88,101,131,119,89
"2785918",151,133,126,122,117,117,101,115,93,87,97,101,64,75,86,88,107,67,101,77,67,89,83,101
"2865840",140,151,121,132,133,115,62,124,75,89,75,136,66,63,80,76,109,82,106,72,88,119,104,85
"34090",151,148,129,130,118,147,106,122,74,102,103,114,86,75,93,93,123,87,121,97,88,127,103,102
"38293",151,126,99,109,106,145,81,106,85,72,66,126,84,77,66,47,85,67,102,83,63,100,62,77
"66228",151,135,144,110,116,107,128,108,94,116,101,107,90,107,113,105,127,110,108,105,92,106,95,95
"84406",151,117,119,116,147,121,57,126,100,62,51,116,46,75,95,52,84,61,119,69,75,123,70,65
"1017270",150,131,140,99,129,131,64,86,64,77,76,113,51,68,59,61,100,57,81,87,83,92,83,99
"1164",138,150,82,100,124,132,89,109,92,85,81,80,51,87,66,83,117,113,87,119,75,122,109,105
"1597",150,136,107,136,127,142,96,105,92,108,107,124,64,71,96,82,123,91,113,89,82,93,98,90
"1620392",148,149,125,115,150,136,93,114,112,73,91,124,55,84,99,72,88,77,134,81,105,122,89,99
"1705566",150,149,97,133,106,113,75,109,61,52,63,93,53,81,68,63,89,54,99,78,61,87,67,75
"2758037",111,150,105,91,94,116,70,101,64,42,41,88,41,68,64,36,78,39,101,53,61,89,75,89
"2854186",144,142,116,150,141,144,102,110,101,96,94,104,73,107,73,90,128,99,87,89,87,108,114,96
"32064",113,124,78,108,91,123,97,101,108,99,86,102,92,86,72,88,150,96,80,101,76,77,107,81
"1761453",149,139,134,72,134,129,35,124,43,30,40,94,26,57,52,28,72,52,116,51,56,115,50,101
"1963025",133,149,126,148,121,139,98,115,95,102,92,120,105,97,75,90,106,101,94,108,95,91,94,101
"2528593",149,115,102,116,115,128,86,117,88,78,91,98,73,87,92,91,126,93,88,128,99,91,82,115
"2661553",117,149,122,117,107,127,97,122,85,76,73,108,60,99,74,101,138,97,96,98,85,107,79,91
"2662364",149,94,108,90,100,128,40,113,36,30,39,79,30,37,45,30,86,50,72,36,40,123,49,74
"2769351",77,87,52,64,84,61,47,56,39,53,46,45,52,38,27,48,52,39,61,45,40,41,39,149
"278132",126,149,134,118,143,108,117,116,122,98,104,104,99,96,113,92,87,98,100,76,99,109,94,69
"2986424",124,98,116,91,91,95,66,76,54,56,59,69,82,70,59,70,63,60,80,61,83,90,57,149
"62322",135,149,145,124,135,143,105,129,114,82,109,110,98,99,71,79,101,94,92,93,87,120,78,113
"718286",144,87,119,149,98,88,110,111,108,117,78,79,62,86,83,55,102,48,83,54,82,88,75,54
"82654",149,136,112,119,111,127,108,108,88,83,75,99,96,92,52,93,115,104,104,114,70,120,139,111
"848",149,126,127,117,126,146,87,103,74,72,65,90,49,70,68,46,101,56,99,72,66,102,80,72
"1129264",148,133,124,147,94,137,102,117,89,97,83,136,80,79,75,90,134,92,110,81,88,119,103,108
"153493",148,124,80,110,132,122,64,66,75,62,78,86,57,72,57,66,87,59,68,79,69,95,77,90
"2014076",148,105,107,94,131,99,78,83,91,66,73,88,78,96,66,78,89,77,92,76,79,112,70,85
"2779359",148,112,123,83,105,95,47,112,54,38,22,108,40,43,41,48,72,34,98,46,62,114,37,71
"3075222",133,148,119,124,113,99,97,88,85,85,104,113,74,74,72,85,142,75,75,94,105,99,111,85
"314275",124,148,115,98,114,118,77,113,69,69,69,75,53,74,78,73,89,77,106,65,95,106,81,83
"361177",102,144,109,97,148,100,47,109,41,42,61,137,54,68,63,38,85,44,111,56,55,99,62,69
"373687",148,95,105,98,77,103,76,83,69,60,73,106,62,55,79,71,83,65,70,71,51,74,78,80
"45404",134,140,112,116,111,148,89,119,101,60,69,107,73,80,71,61,101,73,80,65,72,92,91,74
"1033922",115,116,134,107,129,118,105,106,104,147,112,104,91,124,99,105,97,78,110,78,88,99,87,115
"1323375",116,147,102,81,98,136,84,89,97,68,60,117,67,91,88,88,95,100,89,88,90,89,94,104
"13373",133,147,103,118,99,119,77,111,93,73,63,97,72,79,78,83,94,67,68,81,70,96,90,70
"1833852",146,146,141,131,133,147,99,121,91,102,85,124,82,94,93,103,126,81,109,123,114,136,116,103
"2039166",147,145,134,104,144,119,66,136,69,84,52,95,58,58,62,62,87,47,108,77,63,116,88,111
"246787",147,139,104,118,115,145,59,126,50,58,66,131,44,50,49,59,87,58,110,37,46,108,62,115
"2691580",132,147,128,112,127,147,90,111,90,75,86,111,70,68,96,99,113,73,114,79,82,109,72,113
"2789425",145,137,129,135,141,147,102,117,127,110,122,138,113,113,114,111,138,97,120,101,122,108,92,111
"2929798",133,147,137,134,105,125,101,110,108,105,119,104,108,115,95,108,113,83,104,94,106,107,110,80
"3060215",147,94,117,83,111,106,34,91,41,54,44,84,34,46,35,33,58,33,95,43,38,107,48,89
"52258",66,12,9,74,25,5,27,147,7,24,14,138,19,6,4,8,17,19,5,11,2,20,11,6
"551989",147,147,131,99,120,96,81,116,84,89,86,109,78,81,90,105,98,91,120,79,66,131,94,66
"879567",147,147,106,105,108,124,83,120,71,74,75,125,65,91,83,83,114,84,82,91,92,103,109,84
"111501",137,139,146,100,109,140,50,106,57,63,71,94,38,68,65,44,75,40,128,54,59,114,45,102
"135616",142,103,146,109,106,130,74,115,90,82,90,120,85,92,82,80,94,83,105,95,77,100,72,111
"1827300",114,91,146,93,123,110,67,114,73,86,93,111,64,62,62,72,71,68,102,81,72,105,80,81
"2027919",146,129,110,136,110,125,125,102,114,100,126,105,86,91,78,90,96,92,114,100,92,134,96,111
"2202721",130,109,113,77,146,120,45,120,73,44,33,108,25,46,46,31,53,39,126,55,43,92,54,85
"2320",112,126,98,98,105,146,111,77,89,115,93,94,96,79,101,88,111,101,80,99,53,89,87,64
"2562285",104,146,102,69,82,100,40,93,38,36,47,98,31,38,55,68,81,43,86,66,31,109,57,90
"2854036",146,135,128,126,133,115,96,118,91,85,67,118,69,74,84,84,92,86,101,76,87,106,104,64
"2897333",146,40,57,61,42,45,26,36,26,20,22,59,12,26,24,18,24,9,58,13,19,43,12,30
"2903536",124,146,135,110,106,111,82,89,111,106,95,113,95,118,105,92,105,92,71,87,97,106,90,106
"504090",122,135,122,97,114,146,88,119,79,80,86,124,82,85,84,71,116,93,112,92,79,121,92,73
"82976",146,145,130,145,110,145,84,108,82,90,67,108,77,95,80,86,117,70,81,106,90,108,111,100
"101385",139,144,118,84,145,134,52,113,53,57,47,121,48,71,46,62,109,55,128,55,49,93,77,109
"1844051",61,48,58,42,63,62,45,47,41,33,38,33,23,47,54,26,30,26,39,49,37,47,22,145
"2572090",114,145,88,80,71,129,92,70,81,109,97,98,64,75,79,112,100,125,64,116,97,87,122,99
"2823902",116,145,138,131,132,140,83,111,74,121,77,112,64,66,52,78,98,74,116,80,75,81,85,87
"28251",145,129,119,94,136,142,56,90,56,60,49,108,44,63,53,63,81,47,105,54,54,99,51,98
"2872157",145,135,134,116,123,130,91,94,98,81,66,88,63,80,79,97,101,96,103,77,89,83,102,93
"2893202",145,116,121,119,137,94,43,101,49,29,21,118,30,41,43,29,66,45,97,32,45,110,57,69
"29495",145,140,122,113,114,142,76,109,94,89,89,106,82,85,66,100,117,92,99,86,71,80,81,101
"296745",134,138,111,130,135,124,120,145,122,104,100,103,67,80,86,82,106,91,97,103,83,96,107,91
"2968831",136,145,123,104,114,140,100,90,108,85,98,93,95,87,90,119,115,67,112,107,81,105,115,104
"31979",145,137,130,116,110,120,92,110,92,94,65,94,66,95,75,76,111,71,95,92,68,114,104,109
"671990",145,124,129,106,99,127,93,114,84,99,97,126,86,114,91,85,91,85,105,88,86,91,92,99
"1353134",144,104,119,95,113,126,66,102,89,66,89,109,62,81,86,76,84,92,59,73,78,104,76,85
"1547283",144,63,100,89,130,63,37,69,36,31,35,68,30,44,24,25,63,27,93,19,24,76,23,52
"1784714",144,123,136,86,135,127,36,120,64,30,40,82,21,41,61,48,66,35,130,56,49,116,51,100
"2594462",138,143,138,126,144,114,99,126,90,85,99,105,81,91,93,84,124,70,131,69,78,119,64,89
"2749808",144,102,129,102,122,89,86,104,56,70,67,81,63,53,66,68,61,67,100,64,57,100,89,62
"2997336",119,144,80,91,114,118,39,97,37,32,28,70,19,41,53,31,43,35,76,43,33,111,40,84
"373994",144,120,109,99,115,131,74,77,96,64,77,78,62,69,50,78,85,79,74,98,53,96,77,93
"430451",144,96,100,85,106,107,52,88,57,54,49,83,52,39,46,31,63,40,98,46,50,86,41,66
"60478",139,144,142,111,131,112,107,130,72,87,93,124,71,88,84,89,121,113,109,108,94,139,111,103
"632773",99,140,114,116,91,144,80,119,64,80,78,108,76,77,80,87,99,70,72,90,64,124,84,102
"1218177",124,136,117,143,139,114,114,105,122,128,120,120,115,117,102,99,108,108,130,89,85,92,97,101
"1675036",143,127,97,92,109,95,84,99,95,92,89,99,65,111,78,80,109,76,81,99,86,94,61,83
"1825023",143,106,103,138,105,74,105,102,91,90,88,106,89,87,73,40,116,61,94,75,76,75,90,67
"2005388",143,104,103,67,111,100,54,84,65,51,68,76,48,58,51,47,71,39,77,39,54,82,49,79
"2264",114,143,106,110,98,98,100,77,106,96,81,92,94,74,84,92,102,84,76,86,86,89,104,71
"241425",82,133,74,85,82,128,114,97,96,104,91,91,64,95,52,101,87,123,67,143,98,85,114,95
"2569541",133,127,125,108,116,143,88,132,94,103,79,102,71,91,95,80,136,74,98,87,63,109,99,87
"2604941",143,115,114,81,111,123,92,115,73,72,55,76,54,69,72,57,86,74,87,72,61,80,66,97
"265488",129,114,143,128,136,133,67,102,96,74,85,106,99,85,78,80,86,76,113,77,66,102,73,106
"2748865",143,100,112,113,103,84,37,125,53,33,45,104,52,43,42,42,60,24,95,46,40,81,44,47
"3029399",143,124,130,139,111,113,121,121,109,125,106,107,96,105,116,108,111,124,77,83,110,102,106,93
"483937",143,133,95,135,139,120,108,106,77,76,85,125,87,89,75,77,72,89,105,88,81,93,96,107
"490759",143,124,90,100,103,123,83,100,73,84,79,81,65,72,75,86,85,79,90,79,76,86,101,84
"65700",143,128,109,99,104,117,89,93,83,93,58,92,44,67,68,78,71,72,92,71,93,109,73,96
"712471",139,143,95,96,119,113,57,108,63,73,69,101,59,61,74,71,70,67,108,91,62,100,100,76
"155977",142,134,110,124,112,127,109,113,103,78,103,134,79,88,94,101,134,76,110,94,105,91,80,97
"1827144",142,140,111,107,99,101,85,87,81,79,61,74,66,84,62,95,111,85,96,96,62,118,92,77
"2487064",99,130,84,73,54,142,29,72,23,26,27,73,31,37,46,26,52,25,79,30,22,55,50,84
"2499157",142,129,136,118,109,118,102,110,95,128,112,105,103,103,100,109,112,100,106,106,90,88,101,93
"2697023",142,101,111,82,129,80,81,92,67,53,69,106,52,78,56,44,76,60,95,66,59,115,54,90
"2731755",142,124,120,112,119,126,83,127,70,75,72,104,59,62,76,76,109,75,89,97,82,98,125,82
"3016339",115,142,133,114,118,113,31,77,32,25,36,111,29,47,44,29,47,25,112,27,40,125,34,63
"35787",119,134,134,137,135,142,111,114,107,129,122,126,120,123,129,123,128,123,124,98,132,125,124,109
"398743",100,138,120,105,142,103,47,112,42,34,43,100,34,68,60,45,64,44,82,30,48,111,52,81
"999",118,142,91,74,115,97,59,99,44,47,36,63,42,39,37,31,62,35,73,39,38,119,50,89
"1751056",106,141,109,84,79,120,37,62,40,30,29,54,25,24,41,34,64,27,107,33,39,78,37,72
"1959104",140,90,111,141,100,84,89,69,99,72,72,74,69,94,76,41,75,47,67,59,56,86,66,40
"219574",141,109,130,123,131,97,98,97,71,94,82,105,67,76,86,67,87,84,101,80,67,93,62,74
"2721545",115,106,97,116,141,117,53,92,41,74,55,97,54,74,60,64,100,78,90,81,48,80,84,55
"2891210",141,122,113,76,119,128,94,110,85,77,84,89,81,65,88,94,98,86,92,77,85,92,95,88
"2954080",137,53,60,40,141,46,28,52,26,20,35,41,23,32,26,28,30,18,43,27,21,59,12,31
"3003259",141,111,107,87,94,73,17,68,33,23,19,42,25,31,40,23,47,27,67,19,22,81,32,54
"3034230",141,129,118,96,115,136,88,112,73,88,83,114,69,98,63,80,86,78,104,72,86,97,82,91
"3073902",121,141,96,102,99,74,73,97,70,79,64,68,55,70,52,70,92,63,78,71,82,88,84,61
"332951",126,141,130,97,87,111,68,99,92,109,99,98,98,71,84,111,115,80,96,90,91,100,108,79
"497725",126,141,121,102,125,131,90,110,81,88,84,106,81,82,85,90,97,93,106,88,78,106,88,72
"669359",124,117,96,119,110,141,78,107,66,69,75,104,70,79,65,62,106,63,70,100,72,82,83,100
"878220",86,141,98,65,106,111,26,72,44,41,33,78,26,29,39,28,63,32,78,37,35,68,29,110
"915",100,91,107,118,141,70,70,85,60,73,81,63,72,56,72,43,68,58,83,45,62,75,55,63
"91604",141,95,101,78,121,133,69,99,67,64,61,80,62,67,55,60,92,58,73,47,59,118,69,79
"1436084",120,140,97,80,90,82,98,85,96,110,66,92,92,106,90,82,97,73,77,75,90,86,74,77
"2478552",81,132,116,119,86,88,33,68,45,26,24,50,14,23,26,25,49,25,105,18,35,140,55,122
"2864102",140,138,109,98,127,106,86,109,91,61,82,100,72,79,57,81,91,63,109,72,71,113,80,106
"2935040",138,120,134,140,118,125,104,95,123,98,108,127,81,122,101,96,107,98,88,95,88,87,96,85
"2998559",135,140,132,104,130,120,77,136,70,90,81,123,80,73,75,76,92,92,121,79,85,109,78,56
"438033",140,140,107,115,106,124,91,124,108,84,80,133,87,96,85,90,94,100,113,73,104,105,82,94
"1107",107,137,91,96,97,139,95,86,94,99,85,104,89,69,82,96,103,90,70,82,82,62,86,87
"139438",121,130,104,132,131,139,108,90,95,110,80,129,83,83,73,88,113,101,99,90,74,84,97,81
"1647413",118,108,85,90,105,139,71,91,97,77,91,90,94,79,70,78,95,75,78,80,66,91,93,85
"200991",129,117,139,122,118,111,75,91,102,77,87,121,58,100,90,69,87,85,87,75,89,85,88,87
"2478464",132,139,136,78,137,116,81,87,88,87,104,110,53,82,95,77,96,90,118,109,84,95,82,105
"2696560",88,139,91,72,124,121,56,73,64,67,39,85,39,57,66,68,83,51,93,54,55,97,85,88
"2715212",100,118,97,99,125,139,39,108,58,43,62,104,55,67,53,67,97,39,94,67,40,97,63,78
"2795724",139,132,114,105,115,130,92,132,90,87,104,80,70,98,73,95,111,79,100,81,93,110,93,88
"2867026",139,131,108,97,111,103,112,109,98,114,96,101,94,111,110,80,103,80,97,88,91,82,81,84
"2949629",117,139,111,117,119,139,106,91,96,104,118,64,103,100,81,87,92,89,100,80,70,92,85,85
"2966586",124,139,117,108,88,102,70,88,64,78,62,77,67,73,79,66,76,70,76,92,51,87,77,94
"2986837",127,139,117,109,108,113,39,90,52,36,26,90,30,49,46,32,68,27,107,46,56,99,44,132
"3019933",139,116,101,107,93,123,76,98,68,91,78,106,69,75,62,79,89,80,100,84,72,69,71,82
"46257",138,139,114,115,119,123,101,124,86,89,85,121,84,81,94,102,119,78,102,109,92,124,92,101
"53409",139,83,98,103,91,98,55,88,58,71,59,81,57,51,46,67,90,51,64,67,56,98,84,81
"2067958",125,138,127,113,108,118,64,102,84,68,70,106,51,86,59,83,81,66,76,75,70,91,81,86
"2496266",133,122,114,118,138,107,93,113,87,90,101,116,72,76,81,81,88,64,90,89,76,84,79,83
"252966",138,136,117,112,119,131,92,101,92,90,76,78,78,71,72,83,110,82,81,87,65,95,87,96
"2704140",138,117,124,124,118,92,32,97,46,26,37,85,35,42,50,40,66,28,97,52,44,105,22,74
"2705471",107,126,117,76,138,121,52,69,50,43,39,88,22,45,37,42,68,38,105,62,43,103,64,85
"28131",120,124,101,107,114,111,79,112,79,63,46,99,67,85,63,74,92,62,117,77,84,138,84,91
"2821559",50,27,138,23,51,26,14,30,17,14,16,25,24,19,9,10,14,12,35,9,15,29,27,19
"2976884",108,138,100,102,97,99,76,103,64,46,57,87,56,37,48,60,74,85,72,52,62,90,82,69
"309806",138,128,110,101,113,108,71,93,63,77,79,104,70,78,88,61,107,70,102,80,64,81,100,107
"39948",138,119,91,104,95,103,96,107,82,80,86,109,63,86,78,81,93,92,70,64,67,71,86,71
"676210",138,46,103,64,100,56,40,37,48,21,40,52,33,29,36,34,51,38,64,36,36,78,36,39
"1017",130,118,124,99,137,113,78,119,70,61,72,91,67,83,74,68,100,80,103,58,56,85,51,108
"1464",137,115,89,109,86,96,76,123,61,59,84,76,56,91,60,70,100,87,78,75,61,74,64,88
"1476754",101,127,115,78,137,111,117,119,125,119,99,93,102,119,119,90,115,125,110,107,109,74,89,72
"1510466",108,83,86,137,68,60,96,73,92,95,80,58,62,80,86,54,73,50,66,58,68,70,47,56
"160386",129,109,137,118,110,103,93,113,101,113,90,90,83,103,69,88,99,95,98,80,80,86,104,93
"2094025",113,107,137,76,127,88,48,84,63,48,40,102,30,54,39,44,57,44,97,43,54,92,46,99
"2507538",111,130,137,85,112,122,57,83,51,67,48,104,53,55,45,41,77,44,97,51,49,106,45,80
"2820280",88,137,104,117,105,114,96,105,88,80,95,82,77,64,75,88,76,65,84,78,86,97,69,86
"2829597",137,111,76,81,89,102,53,98,61,57,58,68,48,49,59,53,84,61,83,63,58,74,76,68
"2862509",137,114,126,113,125,101,47,107,45,40,51,104,25,66,59,37,66,44,101,43,46,108,40,71
"2918516",128,132,114,125,137,116,83,102,82,105,93,125,66,103,86,82,118,74,114,89,64,89,96,91
"2986829",131,137,123,107,121,99,32,75,43,28,32,75,24,45,40,28,52,23,106,19,42,102,41,121
"3025668",110,83,137,114,102,62,44,75,29,18,21,65,25,37,53,27,39,22,105,45,40,119,20,82
"43657",112,137,123,113,100,112,73,122,60,55,44,104,64,67,82,85,92,61,69,90,97,87,81,86
"1104324",131,119,117,125,99,136,113,128,108,105,93,127,94,97,92,103,94,108,112,118,78,86,124,82
"1118202",114,136,114,105,110,125,73,86,64,68,56,98,48,82,85,59,89,60,102,73,79,102,75,98
"1144323",136,93,90,100,95,111,78,104,72,88,74,81,67,69,73,72,78,69,63,72,80,86,63,69
"1383885",136,79,68,73,106,97,35,72,43,48,48,91,33,53,55,46,59,27,93,46,38,95,36,75
"1818004",112,131,124,122,136,121,115,95,100,97,113,97,115,108,87,99,108,94,96,117,101,94,84,93
"187493",130,136,96,106,95,101,69,106,60,89,73,81,46,83,48,68,78,69,87,87,64,96,64,75
"203192",89,136,121,111,77,108,84,126,87,68,55,107,62,83,90,70,115,93,97,85,87,106,118,94
"2592815",121,104,108,108,111,136,70,95,75,94,71,112,98,96,74,75,95,84,86,95,94,104,82,91
"2651972",136,103,71,98,99,97,65,100,53,56,74,93,50,56,66,60,95,79,75,77,70,92,58,78
"28091",118,136,129,121,124,117,75,96,75,77,71,109,72,77,86,91,110,75,130,99,77,122,95,91
"2809708",121,122,136,106,115,110,107,82,100,106,115,94,105,111,105,111,86,105,125,102,87,106,108,92
"3042615",103,136,87,67,84,100,64,80,51,67,60,87,62,53,47,72,73,63,71,75,77,87,56,78
"458033",126,123,117,75,95,136,82,88,72,71,70,87,70,71,72,82,103,99,60,113,79,56,98,74
"999141",136,110,80,100,103,117,68,102,90,62,57,98,48,66,58,65,77,77,94,53,55,101,75,64
"1565",102,116,99,77,81,135,69,94,76,79,72,78,64,60,80,76,130,58,81,81,59,103,80,71
"213849",125,135,127,113,117,119,76,99,93,76,79,101,75,73,72,56,81,74,81,84,49,88,71,87
"228745",135,117,108,100,92,131,84,86,99,98,84,99,101,75,63,99,78,80,63,74,63,82,100,87
"2518971",135,126,124,113,131,112,95,127,77,78,99,101,52,73,82,74,100,59,105,79,69,107,101,106
"2609667",135,106,121,88,123,135,100,101,78,94,116,95,97,112,73,99,78,78,96,96,94,98,103,94
"2761580",127,129,107,91,125,135,42,120,45,47,44,104,35,54,65,48,61,52,121,47,53,114,70,95
"2766537",135,109,84,81,102,122,89,79,63,92,65,79,63,51,64,66,78,72,75,63,99,100,92,90
"282402",135,126,105,100,126,121,111,109,92,97,93,91,93,90,98,113,99,89,99,95,77,103,107,76
"2893886",92,135,94,93,84,69,28,71,31,34,28,47,19,22,34,22,45,24,64,29,34,72,41,87
"2937442",116,135,115,111,107,116,38,89,45,15,31,60,24,47,53,26,57,27,101,32,35,97,29,63
"2949635",116,135,96,70,126,128,47,89,52,40,46,97,32,45,50,44,58,39,84,53,55,83,77,56
"33025",110,135,132,129,105,126,84,121,69,84,74,102,73,68,95,68,107,65,83,74,60,77,81,96
"40576",135,131,117,106,131,115,74,110,79,68,74,101,69,84,75,79,104,73,85,79,74,112,91,100
"55206",131,135,126,116,88,108,117,99,90,88,78,110,85,111,85,65,110,85,97,90,78,92,102,93
"568",125,84,107,91,105,131,75,135,66,78,69,84,73,80,69,70,81,60,71,58,84,79,94,95
"58138",108,135,93,116,100,120,76,88,75,81,81,100,68,63,82,79,98,70,86,84,71,102,85,84
"680",135,132,124,90,121,124,87,121,77,80,81,120,85,100,87,72,91,87,108,77,63,99,100,107
"729",127,135,80,86,95,115,60,86,76,51,58,95,44,64,66,58,73,67,111,61,69,84,62,100
"882626",115,134,96,93,135,106,93,115,81,74,83,93,59,65,62,54,76,67,86,89,87,103,79,80
"889453",135,118,84,105,102,132,46,112,55,38,47,122,36,51,55,63,89,46,101,51,53,81,67,70
"1502",134,116,122,121,91,120,56,108,68,48,62,72,36,74,70,39,82,50,95,62,59,75,50,108
"24",134,113,101,84,94,94,79,105,73,67,66,82,67,74,54,60,79,48,81,76,62,104,53,86
"2829596",101,134,74,72,117,108,57,86,57,72,74,91,51,70,53,78,85,72,78,48,50,106,74,82
"29471",122,130,116,101,103,127,94,109,76,104,62,134,72,91,58,69,112,74,95,72,90,99,75,82
"412593",110,132,129,100,119,134,80,97,70,91,81,121,74,95,67,94,115,88,120,127,65,100,80,95
"44260",134,129,128,111,87,105,85,111,89,86,95,114,92,90,69,88,133,111,97,85,79,122,96,96
"459472",124,118,126,113,98,95,106,96,134,76,75,112,71,89,87,71,92,81,82,69,69,84,85,96
"712",123,134,127,79,100,123,57,99,57,56,68,100,59,50,56,41,90,50,89,72,52,77,56,93
"92172",134,118,111,92,96,104,70,106,80,56,56,89,59,65,78,55,75,61,78,65,82,87,58,67
"1227948",61,69,65,63,133,68,51,78,49,45,41,78,49,49,66,36,58,32,95,46,45,63,33,48
"1241979",106,133,71,83,107,97,43,73,49,42,30,63,28,49,44,42,68,38,82,36,31,82,29,66
"126385",101,108,133,92,106,83,47,114,63,63,66,74,48,60,60,55,73,65,69,65,68,85,46,67
"1353138",112,115,122,113,118,104,81,133,78,69,99,93,91,93,86,86,72,95,103,80,84,98,79,77
"1441095",133,116,119,95,105,80,64,95,66,52,46,74,52,35,62,41,76,48,73,58,52,114,58,60
"1605721",133,119,116,74,95,101,78,118,84,77,81,88,65,84,63,70,86,85,90,88,69,85,100,77
"2201181",104,131,110,96,133,114,25,102,49,29,32,75,21,45,30,28,73,25,94,38,41,83,29,70
"2724191",133,123,95,95,112,122,75,97,68,75,84,103,60,89,81,80,122,81,80,79,51,101,87,85
"2973072",125,133,100,101,86,114,78,96,68,71,76,118,64,59,67,78,97,64,69,83,70,99,101,77
"2976431",74,133,96,86,76,75,49,75,67,64,66,56,34,51,60,49,68,47,54,45,55,78,47,61
"553611",109,133,118,97,123,128,75,119,63,89,76,99,58,57,59,73,81,48,98,79,68,117,73,97
"1230341",132,107,108,99,93,108,65,88,89,88,87,85,59,75,68,91,109,67,73,76,64,90,91,76
"1662285",114,102,132,96,129,86,95,100,91,73,76,104,60,67,96,49,87,63,112,67,78,126,63,85
"169669",132,102,113,129,105,89,75,104,65,44,79,78,64,74,61,64,91,63,83,83,58,82,88,91
"1890302",132,59,72,81,69,105,25,50,51,34,27,51,28,35,20,20,65,53,57,47,27,39,60,70
"1905730",113,132,119,107,109,111,68,112,73,78,83,102,68,83,77,76,97,76,69,66,68,84,69,87
"2487072",132,132,126,98,111,116,59,97,40,50,36,68,39,39,32,37,66,49,88,37,52,75,36,89
"271097",123,130,99,72,77,132,83,82,69,73,74,87,58,72,74,62,99,77,69,84,79,93,83,100
"279359",100,119,132,88,111,112,46,93,32,33,25,70,28,36,31,39,50,40,100,31,44,93,44,68
"28118",121,132,100,87,93,112,51,98,40,46,47,75,25,65,50,40,69,33,105,60,49,84,65,98
"2982691",129,132,103,106,110,128,99,105,76,91,85,81,87,100,100,85,106,100,91,86,74,96,80,94
"338190",132,80,84,102,92,53,90,56,73,64,75,67,69,67,66,29,67,38,62,52,59,73,47,36
"571915",132,94,121,98,102,97,80,101,75,95,87,101,82,82,94,77,84,83,77,78,80,91,77,79
"1130723",122,105,131,90,115,104,35,106,48,33,22,88,30,43,51,41,82,33,83,54,45,69,50,70
"129958",131,106,121,93,116,110,102,113,89,91,102,88,94,92,87,93,110,97,86,63,98,106,114,95
"184755",87,131,95,84,104,111,62,117,61,68,70,87,38,67,60,55,88,66,76,67,70,77,68,68
"2283318",102,131,121,84,104,120,72,109,75,62,57,93,64,69,63,64,86,69,100,86,59,74,87,94
"2801844",116,131,88,121,110,94,85,105,96,111,100,91,78,88,94,100,86,82,101,86,60,80,71,80
"2877527",131,75,95,70,88,84,57,84,63,58,66,65,50,58,64,76,76,57,85,55,79,82,61,75
"29438",131,110,107,74,97,115,77,116,89,71,82,106,73,84,73,66,83,79,73,72,71,86,82,84
"326522",129,122,131,92,92,96,95,120,67,91,71,95,74,76,71,83,100,98,99,60,68,81,72,56
"358766",108,119,100,105,97,131,97,104,71,92,101,101,79,99,76,92,94,81,92,104,83,76,106,114
"47678",131,104,86,100,94,130,39,81,36,38,38,81,20,46,48,44,72,35,84,49,47,95,33,59
"72361",131,122,90,83,85,98,67,86,63,76,54,67,46,65,61,59,70,55,71,80,61,90,80,70
"89373",131,116,124,93,125,103,61,111,55,65,49,121,45,70,62,74,81,72,67,66,76,96,65,99
"133549",130,117,88,123,72,109,109,114,65,78,95,90,91,105,71,70,68,103,93,91,87,83,55,85
"1389011",113,102,99,102,105,130,94,92,92,89,73,108,72,82,92,77,107,87,77,62,79,80,85,84
"1500254",130,101,97,86,122,120,78,104,91,80,70,104,55,77,76,69,83,76,85,79,66,83,87,68
"2054902",83,86,81,72,79,74,66,63,53,64,65,78,58,62,65,40,77,49,72,47,82,56,63,130
"2743000",90,130,94,75,83,101,54,96,61,60,46,88,49,55,53,42,63,71,69,67,42,77,58,64
"2810516",114,130,75,95,83,90,56,74,81,59,73,74,67,71,58,58,70,73,100,71,77,85,64,70
"2853432",123,130,111,83,93,118,87,90,72,89,82,93,60,95,98,86,96,69,75,84,75,98,74,86
"290053",128,103,101,77,88,130,44,93,45,51,68,91,43,66,81,48,81,55,68,57,71,85,47,62
"2929799",96,130,92,47,65,120,26,70,21,28,25,67,17,23,32,32,53,21,70,38,17,91,32,67
"329857",130,119,75,98,111,101,66,116,48,61,70,81,42,58,70,49,90,64,74,69,67,76,59,63
"332410",130,75,80,74,71,64,40,50,52,51,42,88,33,47,41,47,71,49,54,40,48,62,41,62
"580165",130,97,82,69,105,70,32,63,40,54,43,60,29,34,40,28,51,24,68,44,29,82,40,87
"1050624",94,129,121,112,119,123,102,110,93,105,103,106,77,87,92,82,89,96,98,91,90,98,115,124
"2042057",126,113,109,129,120,112,98,116,83,65,85,94,63,78,65,49,105,90,89,73,73,91,86,90
"2433",129,92,114,86,91,107,101,92,73,65,82,91,68,78,83,79,66,77,84,76,80,82,68,82
"2487074",121,123,103,97,129,128,72,104,44,40,64,81,22,51,55,63,76,54,119,58,53,98,52,100
"2507160",129,90,83,80,80,71,50,91,63,66,52,63,39,52,45,51,58,52,64,55,42,74,57,43
"2562449",119,129,95,100,88,98,83,80,72,85,74,99,60,92,83,67,78,64,83,68,57,88,87,95
"2742683",122,129,69,80,92,101,76,62,88,54,58,80,60,80,57,60,85,79,69,81,76,70,82,68
"2814294",129,108,119,104,114,111,68,103,78,65,89,113,62,72,83,77,122,74,105,73,54,83,104,77
"28262",101,129,129,107,88,116,82,94,73,80,63,65,52,75,73,70,92,74,103,78,65,77,92,70
"2879939",110,129,85,39,78,129,32,66,20,32,29,56,18,25,46,36,46,29,66,27,20,71,29,60
"863643",96,126,95,90,129,123,68,77,96,82,87,103,80,94,72,95,88,88,88,93,55,103,112,92
"867076",129,99,56,57,79,84,43,83,48,52,45,61,39,50,37,49,62,49,53,39,41,45,69,51
"1380685",128,110,103,81,106,111,86,78,75,68,68,76,64,78,67,71,87,59,64,83,64,125,84,95
"1603555",122,98,75,128,64,66,92,88,86,83,95,86,68,73,78,50,75,46,57,58,71,70,53,59
"171695",103,128,86,107,108,104,81,74,59,67,63,81,70,58,72,78,126,66,79,93,60,103,77,59
"1729720",113,107,126,83,128,115,32,89,61,38,35,80,29,41,50,36,79,35,78,30,45,78,51,83
"2745514",128,109,123,106,101,108,80,109,78,86,79,76,75,92,68,95,104,82,99,81,82,87,86,86
"2814275",100,128,94,118,108,104,63,103,72,78,91,88,79,73,84,73,98,93,69,73,65,89,78,77
"2879116",116,95,96,84,128,127,68,100,73,55,58,97,64,67,86,65,62,67,93,63,58,99,68,85
"33035",125,127,80,94,119,128,82,104,75,63,74,122,80,62,71,54,96,76,98,63,58,94,107,83
"34085",110,118,128,100,105,112,54,99,56,47,47,72,35,60,51,49,73,30,103,55,56,81,53,94
"374981",91,128,83,93,105,93,83,87,77,62,82,96,57,76,69,72,89,70,89,93,59,81,102,79
"46507",104,104,102,89,68,98,56,73,75,52,48,72,39,57,58,65,87,77,82,59,66,128,80,74
"497",115,128,108,108,114,88,53,106,63,60,57,102,78,72,65,48,77,66,115,56,67,101,74,82
"57487",76,128,65,86,72,78,61,96,70,58,65,70,59,72,45,51,88,63,60,63,39,52,66,67
"1019",100,127,102,105,90,123,48,85,38,45,30,98,31,34,49,40,88,45,61,43,53,85,48,89
"1795053",127,95,127,100,112,103,107,109,120,88,83,97,67,84,83,69,76,66,94,82,102,75,58,73
"2299",105,119,97,125,112,123,104,87,76,82,90,100,77,78,76,92,116,95,89,91,86,92,127,77
"2676309",96,80,96,84,78,95,75,66,84,87,71,79,65,74,78,89,127,60,67,57,82,70,77,51
"408139",115,127,91,84,93,107,71,114,95,86,78,90,64,77,62,78,82,84,94,84,74,99,104,76
"411153",118,112,127,97,109,125,55,98,58,40,58,95,39,40,50,34,63,35,96,41,49,94,64,101
"674529",121,98,90,76,96,127,52,107,45,52,32,105,45,71,64,61,67,50,89,43,56,95,60,105
"712036",127,111,111,84,76,87,61,109,70,62,61,76,48,72,62,66,68,67,75,81,71,80,68,81
"1331736",73,86,115,90,105,94,93,83,126,99,96,70,84,100,112,93,92,75,57,87,106,76,70,64
"1353976",49,61,79,38,76,49,30,40,66,23,31,54,31,53,50,22,42,25,38,27,53,126,45,49
"208224",126,89,75,92,90,86,49,105,51,71,71,83,62,69,52,66,80,50,68,60,40,85,66,84
"2107709",99,124,109,103,126,96,79,72,104,85,84,97,75,64,70,94,78,77,94,74,80,82,85,90
"218284",105,126,101,66,72,76,47,79,69,47,45,57,34,59,61,41,56,37,59,35,51,68,51,63
"28113",106,100,93,93,126,115,49,88,69,54,41,102,46,52,51,58,89,51,107,61,62,80,56,69
"2819999",113,104,100,99,78,121,81,126,68,58,69,66,53,54,64,67,93,65,77,67,60,92,77,89
"2821536",124,117,85,93,106,107,92,107,90,105,79,109,88,79,85,126,101,121,69,90,78,78,92,80
"2836086",126,0,15,16,15,0,0,33,0,0,1,15,0,0,0,0,2,0,34,0,0,13,0,0
"2849039",93,114,109,123,74,126,62,88,77,87,70,73,75,72,65,77,113,73,59,82,58,64,87,72
"2886044",59,34,77,26,52,49,25,34,39,32,31,34,30,23,26,32,33,21,27,32,30,45,28,126
"2917990",107,123,113,117,105,95,117,118,126,106,114,91,100,93,121,85,80,103,83,105,109,97,46,99
"2976127",98,126,81,88,91,84,41,78,38,35,23,85,25,38,53,38,56,41,88,33,41,71,40,81
"3024242",126,93,78,64,105,78,46,72,28,41,44,59,33,32,35,42,41,33,57,12,37,60,31,68
"387661",89,116,94,88,126,101,57,92,55,50,56,109,45,58,53,48,90,48,90,58,61,71,59,93
"396015",107,108,120,118,126,96,89,115,112,76,98,111,72,108,61,96,87,77,96,72,73,85,78,77
"45656",77,126,107,92,104,121,74,98,44,59,80,90,58,72,51,73,117,65,106,67,56,91,86,100
"47715",126,121,101,102,95,104,67,74,95,74,75,117,55,71,76,95,100,68,92,71,69,84,77,86
"587",103,123,109,93,111,124,66,112,60,53,65,112,41,82,65,61,75,58,75,52,67,70,85,126
"880",122,115,123,90,126,105,56,106,74,77,66,103,67,68,74,59,99,79,89,84,57,88,86,70
"981385",109,75,79,73,84,109,54,65,55,62,56,61,56,57,60,50,126,53,58,56,56,76,78,73
"1697",121,125,124,118,116,103,83,109,76,106,102,92,61,84,84,66,85,81,92,93,79,94,71,82
"1717717",122,116,111,90,88,125,44,116,47,45,34,89,40,44,45,49,108,31,102,54,58,91,32,100
"1840293",125,44,43,61,61,30,26,69,33,26,36,40,19,26,24,25,27,37,33,25,23,33,27,41
"1871025",125,120,111,88,114,105,105,101,100,69,80,112,87,102,84,109,99,105,101,85,77,87,90,115
"3032586",122,89,115,88,124,109,40,125,50,39,31,96,22,46,52,37,77,31,76,40,41,81,41,85
"380393",90,99,65,96,125,97,67,111,74,69,93,71,66,62,57,59,73,57,79,61,64,68,65,64
"38875",116,88,125,59,118,70,38,68,58,32,28,62,24,42,55,30,69,43,99,42,40,95,38,46
"485",114,100,113,70,108,125,60,92,109,80,82,73,74,84,99,81,94,103,97,99,81,85,78,84
"52694",116,125,111,116,92,116,91,86,101,83,76,87,75,62,71,80,115,73,92,80,69,83,82,85
"754477",125,104,102,107,96,102,80,114,72,61,69,89,79,53,62,67,76,77,80,70,71,105,67,55
"824",117,125,98,104,93,108,96,90,71,76,67,90,58,74,82,84,113,96,81,71,49,99,110,99
"999183",116,118,105,116,125,103,119,85,88,120,105,124,84,95,107,85,103,75,107,77,86,91,97,92
"1225337",108,118,91,113,124,96,91,100,111,105,91,102,88,79,117,80,71,96,85,99,87,78,72,74
"128574",124,83,93,93,85,88,80,80,65,64,55,79,50,50,48,57,77,54,72,51,49,70,75,73
"143223",108,111,96,86,124,96,50,102,46,48,27,79,31,60,50,42,50,39,86,35,42,86,64,86
"1531",111,124,86,79,80,115,83,80,98,79,91,74,47,75,65,80,99,86,67,103,68,73,75,60
"1615674",124,104,89,103,119,80,86,82,80,67,80,100,60,75,65,88,69,82,82,72,67,79,90,55
"1784713",104,97,96,60,124,65,31,72,53,28,29,47,33,50,60,20,42,26,103,15,34,84,16,78
"1813611",122,124,38,49,62,79,25,63,25,28,22,73,26,34,22,24,38,17,69,23,29,57,21,53
"2107708",124,101,115,99,106,116,94,99,91,92,82,104,80,100,87,86,87,100,93,95,79,94,115,71
"2502791",124,103,89,87,101,92,79,74,73,81,68,88,76,67,79,74,90,88,78,69,70,100,72,78
"2564040",88,124,91,85,97,98,53,74,49,56,62,93,49,73,57,83,95,53,71,80,62,79,101,59
"2810535",111,105,123,122,124,113,91,115,92,102,92,92,90,100,113,93,68,94,71,97,76,94,75,105
"28173",111,124,76,83,114,82,55,86,52,73,58,88,66,61,64,56,79,66,68,71,54,87,95,90
"28223",71,98,86,85,97,124,63,83,60,49,58,97,39,59,51,51,84,60,62,50,48,60,62,75
"2907624",124,104,95,86,98,104,102,110,83,76,85,91,64,79,84,87,67,76,65,80,68,103,66,69
"294699",124,101,85,84,93,95,67,85,55,59,61,78,50,69,69,57,90,51,66,65,59,85,66,76
"3058393",124,80,102,86,98,82,60,71,76,75,80,94,62,54,43,71,63,57,97,74,69,66,65,55
"475",124,100,79,88,98,109,50,90,62,75,81,99,69,54,53,45,89,66,89,56,51,77,76,66
"54291",124,97,105,98,83,98,109,91,73,79,105,85,89,66,63,79,77,75,83,88,63,78,77,80
"564",124,92,100,120,124,90,71,95,62,54,81,96,73,71,61,56,70,73,89,65,58,89,68,80
"1238",123,114,84,74,97,94,60,83,50,78,57,64,45,45,40,58,81,68,69,63,64,87,60,75
"1444684",114,95,114,121,112,78,123,100,93,71,96,82,73,89,59,45,52,51,107,54,70,88,36,57
"1906945",107,123,120,78,102,104,83,109,81,65,75,98,60,90,55,62,81,68,73,88,65,77,58,65
"1973475",71,123,67,66,47,91,50,77,47,38,43,57,26,56,51,79,90,96,38,104,44,47,86,67
"244310",1,45,0,0,4,123,2,1,0,0,1,1,0,0,0,2,37,3,24,0,0,1,2,8
"247",123,98,90,87,98,113,44,79,35,38,19,69,14,37,37,19,62,28,72,45,39,54,46,70
"2686077",95,121,85,69,111,123,46,92,51,46,45,82,29,43,48,35,71,49,93,47,51,97,59,79
"2730851",113,107,123,85,109,95,85,86,75,60,48,84,58,70,74,60,73,71,104,75,67,96,59,70
"2949996",123,117,93,79,96,100,37,85,51,23,33,76,31,41,28,40,61,31,88,45,29,96,50,71
"2986827",114,123,105,69,110,74,29,88,31,20,29,73,18,39,27,22,78,25,104,35,37,100,30,107
"33070",110,123,113,119,90,108,86,92,99,110,91,97,56,83,75,87,113,78,86,106,87,79,74,98
"331648",86,123,111,84,116,88,36,96,49,38,45,84,28,46,47,40,80,45,98,54,39,80,45,78
"661191",112,123,94,98,121,116,85,95,71,96,65,102,52,70,67,63,80,73,68,80,67,105,64,71
"81416",96,123,107,93,73,104,109,94,77,77,107,100,76,92,64,91,110,89,75,98,76,84,74,68
"1871034",120,88,102,113,99,82,80,122,88,81,94,79,72,95,67,87,102,79,90,81,75,86,95,77
"1891207",105,97,78,62,89,122,53,61,61,59,64,72,34,78,68,50,84,54,73,67,50,56,74,51
"2058136",115,118,112,101,122,89,77,85,99,76,69,75,72,87,102,81,82,65,109,71,66,83,79,84
"2126069",122,105,93,89,93,95,71,85,74,63,70,86,46,52,68,48,50,62,82,74,71,70,82,67
"2508726",122,87,105,114,78,60,104,57,97,93,112,62,83,92,72,40,60,40,59,56,63,76,67,62
"2605424",107,122,99,103,105,67,68,71,64,60,52,73,69,68,73,59,56,52,53,47,56,84,67,54
"28188",105,115,122,72,105,91,54,110,53,41,35,69,36,65,49,39,66,30,82,46,41,81,54,68
"2905121",102,107,122,96,102,104,40,104,35,30,37,84,44,47,49,36,55,36,103,42,37,119,46,72
"2991053",122,118,113,110,112,99,81,79,98,80,77,96,58,72,60,91,86,63,96,84,56,101,91,86
"447237",122,104,102,77,87,96,105,94,100,88,80,74,81,85,83,95,91,67,63,70,75,75,83,54
"553239",122,114,115,88,92,92,56,112,56,38,76,87,50,66,57,70,78,73,55,70,65,95,82,76
"96345",90,122,87,100,92,84,25,72,38,36,30,61,26,52,36,23,71,40,98,24,41,83,38,54
"1496",121,110,105,93,78,94,41,83,56,49,54,68,29,60,31,41,76,42,80,48,50,70,63,110
"166309",113,121,98,106,119,113,93,114,74,78,71,97,59,76,76,69,109,80,86,98,63,101,110,65
"200",121,119,107,85,105,118,52,88,78,83,80,105,65,71,69,68,86,59,79,69,65,88,64,62
"232537",91,121,76,86,72,87,64,89,63,72,72,67,61,58,51,67,59,69,77,73,58,90,61,66
"2352",121,110,95,94,100,112,62,60,46,67,60,87,58,64,53,51,79,62,75,59,58,90,58,75
"2546359",121,117,73,96,92,80,87,89,94,84,74,87,52,66,58,74,82,90,79,116,70,69,63,73
"2572088",87,53,121,88,118,69,37,114,45,52,29,88,28,40,26,27,56,29,102,19,33,90,40,57
"263377",121,116,102,108,108,107,118,99,81,85,107,85,93,86,77,98,96,94,82,92,93,87,85,79
"46234",65,121,59,50,45,82,57,45,45,59,38,49,37,49,35,56,65,61,41,86,51,37,91,59
"48075",81,116,79,69,112,106,58,66,58,56,42,75,44,71,76,50,121,56,80,56,61,81,83,78
"59739",121,107,94,69,86,76,34,82,46,29,42,77,25,44,40,26,57,30,104,39,43,81,41,43
"702967",121,103,102,97,88,101,75,99,100,73,75,96,69,65,98,75,87,75,71,62,76,84,75,81
"935199",108,110,104,121,105,77,106,115,99,88,79,102,105,83,80,74,86,83,94,74,74,76,75,66
"935293",97,121,72,81,87,116,60,82,71,59,77,74,29,62,60,76,77,71,94,65,60,81,58,76
"992289",114,121,108,118,97,53,28,81,20,16,28,60,31,39,48,16,53,19,90,26,49,106,23,49
"111781",120,96,85,106,92,87,113,73,75,61,72,73,60,59,76,70,82,90,96,66,58,79,79,80
"1535304",120,114,111,114,114,100,100,102,112,86,79,98,95,73,95,85,90,101,105,80,88,88,91,76
"1592897",120,81,73,87,98,68,48,45,41,43,36,72,29,48,29,34,52,30,58,36,31,48,47,62
"1855377",93,120,97,77,78,106,80,103,82,76,82,78,62,84,59,66,69,74,93,65,55,91,80,68
"2496865",85,120,108,58,95,89,29,89,35,37,27,77,36,54,38,35,62,28,114,39,41,90,46,86
"288004",93,114,81,100,101,120,56,111,66,70,49,87,52,62,74,57,78,66,89,62,52,93,55,62
"2881052",107,120,93,92,103,95,68,91,66,67,66,72,50,64,68,69,97,63,82,80,68,96,67,82
"2917790",120,116,79,111,86,92,53,73,61,66,58,98,55,74,62,54,57,62,65,51,48,48,54,69
"2933959",80,120,66,63,68,90,74,62,72,58,62,68,58,59,58,54,80,61,69,68,47,61,72,72
"3022126",120,64,64,94,90,71,63,86,57,53,44,64,43,52,54,26,43,53,87,30,45,66,51,66
"3026433",120,81,78,70,78,59,52,63,48,48,37,64,32,44,33,48,60,34,69,33,36,58,51,58
"371601",120,86,72,104,105,106,50,89,53,59,62,64,52,53,59,56,63,46,76,69,52,88,71,84
"38303",120,100,114,82,103,92,70,91,82,82,91,89,62,78,84,83,92,82,62,68,66,103,87,63
"687",88,120,116,102,101,107,74,109,66,71,67,92,49,69,51,58,81,65,93,72,66,82,71,78
"869806",106,120,82,65,81,71,51,98,73,55,59,89,34,51,58,62,73,49,89,56,54,86,78,80
"1295642",112,113,119,93,108,103,93,116,64,57,70,75,54,69,54,52,102,66,82,54,72,97,55,97
"169480",117,95,111,119,116,90,92,84,71,57,97,104,61,83,82,91,95,75,79,88,87,68,95,92
"1754",74,119,62,78,65,83,64,66,55,47,68,78,44,35,57,55,63,47,66,47,60,60,67,72
"182710",119,60,90,68,85,67,37,68,55,28,20,58,27,49,67,22,47,28,60,39,60,64,56,55
"2233542",119,84,99,90,102,103,62,78,87,55,63,87,47,73,75,80,76,68,75,62,75,85,78,89
"2763669",119,96,85,113,109,105,86,105,77,77,93,113,79,79,84,84,105,83,90,71,68,88,74,71
"2867013",109,119,107,96,118,101,87,84,115,92,93,86,87,91,77,88,112,74,107,83,67,89,99,67
"2971264",118,97,119,91,93,85,102,80,77,61,85,97,69,76,67,79,71,81,88,70,96,86,85,80
"2978283",111,119,107,106,110,77,88,80,85,70,77,72,72,91,87,62,100,74,86,78,73,83,83,70
"3040348",105,119,79,61,114,103,47,89,32,34,44,71,29,42,30,36,68,37,57,47,36,77,29,80
"33938",113,119,98,93,110,119,70,90,65,83,75,80,69,80,65,58,88,44,87,71,57,86,71,69
"65093",97,119,98,85,71,116,87,73,72,95,71,105,44,64,34,58,115,84,79,101,49,88,114,88
"67827",99,119,60,52,66,67,58,50,51,53,40,52,42,46,34,42,39,54,54,35,48,48,56,54
"871694",108,113,95,102,98,77,31,66,31,23,22,62,20,47,33,28,45,17,67,29,29,119,26,61
"1639",103,98,102,100,118,96,57,82,64,39,48,94,46,58,69,52,76,48,93,64,59,88,65,67
"1925020",107,102,118,92,88,90,85,91,69,53,72,85,43,76,80,66,89,71,81,97,55,72,73,83
"247480",118,83,68,61,65,70,57,60,30,56,56,69,43,49,33,60,59,50,78,53,41,67,61,67
"2709396",101,100,118,85,78,91,66,85,64,92,56,87,51,69,67,61,73,68,94,67,80,80,63,77
"2741553",106,88,91,118,108,60,89,88,69,81,85,83,77,96,73,45,60,40,84,55,73,82,57,46
"2772557",110,110,118,100,101,97,87,70,88,54,73,74,48,69,69,61,97,80,87,90,55,95,90,98
"2778078",109,104,99,83,99,118,70,90,79,76,91,82,81,87,74,97,81,75,92,71,72,71,78,64
"2829809",118,90,102,94,87,117,77,85,56,56,66,91,59,65,88,78,70,66,89,69,79,104,87,78
"2852098",97,118,96,67,104,96,50,70,54,43,42,83,32,58,44,39,51,29,71,46,27,69,55,72
"2864204",83,118,79,90,84,93,70,88,72,64,74,80,58,78,61,70,77,74,64,82,74,61,48,68
"2929491",106,117,118,92,114,103,78,95,88,72,85,85,79,92,76,92,105,90,76,93,69,94,95,79
"3075221",104,109,103,86,97,111,83,102,58,82,103,118,59,82,66,80,84,73,96,72,65,74,64,83
"390846",86,118,91,95,116,97,33,92,55,29,34,66,25,42,33,58,54,27,88,33,36,81,44,81
"452627",118,97,107,88,104,101,68,75,64,54,50,77,45,75,65,62,53,65,77,77,59,69,56,82
"490",77,118,63,69,102,68,46,67,42,49,42,59,36,50,53,54,65,59,68,61,55,63,45,45
"51197",112,118,76,87,102,87,58,91,58,61,68,91,61,54,51,63,90,75,60,66,72,58,51,78
"54913",97,108,77,86,89,118,50,59,48,48,42,84,60,35,47,69,94,84,54,70,39,49,83,86
"104102",100,103,90,117,99,88,63,78,62,75,51,66,48,40,74,60,76,59,80,51,61,88,73,66
"1250205",117,97,79,47,95,97,31,104,26,28,29,71,30,41,39,40,46,30,97,30,43,69,37,63
"1399115",75,31,40,32,35,45,19,24,37,19,27,117,20,30,28,28,58,26,35,32,23,39,31,20
"1658616",109,117,70,61,106,75,55,84,65,53,53,62,50,63,53,53,71,48,71,53,63,56,49,77
"1674922",96,117,92,96,95,103,76,86,82,71,79,91,70,55,57,97,70,70,93,60,59,88,69,79
"171523",98,117,91,100,89,95,72,86,65,86,77,67,50,70,64,89,70,74,63,60,60,71,81,77
"1765964",84,117,75,87,94,77,56,62,57,55,48,70,63,50,51,68,52,56,65,52,65,49,64,71
"1913577",117,102,98,69,84,67,39,81,38,35,27,81,28,33,43,24,65,30,86,32,46,60,41,93
"194196",117,87,102,79,85,90,73,103,58,72,52,86,59,79,62,52,82,55,91,54,68,101,59,71
"2048654",45,43,49,40,46,51,20,30,31,19,13,40,17,21,17,14,21,23,117,29,23,41,12,33
"2100764",117,106,92,90,111,100,63,87,74,67,78,67,71,70,70,84,78,66,70,58,66,111,76,88
"2516559",106,116,96,83,101,98,38,117,45,41,46,79,25,53,41,43,73,37,95,47,49,94,49,91
"257984",100,83,93,94,85,70,85,91,93,77,70,68,61,99,65,63,91,84,75,77,117,78,68,73
"2584122",117,116,116,63,99,103,39,103,37,41,48,101,28,38,50,28,62,20,108,35,39,108,49,66
"2709303",117,73,78,84,71,48,59,67,46,73,42,56,48,48,45,65,50,65,47,49,37,61,40,47
"2829795",117,109,111,82,112,68,37,105,54,49,44,94,31,66,52,35,77,46,98,43,50,77,41,49
"2895472",117,98,100,73,107,73,53,83,46,47,56,91,42,64,52,53,76,55,88,57,47,78,57,62
"2913616",117,115,90,103,105,104,78,104,79,81,84,97,76,69,67,72,76,82,95,88,71,77,70,81
"3073816",117,73,84,81,98,53,42,53,52,27,55,51,41,29,36,42,69,38,46,40,29,58,36,45
"343403",88,108,99,48,117,115,37,77,44,33,32,68,25,39,33,33,67,31,83,47,37,89,28,72
"442694",112,81,74,72,117,65,50,84,59,58,52,76,48,50,47,33,45,46,80,53,53,80,65,47
"762210",113,117,83,110,104,112,84,95,71,90,77,83,75,78,79,85,107,68,83,91,69,71,77,82
"102106",101,84,89,87,116,85,88,73,83,80,82,95,68,84,102,57,88,72,48,73,76,66,65,54
"1112103",68,116,81,91,102,111,69,100,76,61,60,82,39,54,73,77,92,77,73,86,59,96,62,81
"1573676",99,113,87,112,97,98,59,92,73,63,66,116,67,70,64,52,68,59,80,61,77,67,60,90
"178606",116,89,82,92,72,103,64,55,79,61,78,71,38,69,62,77,92,63,69,74,57,83,90,77
"1858656",108,111,85,90,116,82,75,73,64,56,60,78,50,52,68,52,75,62,84,75,66,77,66,80
"2236",100,116,87,97,89,96,87,77,88,84,101,80,80,83,95,68,92,72,75,82,73,79,97,67
"2587854",110,116,85,104,111,99,68,100,103,82,63,88,63,69,67,73,76,55,80,65,71,76,76,79
"2811789",69,116,65,99,71,70,69,60,68,57,53,101,48,61,57,63,60,43,56,50,50,54,64,47
"28123",97,116,84,83,104,99,76,89,52,81,61,76,68,64,75,71,77,80,95,68,61,92,62,84
"2819290",116,100,67,100,70,111,48,60,25,37,57,68,46,40,17,51,102,46,42,84,27,82,61,51
"2831148",116,97,96,70,106,107,73,81,47,56,38,93,46,54,52,57,87,46,74,63,55,89,50,70
"2901381",116,50,71,51,63,63,32,61,22,23,29,57,26,30,31,14,44,44,87,24,18,61,33,40
"3019969",86,116,86,73,72,82,62,89,94,60,55,82,39,109,54,61,62,61,80,80,100,68,89,75
"486",116,78,75,93,97,100,68,76,62,55,61,73,30,72,58,46,66,61,69,54,44,57,65,61
"65058",116,94,101,63,98,92,67,89,93,67,79,83,60,55,85,64,71,74,66,86,64,65,70,69
"727",116,82,58,63,64,73,37,80,52,52,44,82,36,44,46,55,58,45,66,35,63,66,54,55
"1055487",115,72,88,78,106,74,60,85,63,50,50,77,54,66,39,37,48,34,67,52,59,101,64,55
"1628059",74,85,63,89,115,66,45,65,37,35,42,61,47,36,28,36,45,38,57,32,37,71,29,48
"1736",103,111,109,100,115,85,64,95,89,59,68,95,54,64,71,91,75,63,87,90,73,99,78,81
"1874361",115,93,82,66,106,105,63,79,63,62,52,95,52,93,50,57,78,64,84,66,54,75,71,57
"2282170",99,115,103,66,113,96,36,107,56,30,35,74,24,55,27,35,57,44,101,50,32,95,53,68
"2709302",115,91,76,63,93,70,68,93,43,58,58,75,67,47,47,74,57,59,71,71,49,72,69,58
"2750995",115,88,83,78,112,86,63,90,49,58,72,80,59,66,67,64,75,46,86,54,42,65,76,63
"28090",103,88,115,93,83,99,55,85,45,67,29,89,37,66,52,54,60,52,115,61,43,65,44,64
"2811781",89,105,115,84,91,91,92,82,80,70,73,85,64,61,68,75,79,87,73,94,80,79,92,79
"28119",91,112,95,96,115,108,73,110,59,79,58,101,44,73,69,71,78,77,91,69,71,81,80,84
"2813843",98,115,114,115,100,99,84,90,100,83,76,81,76,81,74,80,91,57,75,79,73,78,66,81
"2856519",104,89,115,51,100,58,17,78,38,21,17,50,21,35,50,21,50,24,56,16,35,79,36,58
"2912188",113,115,88,98,111,106,77,90,78,81,81,103,62,78,56,73,85,71,87,84,72,95,76,58
"3042029",115,66,90,57,82,58,32,67,40,41,43,49,47,36,39,30,50,39,46,38,31,81,48,60
"332186",100,115,82,85,54,88,37,87,65,46,55,76,53,51,57,46,66,41,72,58,36,67,54,78
"359370",112,105,97,110,107,115,85,94,90,73,84,92,67,91,69,65,74,81,94,59,81,110,80,97
"591197",115,70,63,78,91,83,38,83,55,41,47,84,37,52,41,55,75,31,77,44,42,78,57,76
"129577",75,114,88,93,86,96,66,103,59,78,68,80,51,68,51,62,84,67,75,78,57,80,57,69
"1307839",99,109,88,73,114,92,54,89,51,49,54,105,49,51,47,47,67,36,92,51,50,83,31,80
"136073",89,114,72,66,86,106,66,76,63,80,49,75,60,48,59,75,109,77,59,89,47,71,82,91
"1400865",114,108,106,96,102,104,80,89,107,71,77,98,74,87,72,81,89,89,69,88,97,88,84,75
"1499687",77,95,81,99,110,114,85,66,69,60,71,77,50,59,72,33,84,62,82,56,59,92,89,76
"215591",114,85,80,78,79,76,77,65,75,56,59,78,59,60,57,60,80,61,61,51,60,70,52,56
"2207",114,104,79,105,92,97,58,47,78,67,71,72,55,80,75,46,73,52,65,66,58,71,75,68
"262",114,100,100,85,89,72,60,93,55,46,61,81,34,76,40,37,80,42,70,44,55,94,50,75
"2846403",36,41,31,23,6,36,1,114,4,3,2,33,1,2,0,2,108,2,32,0,1,20,1,13
"2937774",104,114,83,101,88,107,57,66,57,69,63,90,51,75,57,54,73,56,96,65,51,73,64,80
"2986838",92,114,81,68,82,88,36,65,28,29,26,53,31,36,33,32,60,28,65,26,30,63,37,83
"3022127",93,97,114,78,113,85,72,56,86,78,61,72,61,55,58,61,80,62,86,71,61,72,66,75
"40544",112,114,94,101,102,100,73,102,85,58,78,105,55,101,71,85,105,79,109,76,73,89,113,92
"76831",114,66,95,73,94,71,38,83,39,27,22,60,24,42,45,19,50,25,77,33,36,79,32,57
"1050646",76,79,80,107,113,97,80,101,77,73,62,73,78,71,75,62,84,56,84,70,67,84,67,62
"1114861",100,113,101,86,74,61,35,72,44,26,30,62,19,45,41,17,56,21,86,25,36,95,38,71
"1305",113,93,80,71,76,96,69,67,79,62,59,86,53,63,62,62,52,60,84,69,45,80,72,65
"1709477",113,108,80,82,93,112,58,99,74,77,56,97,56,71,65,63,88,62,96,80,65,76,77,55
"187492",113,113,71,69,66,60,53,58,60,52,46,84,40,64,51,43,83,68,113,60,62,71,44,77
"2133944",101,113,90,87,91,100,58,86,65,70,63,65,59,77,68,66,73,52,87,90,50,83,80,81
"2601695",13,13,5,10,15,9,5,113,2,5,10,14,4,3,9,6,6,5,5,6,8,8,2,4
"2895483",100,68,113,71,75,81,52,76,74,47,56,78,56,53,57,49,61,47,86,47,45,62,62,52
"2912314",102,113,90,100,87,82,73,95,60,74,77,89,66,59,72,67,83,67,86,66,60,85,96,77
"2926399",113,76,79,60,72,98,56,60,49,68,83,64,43,48,45,49,60,41,46,48,45,66,61,58
"2986951",105,112,93,76,76,113,63,102,49,52,65,72,54,53,49,58,60,49,72,64,53,63,62,57
"3058398",91,91,113,78,99,93,55,79,67,50,58,73,54,75,76,63,75,55,81,66,69,85,67,53
"379899",102,75,99,67,107,102,17,61,22,27,25,72,15,27,25,21,60,24,113,22,34,87,24,113
"607711",83,113,68,57,93,70,65,60,47,44,57,68,63,65,50,44,69,53,61,50,50,68,40,74
"669",102,101,113,91,103,108,74,75,42,79,58,97,54,65,52,65,89,63,91,75,45,63,68,62
"716816",98,92,108,81,113,92,67,102,62,62,65,113,48,64,80,52,91,68,92,64,78,92,51,82
"79885",113,103,69,78,91,79,43,69,41,47,56,64,28,45,39,48,73,42,48,44,57,62,41,50
"859144",113,60,72,54,80,71,32,72,39,36,38,64,38,47,31,43,53,19,67,43,43,65,38,53
"90244",113,101,97,76,93,68,51,100,66,62,72,88,57,76,51,57,70,44,79,44,67,100,50,63
"1117707",104,112,97,107,97,99,83,100,59,63,55,81,58,60,70,56,72,67,99,96,39,95,62,89
"1201031",112,88,67,63,64,79,65,56,61,39,51,63,60,61,39,59,67,50,85,49,38,68,60,60
"1336802",112,95,88,63,96,111,32,95,43,32,43,71,39,30,39,46,68,28,71,35,41,69,49,56
"146474",112,88,94,82,82,93,83,106,68,69,75,78,42,60,63,58,93,47,89,58,50,88,63,75
"1481663",95,78,73,85,112,82,45,84,49,51,51,91,33,64,67,40,78,47,57,48,51,75,64,75
"1520",105,112,84,104,74,96,51,78,43,37,48,52,36,46,39,24,88,44,55,49,36,66,49,63
"1563",112,92,95,84,76,103,76,81,79,58,63,94,52,61,63,79,108,71,64,82,60,61,80,79
"1598",68,84,75,78,84,87,49,83,46,38,32,58,39,55,51,45,46,55,112,42,48,98,45,48
"165179",100,99,87,82,88,88,37,112,50,55,54,92,39,44,53,44,69,64,68,54,51,58,59,70
"2527775",112,73,60,67,89,82,50,84,42,62,45,67,40,40,47,43,50,42,65,64,42,56,74,71
"2751313",96,107,112,92,82,80,73,88,83,79,83,79,68,71,55,63,102,66,67,92,69,72,82,57
"28264",102,96,107,81,71,112,80,80,64,70,83,83,64,77,64,63,71,65,59,53,59,78,56,69
"2956191",19,7,18,112,21,21,4,39,2,2,2,11,0,2,2,4,20,3,3,1,2,0,3,1
"338192",105,66,87,112,61,71,85,72,78,62,46,41,53,54,48,30,50,39,45,53,62,47,51,34
"381751",94,112,73,91,62,81,78,72,69,72,80,79,70,63,54,67,82,65,72,71,67,81,48,59
"407035",70,84,56,60,69,112,55,69,61,52,50,62,53,61,46,45,59,39,70,42,62,64,51,67
"529884",97,101,112,108,84,92,87,54,77,62,79,88,66,81,86,60,90,91,79,81,66,85,71,74
"651456",102,101,112,111,65,99,107,78,112,103,86,78,73,74,90,88,93,69,76,75,89,75,86,45
"1055688",111,102,93,87,79,105,76,103,86,73,89,105,56,74,66,88,103,80,103,80,80,63,111,94
"1337936",111,104,68,102,84,86,71,75,59,77,53,95,58,48,50,80,101,76,72,81,68,84,85,85
"1355330",103,93,88,99,92,79,36,84,30,33,35,63,30,37,34,44,55,27,75,35,47,111,32,73
"1499973",99,92,83,83,111,92,49,86,51,50,55,69,36,60,47,60,58,61,69,70,52,67,66,71
"2495429",111,71,75,93,65,88,74,56,74,73,80,53,50,58,62,60,70,44,44,70,55,54,52,57
"266748",94,111,77,67,77,77,26,69,32,37,47,63,28,31,29,30,55,29,75,36,29,72,27,48
"2684406",106,111,89,103,76,97,99,88,62,65,71,108,76,84,64,74,88,68,80,66,70,90,67,81
"2980181",89,111,104,68,105,111,102,104,86,93,89,80,95,81,81,89,80,85,94,95,58,80,88,91
"2987521",69,98,111,71,88,73,83,81,86,76,63,66,70,52,71,66,73,79,61,56,61,57,66,49
"3048493",110,95,104,89,99,104,81,81,79,69,74,72,53,74,71,77,111,78,73,79,59,83,75,87
"454",111,93,89,62,76,90,51,84,56,42,57,67,57,43,64,56,80,37,89,58,49,80,77,54
"454155",111,94,88,81,89,66,59,65,39,52,36,72,49,33,45,49,49,48,76,44,48,71,66,69
"521720",111,60,102,87,98,92,67,56,62,68,59,85,59,80,64,50,67,56,69,57,69,75,61,61
"1507512",21,25,33,27,37,28,11,17,31,14,12,22,10,40,22,5,11,10,46,12,32,26,13,110
"1566358",100,110,68,60,82,88,51,79,50,57,46,82,44,55,52,49,73,49,63,49,29,67,61,87
"1623",110,100,87,77,63,87,75,67,58,47,47,88,50,43,56,61,57,57,65,63,60,62,70,71
"1697053",110,100,88,74,87,99,53,98,59,54,56,86,44,59,63,56,78,25,87,39,58,97,60,75
"1714849",63,76,85,65,104,93,28,110,37,21,24,60,25,26,45,30,46,29,71,33,23,66,35,53
"1852373",85,92,92,73,100,110,57,64,61,67,65,86,75,70,35,60,69,76,75,67,69,81,77,63
"1853276",110,105,101,88,50,94,49,76,50,75,63,83,44,69,52,57,65,67,75,66,54,76,78,61
"2292255",93,104,97,55,96,110,61,86,51,70,51,66,40,53,62,56,92,66,67,61,68,82,60,50
"2305987",106,103,76,66,110,98,65,73,49,56,65,61,41,79,57,55,67,68,87,54,58,72,62,74
"2494373",110,75,64,66,90,83,16,70,31,28,23,57,20,30,29,33,44,15,90,25,24,78,23,48
"2588536",110,101,99,78,93,63,47,73,48,41,64,77,38,34,47,31,64,40,75,38,45,75,55,53
"2664899",110,60,59,46,98,73,25,44,54,31,27,39,24,37,46,39,44,39,61,35,46,58,46,44
"2774188",102,110,96,74,89,77,67,103,66,70,60,76,68,57,57,70,49,61,84,58,51,102,84,60
"2829812",93,110,103,79,99,78,46,62,47,39,43,84,29,41,47,62,68,32,66,49,49,89,36,90
"2912824",108,60,110,76,95,67,35,63,43,26,38,41,29,39,34,21,46,23,74,30,31,67,35,43
"2955314",101,56,89,100,108,74,54,68,64,57,60,110,54,45,56,51,81,53,89,59,49,69,38,77
"3070659",84,72,84,81,110,106,23,101,29,25,38,97,23,35,29,29,53,25,93,20,21,74,27,78
"316279",107,97,79,74,78,110,70,90,67,77,75,59,64,57,62,76,74,64,85,71,66,90,66,87
"338645",76,110,58,74,88,72,53,88,62,61,40,68,27,60,43,57,65,58,77,52,46,61,72,65
"339862",105,106,97,102,70,110,70,78,52,58,63,85,61,50,43,51,101,49,70,73,59,76,68,62
"70771",110,102,81,82,99,105,85,107,84,89,73,87,68,94,76,85,87,87,79,83,86,84,70,73
"83265",76,70,102,77,110,67,38,60,59,50,41,51,52,34,40,47,54,41,73,42,48,65,44,72
"97478",79,84,63,76,110,73,62,64,59,55,55,61,58,63,50,39,81,56,62,59,48,81,60,67
"2093856",109,99,84,76,104,72,46,74,42,34,46,83,35,33,53,39,52,40,66,48,35,97,40,71
"2736252",99,109,84,73,96,102,33,74,35,33,27,58,19,40,35,29,38,38,62,38,42,67,31,76
"2810514",109,58,102,75,109,66,43,76,71,48,52,57,39,64,52,33,54,33,53,35,44,69,60,39
"2891294",83,109,97,97,86,103,63,75,59,55,72,97,62,50,87,67,90,59,70,67,59,88,63,82
"2983267",58,109,44,33,58,42,21,28,16,13,14,38,7,10,17,20,36,7,30,15,13,30,16,37
"3025667",109,76,76,64,73,73,16,68,19,21,20,60,22,21,20,21,44,19,69,28,29,60,17,65
"3032287",87,71,109,73,77,80,48,74,82,50,53,50,40,75,76,42,56,43,69,52,76,74,50,38
"3058394",109,107,98,86,78,97,96,87,89,70,67,85,60,91,72,72,80,73,74,68,79,80,73,83
"3070815",97,91,69,71,109,70,52,79,44,69,54,67,69,75,47,52,65,47,58,45,48,61,52,59
"379097",82,109,71,91,80,89,65,81,49,61,77,90,41,72,68,68,69,65,86,57,53,73,64,61
"44935",68,108,108,109,79,102,65,105,63,77,84,102,61,78,69,73,68,63,89,84,92,80,88,78
"566027",109,95,97,85,98,96,80,92,71,71,80,81,65,58,77,68,75,75,78,58,54,75,69,71
"65555",81,107,89,109,73,71,55,75,54,57,42,81,53,48,69,77,75,68,77,57,47,78,92,66
"885040",109,91,68,67,101,100,63,74,46,50,46,70,52,40,47,62,75,48,60,68,57,53,63,83
"97477",74,109,88,83,77,88,71,75,68,57,66,81,75,64,63,69,74,60,75,65,42,65,76,83
"111500",92,108,90,59,95,69,40,95,39,35,41,78,28,43,32,33,56,28,82,28,49,87,44,82
"1236046",77,88,82,68,108,107,57,80,62,71,49,73,57,62,68,55,106,79,79,82,44,89,74,61
"1407",108,61,72,77,72,65,45,47,49,36,42,44,31,43,31,31,71,36,57,48,28,48,52,62
"142058",106,60,86,108,81,78,79,96,69,63,73,94,61,78,72,50,85,54,71,52,57,71,60,57
"1442557",93,108,73,92,88,81,69,64,48,68,68,82,49,59,62,62,88,69,63,74,50,73,60,78
"1500687",108,93,66,85,90,76,62,80,56,75,49,79,52,64,69,62,73,49,77,66,33,79,60,51
"155322",108,51,50,47,43,83,25,46,39,30,35,42,29,40,26,16,41,20,38,28,32,66,37,49
"1803846",95,90,108,67,95,74,25,83,36,35,28,76,25,30,29,23,56,33,67,32,34,72,35,64
"2572577",108,93,77,94,80,95,61,86,60,94,69,81,34,64,50,65,89,50,101,57,63,79,59,70
"2590900",84,89,92,72,107,84,50,67,43,56,38,65,39,34,52,42,72,38,108,35,51,78,44,67
"2666138",106,108,91,83,107,90,63,90,77,70,61,81,62,72,70,91,95,74,84,64,56,67,79,72
"273376",99,108,94,93,99,94,62,84,46,56,60,83,54,80,56,65,73,63,63,73,58,77,82,77
"2820270",71,108,72,61,89,94,38,64,39,36,39,69,33,29,28,32,74,34,86,35,25,78,36,69
"2829569",108,97,100,103,89,96,83,107,57,67,68,106,70,61,58,56,87,50,77,55,62,76,58,86
"2918899",98,85,95,78,77,108,64,79,63,57,72,79,58,70,84,65,66,74,71,61,67,90,65,73
"2976818",82,81,66,54,67,108,29,56,17,10,18,51,23,20,18,11,41,14,61,15,19,50,25,56
"312277",108,106,97,87,80,83,23,59,33,16,25,50,21,41,32,20,58,27,82,33,25,66,31,44
"454154",89,108,60,73,92,102,60,103,56,54,41,80,46,49,48,62,72,56,51,56,51,67,47,61
"63743",70,108,86,68,70,86,84,100,87,72,70,80,72,70,83,73,66,67,62,60,66,66,69,64
"643674",108,66,84,69,84,88,56,88,79,68,58,64,48,62,52,59,78,54,74,58,71,80,64,69
"754429",100,92,71,55,97,108,39,76,37,39,40,77,36,36,32,42,66,42,56,40,49,85,60,80
"84980",108,89,93,85,80,92,58,70,72,59,61,74,60,72,47,53,87,44,72,88,56,77,80,66
"1178778",107,95,107,78,98,93,31,98,51,47,27,71,34,44,44,32,65,40,91,48,49,88,48,74
"1335745",77,107,80,74,88,76,69,69,65,52,57,103,59,63,67,72,85,60,54,70,63,76,64,67
"159743",107,51,44,58,44,61,39,57,38,26,44,47,43,32,25,41,45,36,62,43,27,49,52,75
"1612624",107,43,58,65,61,45,33,48,27,37,14,37,25,36,35,29,42,26,51,29,26,31,30,38
"1666906",80,95,82,66,107,76,83,75,71,52,54,85,64,61,66,64,67,64,68,61,53,62,57,52
"178399",91,65,67,102,107,96,57,69,61,53,67,98,53,59,59,52,78,61,87,41,53,68,55,82
"1819725",107,61,64,53,48,57,43,56,29,37,30,30,29,24,41,21,54,37,49,33,34,53,30,42
"2782013",85,78,99,107,94,86,81,77,95,89,86,70,94,78,102,95,96,70,67,68,78,85,77,63
"2864201",107,101,71,73,92,73,35,91,36,31,31,81,35,37,26,48,57,36,87,44,45,101,39,63
"2939495",107,55,90,64,58,63,38,67,45,34,41,46,47,38,33,55,50,42,50,41,29,65,38,47
"2983219",86,88,101,93,86,107,59,87,80,63,67,89,57,82,64,64,74,66,73,84,57,65,65,71
"2986834",77,107,75,63,80,61,27,58,23,31,13,48,16,28,31,14,32,18,59,26,33,87,30,64
"37636",62,68,63,67,69,68,61,43,48,52,50,67,51,43,56,71,44,57,61,45,45,47,107,46
"45243",107,97,104,87,96,95,47,81,62,41,45,92,41,69,74,41,96,37,89,46,43,75,55,71
"588067",94,107,98,106,103,106,101,78,90,85,94,87,75,92,99,96,83,76,62,75,77,73,82,78
"1467",92,48,106,54,95,43,54,76,88,34,36,50,34,75,46,17,48,29,70,23,50,95,21,34
"1476025",106,68,95,82,96,52,33,36,40,19,28,43,26,22,24,24,50,18,59,23,31,62,19,42
"1569",95,74,85,106,104,96,77,70,77,64,45,61,62,74,64,43,73,47,74,50,52,98,59,60
"1931275",101,106,84,81,96,98,65,100,70,69,54,98,60,62,48,45,83,64,83,69,48,64,60,72
"2496866",99,81,81,64,106,75,46,71,51,50,27,82,23,41,39,38,47,42,69,40,44,59,44,68
"2572594",88,106,66,84,98,75,50,71,62,52,43,65,33,65,56,44,51,42,80,54,61,76,51,81
"2726122",106,80,62,83,91,70,46,98,62,62,74,60,58,62,62,40,75,61,81,56,56,79,45,79
"2742639",106,99,95,75,76,93,54,83,51,67,67,79,56,44,63,62,53,66,66,68,71,77,77,63
"2748319",98,106,86,66,60,65,20,53,31,7,13,51,21,21,30,27,31,20,59,21,17,56,18,69
"2762277",72,73,69,78,62,106,60,65,61,50,58,46,63,50,29,64,65,45,62,50,43,50,39,60
"284581",106,81,96,62,96,60,44,73,33,39,33,71,31,49,33,34,49,47,63,22,38,64,40,55
"2895568",106,62,61,77,66,42,42,58,29,31,35,49,27,33,35,32,50,33,53,31,29,47,27,43
"2932257",106,73,92,76,79,91,54,87,61,52,50,73,51,50,66,48,81,48,59,55,54,65,68,60
"2955887",1,75,1,5,8,106,8,6,4,6,5,3,9,6,4,10,35,5,29,4,2,12,5,9
"2983236",92,104,91,105,98,106,78,50,82,71,66,67,70,82,68,83,70,73,65,76,72,73,54,73
"3023936",106,91,68,94,93,68,30,70,47,43,45,60,33,39,65,44,46,37,54,45,25,75,46,74
"474394",81,106,64,58,60,79,40,80,40,43,24,65,28,45,48,48,74,37,74,49,50,60,52,75
"596707",86,91,106,81,79,89,78,52,77,68,69,79,78,64,64,88,47,55,65,46,55,74,77,53
"666507",80,76,68,106,67,93,70,57,48,62,72,82,56,75,73,70,81,62,57,48,66,72,70,66
"754476",83,95,76,106,81,81,63,80,64,68,69,79,49,58,57,64,77,62,71,66,52,89,53,72
"1279082",13,3,33,105,19,11,0,20,3,4,1,8,1,0,5,3,23,3,4,1,4,2,2,4
"136",99,83,105,87,83,85,81,66,63,46,56,68,45,52,43,79,73,56,74,78,39,56,73,65
"1524258",94,88,75,85,103,105,52,78,64,53,47,70,40,52,71,56,66,63,74,67,44,75,58,68
"1714860",88,90,71,61,85,78,35,105,24,33,22,65,30,32,31,26,49,25,79,31,33,70,28,83
"1884913",82,80,104,73,69,105,61,91,76,48,62,74,55,52,49,51,56,54,103,62,67,71,59,67
"253703",105,64,69,50,60,70,49,66,28,30,38,69,38,33,23,50,62,31,34,38,28,55,38,48
"2546356",81,88,89,73,61,93,55,95,62,70,69,72,48,53,43,60,80,71,54,56,42,68,105,67
"265883",104,105,76,83,82,80,54,75,55,77,55,75,37,62,68,56,68,62,83,67,56,68,95,79
"270918",104,105,89,52,91,85,30,65,31,34,36,72,29,22,31,30,59,22,81,37,31,92,28,87
"2754694",75,82,105,55,81,65,29,77,38,29,22,67,22,33,22,17,37,22,59,30,32,71,21,57
"2793103",105,41,69,37,69,73,29,49,34,28,35,43,22,35,30,28,35,26,27,26,45,62,21,29
"2917715",105,61,72,71,68,65,63,98,55,59,67,67,64,47,56,69,52,64,61,51,61,55,49,53
"2920269",105,63,72,67,89,71,41,74,40,59,43,66,30,53,49,55,61,49,51,62,48,50,45,67
"2948912",67,9,12,6,88,8,5,69,7,5,7,15,6,3,8,9,8,4,105,1,7,58,3,4
"313603",105,98,83,53,98,87,22,62,26,29,28,79,24,35,34,23,47,34,66,35,30,91,38,75
"423605",97,91,80,72,88,105,61,62,52,59,54,62,50,58,63,59,66,61,70,64,48,71,70,57
"447792",97,84,83,99,105,105,63,87,61,62,78,93,69,76,72,67,79,71,63,60,60,74,72,84
"658629",105,95,72,67,68,66,66,78,47,40,37,56,43,54,47,55,55,50,42,44,39,62,55,70
"1170699",95,103,97,90,104,96,35,97,48,31,37,80,28,37,42,44,67,41,94,34,39,83,36,75
"1453352",100,89,81,59,104,75,41,68,35,25,25,60,23,30,33,23,64,23,70,26,30,89,39,83
"1573720",96,98,86,60,101,77,58,70,43,62,44,70,51,61,55,49,71,60,81,50,56,104,65,66
"171438",74,69,46,61,51,55,45,54,33,38,40,64,36,22,35,36,59,34,47,41,35,57,42,104
"181486",85,77,104,45,60,89,50,84,59,52,35,55,49,49,58,50,52,58,37,67,53,66,71,55
"2199",97,80,79,104,84,94,88,87,59,70,76,74,59,57,74,68,82,73,62,67,50,70,56,68
"2592625",37,50,46,32,56,51,26,52,19,30,22,25,24,29,22,24,33,30,57,22,30,44,38,104
"2735868",104,58,53,61,61,67,60,45,47,60,39,86,40,40,50,58,53,42,54,43,46,46,41,51
"2853159",89,104,71,70,80,59,39,66,44,49,43,67,49,45,44,39,64,41,67,48,40,51,41,73
"2895947",95,96,104,58,69,77,26,50,29,32,28,54,22,39,35,19,45,33,67,25,31,74,27,50
"2908648",76,85,82,65,62,104,59,68,50,59,46,86,54,47,55,44,60,50,81,53,43,70,70,58
"3042315",104,88,86,58,66,79,37,58,35,39,24,55,21,34,24,28,67,28,59,25,35,63,45,50
"357276",99,104,80,63,71,98,39,78,49,30,33,64,37,40,42,42,51,27,85,40,33,82,36,79
"35841",104,74,79,49,102,67,42,47,65,37,43,36,40,48,62,35,61,27,93,34,39,57,27,57
"398041",69,99,70,55,104,82,43,68,38,45,41,61,36,45,43,39,53,50,87,40,44,76,43,62
"446692",78,100,72,64,96,104,57,69,55,70,67,63,57,59,51,59,85,48,60,66,60,78,63,47
"108981",103,81,85,82,89,67,54,58,47,56,54,61,53,52,43,54,54,37,81,38,50,60,50,55
"112234",71,103,56,45,48,97,29,56,27,23,26,53,18,29,29,22,34,25,66,32,35,57,24,62
"1160",83,91,65,76,79,94,75,67,68,103,88,60,55,62,60,67,57,53,46,68,50,58,62,64
"1572645",103,65,80,44,81,85,47,61,38,37,31,53,31,43,32,49,68,37,54,50,43,62,39,63
"1719",87,90,67,84,69,103,79,74,64,74,76,97,56,84,48,77,89,92,68,83,61,68,87,63
"1884905",103,88,93,62,76,85,62,80,79,58,69,68,61,72,66,66,68,67,73,58,73,59,91,55
"2242",103,103,89,91,86,92,95,91,92,83,89,93,79,85,84,82,72,90,71,93,80,92,95,64
"2498451",87,103,84,80,83,97,57,78,75,57,53,86,56,69,51,48,68,36,86,71,91,79,67,58
"2546360",97,89,75,97,93,94,63,103,60,70,54,70,64,52,42,77,98,66,63,64,54,66,63,65
"2815577",68,84,75,73,68,103,73,62,58,61,60,50,48,65,65,51,71,76,64,69,72,49,87,74
"2819994",89,97,88,83,102,103,65,83,59,45,67,98,50,62,55,53,70,47,83,43,42,58,76,58
"2867409",92,103,61,54,60,76,48,51,54,49,28,64,32,51,32,42,44,48,65,59,37,66,60,56
"2870839",101,103,72,63,69,73,32,63,44,28,24,55,27,35,31,29,57,29,66,28,32,73,26,71
"2895496",92,103,87,81,73,96,65,95,74,64,71,83,65,64,53,63,66,66,66,57,46,80,68,66
"33934",87,103,79,89,96,93,44,84,43,57,68,75,36,56,58,48,63,52,57,59,52,82,72,74
"35786",95,89,103,89,88,99,73,77,71,62,68,77,78,52,52,90,99,80,73,73,50,83,78,75
"563798",97,98,103,61,81,63,20,74,35,27,12,54,10,33,39,30,42,23,74,17,44,71,23,56
"5761",45,103,49,21,36,62,9,34,13,11,7,19,11,15,10,12,38,8,45,5,8,38,12,13
"649776",95,98,89,100,65,97,84,103,52,64,62,70,67,65,49,71,89,71,64,57,57,49,56,67
"691",91,87,69,103,81,74,62,65,54,57,57,66,50,55,55,41,69,42,57,45,43,72,68,55
"907046",103,102,77,63,63,67,30,68,31,20,26,60,25,38,26,32,41,22,74,30,46,83,33,50
"1004301",77,82,75,45,102,88,19,67,32,33,22,33,17,34,35,26,34,25,95,30,40,65,24,74
"1085622",81,102,86,82,68,81,77,78,60,79,94,79,61,66,69,68,76,70,73,56,76,81,75,58
"110662",80,91,84,62,87,102,65,69,41,41,52,85,46,65,62,62,80,58,62,67,59,68,63,63
"119864",88,85,91,78,73,102,49,65,63,52,61,80,54,47,59,49,53,47,49,63,65,82,68,79
"1390",102,91,66,66,74,86,52,61,43,63,58,69,47,51,38,62,81,57,67,54,46,66,52,52
"1535204",102,42,73,68,56,47,22,35,21,20,20,56,17,16,11,14,34,14,27,17,11,51,13,30
"1556",90,84,102,86,84,88,97,83,62,66,72,81,64,61,54,58,101,41,67,50,65,67,61,65
"1624",64,62,94,31,83,41,26,46,33,21,30,34,16,43,39,22,25,29,102,28,45,96,23,22
"1751095",88,102,86,66,77,44,21,70,22,18,20,44,14,31,30,24,45,13,50,34,21,65,12,54
"1850246",102,87,93,74,72,95,22,66,33,24,18,64,19,30,25,24,42,25,60,27,28,75,29,58
"1912324",76,83,75,91,90,102,68,78,71,71,81,82,66,68,80,72,90,62,53,85,81,79,75,75
"2153385",102,81,83,79,65,80,46,61,53,40,44,81,49,49,46,39,61,58,50,61,47,51,57,50
"2506452",94,77,71,89,102,77,80,69,79,53,71,78,58,45,53,53,66,59,49,68,57,81,48,36
"2580412",102,77,76,71,73,58,54,77,55,45,49,74,28,58,55,55,57,72,50,60,39,76,43,46
"2731756",102,101,78,56,102,92,74,91,57,58,61,99,61,56,70,55,71,67,88,63,53,85,73,69
"2813035",94,102,84,65,78,84,67,73,56,67,62,74,43,67,44,43,63,45,52,44,45,58,71,74
"28183",102,97,70,86,77,83,66,73,40,61,46,77,49,53,71,56,102,66,76,68,56,82,79,60
"2837511",102,51,58,49,51,40,25,34,14,26,23,53,12,25,19,17,30,15,44,21,18,38,15,29
"2847778",65,102,67,52,68,97,55,65,57,62,59,51,32,53,45,48,61,58,48,58,55,42,67,71
"292628",86,79,80,102,78,84,73,75,68,77,60,85,53,58,63,73,94,54,55,63,61,60,74,83
"2962858",102,65,76,66,60,56,27,60,34,28,30,50,26,38,34,23,33,20,66,14,15,50,26,47
"3037696",102,80,71,68,77,74,55,85,52,45,41,89,37,53,32,44,60,47,70,57,41,69,47,39
"379064",66,96,54,75,67,102,37,49,46,50,37,65,29,42,39,75,86,65,48,67,54,66,72,81
"535712",89,74,102,85,93,71,76,86,67,64,78,79,66,81,91,66,54,61,60,75,62,77,63,66
"1357545",93,97,55,79,87,83,77,75,72,75,52,51,62,70,43,95,88,101,62,75,55,69,86,101
"1983755",75,85,101,71,93,93,63,53,46,51,54,59,49,41,46,66,53,62,52,60,47,69,45,61
"2004710",77,101,71,45,79,76,43,67,29,51,35,46,19,28,18,33,56,37,66,46,23,65,36,54
"2099786",101,61,76,98,76,71,55,61,58,43,65,78,51,64,49,63,70,56,62,64,43,57,48,64
"2590012",80,60,72,61,65,60,37,51,31,51,40,42,101,26,42,19,48,22,40,36,13,35,40,35
"2666100",93,87,76,70,79,101,63,87,64,67,75,67,48,63,64,73,64,49,71,62,72,88,65,64
"2689107",101,78,68,72,77,63,48,45,47,37,44,65,45,41,46,36,58,52,58,46,35,54,48,38
"273528",84,101,74,66,60,82,39,80,63,45,49,71,34,49,32,58,64,53,46,54,41,51,56,52
"2800681",82,55,62,69,97,61,35,101,48,35,39,83,31,50,34,37,52,24,76,28,37,61,29,53
"2823109",99,90,101,69,93,75,97,54,58,93,78,85,64,72,83,72,57,51,66,71,100,68,48,60
"2895485",101,77,63,75,59,57,49,64,47,39,37,50,58,28,34,35,52,40,60,41,50,54,48,39
"2906078",71,101,86,54,76,68,31,57,32,12,20,49,13,35,41,34,39,25,85,33,26,70,29,68
"2949614",85,84,37,101,58,82,17,72,9,20,16,79,12,19,20,16,45,12,44,12,11,41,16,54
"3073563",77,101,79,60,93,85,20,61,21,15,20,52,17,17,21,33,38,23,51,27,27,57,28,84
"33060",94,101,82,70,73,75,60,73,45,39,54,78,46,58,44,50,73,40,53,54,47,65,68,62
"351671",99,101,77,80,97,72,65,87,49,52,58,84,38,59,51,60,60,42,68,36,45,57,49,62
"456163",69,66,71,84,89,101,69,75,57,69,80,68,53,69,56,77,50,55,51,78,57,65,64,58
"51366",101,94,87,85,97,81,60,96,66,61,61,88,70,55,50,51,86,63,98,70,64,71,75,67
"55197",69,87,89,80,101,76,14,81,34,22,33,59,27,36,24,25,55,21,75,29,37,70,26,47
"747522",76,101,79,66,73,91,59,58,51,48,47,73,45,43,49,56,81,77,55,69,46,48,88,67
"860353",101,73,83,73,79,74,86,88,71,72,59,81,58,81,48,65,92,50,83,87,71,62,69,54
"1836467",100,88,83,56,91,70,34,86,35,18,25,70,21,35,29,28,73,27,75,33,33,82,27,72
"1888915",63,44,37,30,46,36,12,38,20,15,17,100,10,20,19,25,23,10,41,16,14,90,19,24
"2208",100,77,90,83,70,91,33,80,63,55,57,88,41,75,48,57,78,49,67,44,51,57,73,46
"2303538",100,94,74,94,84,84,63,88,77,66,59,79,32,58,50,70,86,56,54,76,61,75,56,66
"2339259",74,79,64,76,94,87,46,100,52,52,39,61,45,72,54,52,59,64,72,74,56,66,56,59
"2364271",82,86,83,77,78,80,27,100,54,49,47,56,50,47,47,54,62,43,73,45,51,61,61,79
"2724",77,100,61,64,81,78,52,63,45,62,38,84,35,42,47,62,71,42,71,54,38,66,46,76
"2732364",77,100,68,78,63,93,71,82,60,56,75,78,69,51,67,68,58,72,80,68,63,63,70,39
"279303",47,33,20,100,12,17,15,44,6,19,26,74,15,5,9,10,15,11,10,17,6,20,37,18
"28087",88,97,79,79,94,75,51,81,42,57,40,100,46,60,53,39,55,27,94,42,47,82,38,56
"2818390",51,95,100,88,90,80,33,70,74,50,58,85,53,62,65,54,77,55,65,63,58,52,66,49
"2819101",100,46,65,68,69,69,47,82,52,52,47,84,36,42,55,47,67,32,66,51,39,60,50,44
"2867021",90,100,76,77,72,65,60,84,63,62,54,59,53,44,45,51,81,37,60,50,46,51,42,64
"2894079",100,75,64,70,72,76,60,98,50,57,59,69,45,55,51,54,51,50,76,55,42,84,54,42
"2913621",93,100,77,84,84,78,47,69,36,63,44,73,53,32,39,42,63,34,79,49,52,86,54,71
"3045146",100,78,74,63,84,81,52,67,32,50,48,84,35,51,56,57,78,48,55,55,45,68,66,51
"357794",88,94,75,58,91,86,64,65,46,68,64,74,67,49,59,59,100,40,71,55,60,94,67,69
"365349",61,91,88,66,69,100,40,89,37,55,48,71,40,42,45,39,55,51,65,41,38,79,59,46
"36745",100,76,62,67,81,97,32,52,39,20,33,64,32,37,37,37,46,40,60,30,25,53,34,68
"47951",84,100,66,61,84,76,46,61,52,49,55,77,40,63,57,44,61,59,43,53,50,70,57,57
"493",100,86,70,71,81,82,47,86,45,55,45,67,51,44,58,53,72,54,65,33,41,65,55,60
"584609",83,100,68,83,81,81,35,62,28,17,27,70,30,27,28,24,40,32,73,28,21,65,47,49
"673862",78,100,74,61,65,91,45,65,60,53,49,73,35,67,65,61,70,50,71,45,37,74,64,81
"69710",92,100,62,73,74,90,48,63,60,53,48,76,43,59,46,55,69,56,80,63,76,58,77,57
"1131703",88,99,58,78,82,92,55,61,61,64,52,85,62,71,49,65,77,69,55,74,61,82,64,59
"1737490",97,81,82,74,86,99,49,74,44,51,56,59,41,57,43,50,91,70,74,61,49,58,55,45
"1854498",36,99,25,39,37,48,11,25,10,5,10,27,10,18,23,9,12,12,34,10,14,29,13,41
"187327",99,83,87,81,95,97,79,73,62,80,59,80,68,72,51,68,86,71,76,77,67,81,66,56
"2005460",83,97,72,99,87,68,65,68,46,50,64,68,34,40,56,53,73,56,62,68,33,74,73,79
"2080449",64,71,74,99,78,68,57,72,73,66,57,58,57,56,62,64,65,53,60,71,66,81,53,66
"2650157",92,80,74,38,95,99,39,80,36,31,20,71,35,47,40,31,49,34,82,33,45,72,41,83
"2812863",99,66,84,73,64,69,73,57,93,54,80,62,58,78,76,57,65,63,66,64,80,69,58,82
"2979332",78,99,88,82,78,77,59,64,75,81,73,89,45,69,56,70,82,74,63,51,68,67,54,65
"3047872",99,75,46,49,53,54,43,41,38,31,28,45,24,41,49,38,51,34,49,35,46,46,43,50
"3051121",87,99,87,72,67,82,31,79,30,33,33,64,34,40,43,25,50,40,84,34,33,79,41,64
"3070660",99,90,89,55,88,67,28,83,28,21,26,75,22,37,24,28,48,33,81,28,26,97,27,64
"329854",92,81,81,49,78,87,35,88,40,48,28,73,25,39,50,32,51,29,69,38,48,74,39,99
"342950",99,48,48,36,74,44,31,44,29,23,26,37,22,25,19,18,29,18,40,15,29,34,22,28
"544645",94,81,78,64,74,86,48,82,42,38,59,99,37,53,45,47,70,43,81,39,35,84,66,79
"565560",84,66,99,73,77,75,89,49,72,72,59,54,67,70,66,60,59,68,53,51,60,61,52,41
"67313",89,95,86,76,96,98,99,79,91,67,77,56,60,73,92,75,77,77,72,65,68,75,61,61
"885581",99,67,53,67,83,98,42,78,55,51,51,74,35,41,37,48,48,59,63,45,50,50,59,60
"1470067",85,66,72,98,72,52,68,70,63,67,69,65,62,48,53,28,60,21,43,39,54,68,45,32
"1481923",98,85,57,85,93,64,33,65,64,51,56,69,38,48,40,35,68,46,58,48,41,49,51,42
"158",85,98,80,73,73,83,56,91,35,42,33,65,51,45,48,43,66,50,69,62,49,50,41,60
"1936081",98,73,74,72,73,67,31,69,26,29,22,49,28,29,28,13,38,19,57,27,34,57,22,59
"2083052",98,54,81,54,47,50,35,35,25,31,41,39,29,37,36,27,35,36,53,30,46,39,27,45
"248906",83,94,98,75,85,86,33,91,36,27,20,76,39,22,27,21,57,44,62,34,34,82,44,58
"2684405",54,98,66,74,72,82,64,58,63,65,65,82,62,46,52,71,57,74,78,55,53,71,53,67
"2857064",98,64,97,82,91,71,57,71,52,63,48,68,45,56,41,45,79,61,85,65,47,76,46,61
"2954087",98,77,55,88,96,75,63,67,51,71,59,64,42,41,55,57,69,34,54,60,37,56,40,64
"2983228",72,79,84,81,77,98,72,83,75,69,79,62,71,80,97,59,76,70,60,72,60,72,68,62
"3025672",95,92,78,68,98,69,58,58,51,68,67,64,65,61,58,63,50,57,60,54,45,69,72,68
"309805",98,87,71,80,68,78,51,52,48,62,44,68,57,59,54,62,54,40,63,58,67,68,82,66
"44000",98,84,78,95,85,81,48,84,62,66,50,85,39,61,40,58,71,41,64,61,43,66,59,70
"51515",98,81,78,74,64,70,48,67,51,45,39,49,35,47,52,49,71,51,57,47,58,59,58,67
"135618",96,73,77,54,77,85,61,77,43,43,48,81,52,36,48,49,71,53,97,48,63,66,51,47
"244582",41,62,64,16,84,37,23,21,49,11,15,23,11,52,24,20,10,14,47,15,45,97,10,7
"2755562",62,55,68,58,83,38,15,65,27,39,34,39,28,33,28,26,32,26,97,29,31,70,29,48
"28182",93,97,75,83,88,73,60,87,36,56,51,53,58,58,46,41,76,64,61,48,50,43,75,63
"2820002",87,65,62,51,97,72,29,63,12,30,26,55,30,16,21,29,36,26,58,18,26,51,26,29
"2953738",14,27,29,31,17,27,19,23,18,13,22,22,14,17,13,12,15,18,97,21,17,11,27,18
"330734",94,97,94,69,67,93,53,74,72,65,48,69,65,57,55,68,60,50,74,53,42,81,85,61
"398736",95,90,81,74,85,94,57,97,50,44,44,68,46,51,78,54,56,59,67,66,43,63,61,44
"82135",92,97,55,77,49,92,53,59,55,65,52,78,35,46,43,52,77,44,46,71,46,70,77,60
"1509244",96,88,82,84,91,91,61,61,41,44,56,46,47,57,45,60,75,58,73,54,49,76,51,69
"1525218",93,95,53,56,96,65,57,75,49,55,51,61,49,53,50,58,48,47,56,45,50,48,66,53
"1816183",90,96,81,78,74,90,73,77,74,76,71,78,50,54,92,65,67,67,57,64,62,66,55,53
"252356",72,96,77,53,61,76,21,53,25,19,18,80,25,25,31,20,45,27,85,38,32,90,49,57
"2593655",96,88,80,88,79,74,47,82,60,46,37,69,55,43,47,58,50,44,58,49,36,64,68,49
"2614441",95,73,96,58,73,55,20,51,24,14,14,53,22,28,26,27,23,16,49,23,25,66,28,50
"265949",96,66,63,47,78,45,40,56,58,53,48,42,53,41,57,46,42,43,45,30,44,29,46,60
"2675054",92,88,93,71,76,94,59,96,70,58,73,73,49,69,51,57,75,73,53,60,61,69,75,65
"2729421",96,78,77,74,96,81,71,59,67,69,56,85,68,62,56,47,61,59,73,47,49,77,66,58
"2834459",96,71,57,65,78,73,60,82,59,76,47,77,36,61,64,57,61,66,74,54,57,56,63,58
"2913620",80,96,80,80,67,80,49,65,49,39,50,69,44,55,47,66,67,49,56,40,39,81,49,52
"292566",77,96,55,78,64,94,46,71,55,52,64,78,42,61,59,61,66,62,55,62,59,71,74,74
"555319",87,95,70,80,96,75,77,60,76,54,64,83,55,67,69,72,52,95,75,77,71,53,74,72
"1165090",85,95,83,51,59,82,32,67,14,30,29,50,17,35,25,31,41,21,65,26,22,68,22,56
"1522",85,90,76,77,67,95,76,83,68,56,65,90,53,49,72,64,83,57,77,67,67,75,43,83
"158483",84,95,78,94,91,58,51,69,71,52,60,87,56,63,68,58,73,52,73,70,56,78,51,60
"1769012",74,83,95,36,75,63,20,61,27,24,14,60,21,40,42,28,48,25,58,35,25,67,15,63
"2038776",77,79,81,62,95,87,33,70,29,28,21,69,21,39,30,36,46,19,57,22,39,66,27,60
"2067959",95,93,78,85,82,91,52,87,62,74,73,79,35,78,63,67,62,56,63,41,74,69,64,65
"221345",58,95,57,64,48,77,53,55,50,49,54,72,35,48,52,62,46,52,52,59,38,41,59,40
"246167",94,69,83,89,76,95,59,54,60,56,64,74,49,55,48,46,75,55,81,55,51,61,81,76
"2589987",95,65,65,66,73,50,42,71,36,42,51,53,39,35,40,40,55,36,52,41,44,63,52,57
"2654676",88,72,94,76,83,95,36,75,26,27,23,81,32,36,35,22,55,30,78,29,39,81,37,80
"266749",78,92,77,61,57,88,41,95,42,40,28,65,24,57,54,27,48,33,80,29,33,85,42,56
"2735562",95,69,84,88,84,70,64,86,60,61,64,70,37,63,51,49,62,55,54,59,47,54,50,39
"2842852",35,52,25,34,18,23,0,95,3,4,1,50,0,1,1,1,57,1,10,2,0,30,3,18
"2935863",92,77,82,94,86,95,41,89,58,53,53,68,38,57,54,52,51,41,63,44,70,68,52,80
"43662",92,95,87,81,71,56,67,68,47,52,41,95,38,61,49,63,81,70,79,52,55,60,53,59
"45658",95,85,64,74,69,80,46,70,43,48,35,65,44,53,42,52,43,32,52,64,46,83,49,62
"481146",95,94,73,79,86,82,71,76,70,60,75,93,56,60,43,51,83,43,79,58,57,71,60,78
"85020",95,95,78,89,52,88,83,75,77,59,68,62,66,77,69,45,77,57,66,50,59,74,80,64
"97084",88,64,62,62,95,54,39,84,30,22,15,39,30,28,21,32,50,21,59,22,24,55,28,28
"1074311",82,90,64,78,75,81,75,61,57,61,58,84,49,52,50,56,81,65,80,62,54,94,58,60
"1291540",85,76,53,94,72,70,61,87,65,60,58,82,46,65,68,74,71,79,58,56,53,64,49,71
"1434100",73,77,57,94,78,75,73,83,65,85,70,71,53,45,66,57,64,58,40,65,60,50,54,46
"1940790",94,94,81,53,87,92,85,84,47,53,45,61,44,66,46,64,85,50,67,60,55,71,64,63
"2109558",94,68,43,71,54,55,20,65,19,23,19,51,7,20,12,11,21,19,38,18,14,43,18,28
"2547600",94,91,61,42,76,65,29,52,25,24,25,49,21,37,34,26,52,40,63,29,25,66,25,67
"2592817",86,72,80,68,58,94,70,74,55,50,60,79,62,66,46,59,71,60,51,49,64,68,74,75
"2672567",94,58,77,63,82,63,25,62,46,26,20,48,24,44,45,31,59,23,59,44,39,60,35,56
"2779360",94,72,71,39,50,54,16,51,22,27,39,59,28,17,27,18,35,22,57,21,21,55,26,44
"2813779",68,94,56,55,62,73,63,55,46,53,51,52,55,39,54,57,44,60,61,56,57,69,64,57
"2848887",6,0,0,2,2,1,0,5,0,0,0,2,0,0,1,2,1,0,94,1,5,0,0,1
"2906076",83,94,60,69,91,69,20,44,26,16,22,47,19,24,30,18,30,30,67,30,22,68,22,49
"2966554",82,87,94,65,90,68,46,83,36,36,29,81,45,43,53,61,69,43,59,56,45,77,42,49
"3050112",94,65,66,70,70,55,44,66,44,24,41,61,40,50,29,35,51,32,56,41,44,59,30,67
"3074147",94,30,59,44,59,34,23,36,37,28,30,27,21,25,24,18,20,24,33,19,27,50,34,28
"453161",94,76,77,78,92,92,59,80,49,61,48,65,50,65,59,56,59,59,76,60,53,78,66,65
"504",65,65,65,59,55,94,48,69,28,33,53,61,39,27,36,41,28,36,59,43,29,47,49,48
"556053",94,63,58,48,76,82,35,59,33,37,35,52,45,44,46,40,48,28,64,36,35,60,46,48
"683124",79,94,73,53,52,73,24,62,23,25,14,46,18,20,26,20,38,22,71,14,28,66,28,39
"762954",70,85,83,41,94,62,19,59,26,27,12,51,12,14,21,21,30,28,43,14,22,60,20,45
"86665",93,91,72,66,77,94,51,60,57,49,46,57,53,57,55,33,63,51,61,48,44,67,64,59
"1357",78,59,73,93,68,56,44,76,36,49,41,55,36,50,45,35,77,40,48,48,34,46,50,58
"1532552",93,86,67,76,85,60,29,60,29,40,27,58,30,39,40,21,37,42,46,30,28,55,40,35
"1570939",81,93,82,89,82,84,91,55,83,74,63,69,62,63,74,78,85,61,85,72,58,56,77,72
"1592728",73,93,71,65,68,83,69,60,74,67,43,55,62,48,50,75,66,45,52,53,38,57,59,51
"1632",76,89,63,69,93,64,46,76,65,70,50,61,55,71,47,56,60,53,81,60,70,86,67,53
"170651",60,55,45,59,66,93,47,54,31,46,27,41,28,29,20,33,46,34,42,42,28,49,62,49
"1737359",93,91,75,74,84,75,67,68,70,62,66,53,63,73,65,58,61,66,56,62,63,50,50,75
"1968541",82,93,76,83,83,79,54,71,57,79,50,81,39,76,60,69,64,51,60,54,59,62,61,69
"1968775",73,81,68,74,60,76,57,70,47,43,52,93,39,43,43,36,49,36,44,32,47,65,38,59
"197222",93,60,56,60,63,64,38,65,33,37,46,43,27,51,39,43,58,34,56,34,52,62,49,53
"2020965",93,71,69,76,86,87,80,73,63,67,72,79,63,77,57,76,71,71,51,71,58,63,67,53
"2049305",80,71,71,56,88,64,36,70,42,27,27,56,16,36,44,41,42,33,93,42,33,89,47,45
"2172099",53,93,60,52,64,64,32,60,28,34,58,42,29,35,36,29,43,22,63,43,34,46,28,41
"2594463",77,93,65,78,62,52,60,67,51,44,42,71,62,61,50,53,68,43,45,44,46,62,25,43
"2608253",93,56,51,44,69,68,26,55,28,17,16,56,25,25,31,27,44,20,59,25,34,61,28,43
"2837508",93,76,62,67,83,62,56,69,54,51,44,70,42,53,48,44,72,38,59,41,53,54,46,51
"2864209",61,93,66,78,76,90,61,66,77,63,77,87,52,60,54,57,76,65,71,54,59,51,78,56
"2961619",78,93,49,59,44,71,49,82,50,40,47,68,32,36,34,29,69,37,61,41,40,65,56,36
"3038772",73,93,49,62,63,73,24,47,28,27,37,71,20,38,36,31,40,37,79,35,31,59,40,44
"412034",93,68,54,53,70,59,46,63,49,54,66,65,36,71,40,49,75,48,59,55,56,64,39,44
"45497",38,25,84,28,77,33,20,23,93,21,20,24,23,50,49,35,19,17,76,23,55,55,34,27
"51589",81,81,81,93,61,77,75,58,72,50,63,56,55,59,57,60,63,54,60,62,60,74,63,51
"573501",54,62,58,42,63,71,13,93,21,18,18,61,15,20,25,31,29,18,60,28,22,59,25,51
"821",86,76,72,53,93,67,36,62,36,17,35,59,26,32,36,33,38,42,65,27,22,77,27,66
"870",93,61,68,54,51,64,28,59,38,37,38,51,32,44,42,34,42,38,41,25,23,59,44,40
"1761789",92,88,48,67,66,71,53,76,60,48,43,79,51,64,53,56,50,47,52,66,59,69,48,68
"1941349",72,92,54,76,71,77,62,62,51,55,50,81,50,71,48,46,52,44,78,72,57,58,51,67
"2052660",90,52,92,59,79,61,28,46,47,40,40,57,27,44,45,17,42,24,40,31,36,70,42,30
"2069256",90,91,66,74,62,60,69,67,52,50,55,92,49,36,42,64,51,42,64,61,45,51,34,52
"2487063",56,92,45,29,28,78,13,44,19,20,10,38,20,26,18,20,30,19,36,18,18,42,34,48
"2689109",92,50,48,34,51,53,26,57,29,39,23,40,27,46,33,33,45,33,50,32,35,37,32,32
"2713414",66,92,84,48,88,72,23,51,28,25,21,69,33,33,32,35,56,19,75,24,34,65,43,59
"2932268",65,92,47,48,53,61,21,74,20,19,21,55,12,25,23,20,35,24,45,25,18,42,23,50
"29484",92,82,48,65,45,72,41,66,50,49,50,54,35,45,53,42,56,40,39,41,36,42,53,53
"314343",64,92,57,37,60,75,42,57,28,63,38,49,39,40,51,37,59,38,62,43,43,63,66,49
"35742",65,92,65,56,54,79,71,68,41,57,71,83,50,43,72,64,71,70,56,69,48,47,55,71
"568766",81,92,46,73,70,56,47,49,52,48,53,46,42,43,49,36,38,45,29,43,45,41,45,48
"696485",83,69,60,62,66,92,42,63,46,33,50,77,45,51,39,46,45,32,58,47,45,62,52,53
"909656",79,92,71,69,87,80,50,82,31,34,33,80,22,41,35,38,58,29,56,37,33,74,42,75
"1179670",70,91,77,84,72,62,66,62,64,50,58,49,52,65,71,54,65,64,49,39,53,46,83,50
"1482",82,45,91,40,70,48,21,44,45,24,31,34,19,42,37,33,37,24,64,18,45,85,28,36
"1500686",91,62,66,77,84,59,38,54,38,49,32,72,33,36,37,38,58,40,66,41,52,61,43,53
"1501",78,86,66,81,88,91,48,73,51,41,43,52,49,60,33,42,70,50,64,52,37,77,77,69
"1581680",91,72,74,62,82,69,59,57,61,38,50,57,48,48,42,50,46,41,90,44,53,75,46,58
"191026",78,85,83,69,91,70,79,69,54,55,47,79,46,59,57,47,81,67,55,56,62,75,79,73
"1917830",78,90,64,82,70,67,38,91,45,41,34,70,22,57,28,38,56,25,85,34,46,74,47,54
"2108399",91,83,83,86,76,74,45,83,49,43,58,57,45,47,30,41,48,46,61,43,47,58,52,51
"2184581",91,68,55,60,58,67,65,81,52,48,42,57,34,40,37,47,69,52,41,51,29,49,48,35
"2592382",91,87,90,72,66,68,52,64,61,48,61,57,48,48,45,40,54,49,45,43,45,70,54,60
"2707174",91,49,72,41,80,52,35,69,56,21,21,35,25,39,48,17,36,12,75,20,54,52,21,32
"2735723",10,5,79,3,91,10,5,3,37,7,6,8,2,32,24,2,7,0,44,1,24,60,7,6
"2763672",91,91,73,73,59,77,59,75,54,49,40,60,45,49,50,45,55,49,65,47,50,53,42,46
"28127",90,89,91,75,75,77,43,89,42,43,58,63,29,51,46,61,67,43,81,61,45,84,67,71
"2864212",91,64,70,65,66,62,47,56,38,46,56,54,53,48,49,40,69,57,53,50,47,50,54,61
"2929492",91,81,66,85,76,66,50,71,54,65,88,72,54,59,52,65,67,52,60,70,56,76,55,71
"38986",66,75,54,43,63,91,28,46,40,43,39,50,23,34,29,55,71,38,45,60,34,53,78,39
"52443",53,91,54,55,56,80,31,46,50,39,30,59,25,52,48,41,60,48,47,52,29,57,53,58
"546367",61,91,85,61,48,71,49,66,51,50,52,51,54,36,61,42,52,50,50,50,37,55,52,56
"681157",87,77,86,65,83,58,80,91,62,68,70,77,56,72,66,72,79,42,65,45,43,67,49,71
"683737",89,91,68,67,79,62,38,80,47,59,77,48,35,45,49,55,57,49,61,36,48,61,49,55
"863",79,90,75,67,74,73,61,71,67,55,57,63,38,71,50,47,91,63,66,66,56,72,65,72
"1660083",72,84,72,65,51,90,71,51,57,72,53,55,59,83,59,65,60,68,51,66,59,65,52,49
"2060084",58,83,90,67,84,89,60,53,60,58,47,46,49,58,58,59,73,75,55,63,53,85,61,45
"2259672",65,73,58,90,66,62,66,74,74,61,65,60,50,61,71,41,62,39,44,60,53,37,66,67
"240411",90,60,41,45,76,74,54,58,47,41,38,48,46,51,50,45,59,41,74,40,50,72,59,43
"2485124",86,70,71,54,73,58,62,90,57,48,71,88,50,66,47,36,55,45,59,37,54,58,57,48
"2575375",66,90,85,64,76,58,44,62,48,43,36,67,80,51,42,46,66,47,56,47,53,54,53,60
"2606450",88,90,55,69,65,80,49,68,49,42,51,46,36,50,42,53,45,44,52,46,60,72,57,58
"2686365",90,68,73,54,78,86,19,59,17,22,28,50,21,18,38,24,36,26,46,24,26,53,24,51
"2778056",68,90,64,57,43,50,33,69,50,55,40,83,43,49,41,44,58,33,53,54,40,45,37,53
"28895",90,84,65,84,56,67,37,73,54,45,43,64,30,38,47,44,55,34,54,44,26,55,45,40
"29485",69,53,39,37,64,90,48,63,46,46,42,49,32,38,38,39,42,55,54,42,27,48,48,54
"29498",77,90,69,63,82,89,49,47,33,51,61,59,39,55,47,34,43,58,65,57,56,68,60,34
"2994495",90,89,69,59,78,78,45,70,57,43,61,53,38,41,40,57,39,43,58,54,58,61,42,52
"2999116",90,90,71,68,72,89,46,54,49,56,59,74,54,41,44,45,57,38,52,47,40,55,57,47
"31953",87,80,72,90,76,70,60,74,69,80,57,73,62,60,61,53,62,65,67,84,67,62,74,43
"326454",90,73,84,68,82,64,51,58,51,75,54,55,46,49,65,52,74,52,56,67,45,71,54,71
"359303",85,65,70,64,65,90,73,69,43,66,51,69,65,53,51,53,82,59,71,64,61,71,62,59
"456827",90,86,64,77,65,64,80,59,57,76,72,61,60,45,43,76,62,68,69,73,41,52,90,76
"51101",79,90,68,82,78,58,37,66,58,50,53,61,63,52,59,68,60,54,57,49,56,68,66,58
"583",86,87,73,74,90,75,50,62,62,44,51,71,36,44,52,38,74,29,54,57,35,73,43,52
"680279",59,77,38,64,80,90,42,57,44,50,38,81,42,57,45,66,50,37,62,44,49,52,52,48
"685565",67,70,73,62,76,90,70,67,56,58,62,49,53,50,48,50,60,61,43,58,40,58,60,57
"70864",86,90,68,53,72,87,40,65,44,42,32,53,41,45,30,34,55,41,51,32,37,59,34,46
"105841",73,89,67,60,51,81,34,58,56,55,62,64,48,44,56,45,63,69,49,50,41,62,62,49
"1173283",84,89,66,45,49,70,48,62,47,63,48,72,59,46,63,44,50,55,50,55,36,73,62,56
"118000",89,79,57,65,60,88,41,49,36,45,34,54,45,42,45,30,56,34,58,57,52,62,55,55
"1303",89,64,66,74,52,72,34,56,46,42,41,53,27,38,43,33,46,44,59,39,44,48,60,41
"1609968",12,7,47,12,66,12,8,20,89,6,9,7,4,57,56,6,7,6,59,6,34,32,5,9
"170679",77,80,80,69,89,71,46,53,48,42,50,59,30,63,42,57,75,58,51,37,40,64,37,68
"1796616",89,89,63,46,54,73,40,53,42,48,33,66,38,39,44,62,53,47,57,44,65,39,50,44
"1824638",67,89,49,52,67,60,48,44,51,52,38,44,29,42,44,30,44,47,53,39,39,66,53,49
"1982747",8,15,40,4,19,7,6,16,12,3,8,8,4,9,11,2,4,5,89,5,8,24,11,12
"2018052",65,89,68,66,46,63,34,49,33,42,36,52,28,53,46,43,54,47,54,41,35,67,45,42
"2058152",89,64,79,88,79,75,76,65,70,67,71,73,51,75,59,57,65,50,63,50,49,73,53,62
"2185111",61,47,69,54,89,35,28,43,36,18,40,59,29,27,26,35,31,36,60,35,30,57,26,22
"225848",64,74,65,63,51,75,53,89,46,51,22,74,30,50,44,52,60,46,40,32,45,54,38,53
"2500547",62,89,62,39,76,66,29,58,26,25,22,29,22,27,29,21,38,12,40,26,29,60,42,35
"2594454",76,76,64,89,75,73,67,66,78,79,72,77,66,47,63,58,55,70,75,62,48,62,63,34
"2746932",78,82,71,66,70,89,50,86,65,43,50,62,53,59,56,64,48,58,57,59,52,78,65,63
"2766701",89,69,68,63,52,71,41,74,48,56,59,63,41,51,39,57,58,56,63,57,57,78,57,58
"2925845",85,78,68,72,67,69,40,72,36,49,68,89,40,46,32,40,68,61,65,61,31,66,82,60
"3070681",89,89,60,77,71,69,41,72,42,55,54,42,35,42,45,46,49,47,52,52,43,59,41,52
"34067",79,59,89,48,67,47,53,69,39,36,46,59,52,51,45,26,56,45,58,45,40,54,50,47
"373891",88,89,73,63,83,70,23,77,33,24,25,76,29,30,28,28,51,38,73,25,34,75,31,58
"59734",48,89,47,36,59,62,22,43,31,17,17,48,15,23,21,21,41,23,64,34,25,48,36,40
"732",89,89,52,76,80,74,46,74,49,34,51,58,46,42,43,43,64,43,69,44,41,78,64,48
"1234545",88,68,59,64,84,58,49,75,35,34,54,55,44,36,22,48,40,43,68,37,45,53,27,39
"1296",88,74,70,71,57,69,32,57,41,35,42,55,31,29,26,29,47,24,56,20,42,69,26,58
"1336796",76,76,64,58,88,59,18,48,38,18,18,61,22,30,34,20,46,16,65,27,37,55,30,53
"152161",81,82,80,62,81,88,60,76,61,65,63,72,60,56,59,58,83,54,59,63,67,73,67,52
"1652495",79,80,56,58,88,64,74,82,57,50,65,68,46,54,60,49,62,42,59,45,66,57,49,55
"1743173",88,37,50,32,46,30,21,36,34,33,22,38,34,22,43,16,25,21,34,30,32,31,31,25
"1853224",71,60,73,57,73,52,68,57,53,71,88,57,54,58,64,56,52,44,68,56,57,63,37,45
"2083054",88,70,76,62,74,46,38,63,28,43,42,60,33,45,42,35,43,30,60,39,50,67,36,40
"2107707",84,88,69,58,87,62,64,70,63,76,71,60,57,72,71,74,67,45,58,52,62,72,49,57
"224372",88,61,66,65,79,79,32,66,40,45,56,67,45,40,55,43,45,44,55,45,50,42,53,50
"2594269",80,88,87,75,79,79,32,72,37,32,25,52,32,37,27,26,52,27,53,41,47,63,54,58
"261964",68,64,65,68,81,62,42,88,47,35,55,87,38,46,51,37,63,46,68,41,47,63,48,54
"2654325",88,71,76,71,69,43,13,56,22,22,17,55,8,28,28,10,39,15,60,21,20,62,16,79
"2846399",47,56,67,36,42,38,2,88,1,0,1,59,1,3,1,1,69,0,41,1,0,76,1,23
"2897181",73,75,88,46,68,59,14,52,17,25,13,40,17,25,21,24,31,18,68,24,31,75,32,35
"2914983",88,71,74,41,82,83,38,65,55,41,43,57,48,45,28,41,56,38,57,42,34,67,50,53
"2916802",55,80,83,63,88,73,54,81,49,50,52,72,40,43,49,55,61,56,61,48,45,74,51,65
"2933816",88,80,75,85,73,58,61,70,58,51,57,54,52,56,52,56,42,50,52,53,57,56,50,59
"2986831",88,83,66,71,69,57,25,41,24,18,22,43,22,23,25,16,28,26,54,24,22,60,39,67
"43661",77,84,86,65,77,88,57,68,61,47,43,73,58,45,55,41,50,40,75,54,55,52,87,49
"53336",85,88,59,87,70,70,66,80,54,60,49,60,31,46,57,40,52,55,48,40,27,53,42,63
"640030",88,67,66,69,71,79,63,75,41,69,52,63,43,68,68,54,69,52,66,37,63,73,54,64
"1031538",80,87,52,87,62,60,49,81,61,42,50,64,42,44,51,43,67,54,73,75,57,66,59,58
"1071983",85,70,66,80,69,87,54,60,36,39,40,56,32,55,49,34,50,26,75,39,47,62,35,38
"118968",76,81,58,48,67,84,47,87,48,31,46,60,40,54,39,31,73,39,68,49,43,67,57,56
"132920",71,75,59,49,66,83,46,55,37,41,50,87,42,45,49,43,60,51,45,50,30,44,54,47
"1763534",72,87,66,63,56,76,19,48,24,19,21,43,14,26,36,9,34,23,53,19,35,67,31,45
"182180",73,77,75,87,64,66,55,80,55,54,45,70,40,51,49,35,65,51,68,44,31,46,40,54
"2609256",73,87,74,68,80,74,59,58,62,70,71,49,66,72,68,72,75,44,61,46,75,56,48,53
"2715735",66,87,67,76,66,75,61,51,61,48,51,65,33,44,32,35,44,40,56,47,50,54,51,49
"2751178",79,81,62,73,66,87,59,72,48,46,50,71,52,56,48,52,69,42,67,43,40,87,60,53
"2920386",75,85,87,69,69,83,33,66,44,24,33,84,19,50,38,39,37,26,81,32,35,49,32,74
"2924033",70,79,60,76,87,76,53,69,43,45,31,68,36,48,39,39,79,49,54,50,40,53,53,65
"3074148",22,18,19,13,23,25,19,15,13,9,21,23,13,10,18,20,16,9,16,6,23,18,21,87
"400946",76,67,77,59,87,61,46,63,42,38,30,67,36,55,30,47,61,31,76,44,35,63,41,49
"416344",87,63,61,82,67,74,51,82,47,48,45,69,39,34,41,49,48,55,37,41,35,40,46,45
"477976",87,73,51,66,55,50,54,53,46,41,32,52,36,35,38,37,46,52,51,49,49,44,39,34
"69967",87,74,70,71,66,68,52,69,50,62,38,53,41,51,36,46,61,59,56,55,36,51,62,56
"84030",87,86,81,85,77,60,71,64,57,55,51,70,56,59,44,60,74,46,69,74,59,54,59,82
"84032",81,87,60,78,78,80,44,61,48,41,42,55,32,40,47,53,66,55,69,50,31,47,62,69
"97050",87,53,55,52,79,66,49,49,39,58,57,51,40,32,40,53,65,43,65,60,36,48,48,39
"1018",70,74,68,55,70,86,27,72,30,34,19,50,24,27,24,25,36,25,52,30,25,58,30,60
"1472767",86,67,85,86,71,72,51,64,56,40,44,42,49,60,50,39,57,33,69,54,40,74,55,45
"1481914",67,69,51,60,54,86,51,59,57,38,43,69,32,54,52,59,51,46,61,46,46,54,37,37
"1736674",86,75,78,58,76,68,31,73,39,24,19,36,21,26,25,28,54,21,67,24,25,57,27,64
"1743159",86,79,52,77,80,69,37,51,32,32,50,47,23,40,30,42,43,28,43,31,30,59,33,36
"1758398",86,50,54,40,57,32,32,40,26,16,34,38,13,25,28,25,35,24,32,33,19,31,20,38
"1790137",84,54,86,59,74,69,19,65,14,30,25,56,14,20,23,24,43,23,73,17,21,66,20,44
"191303",17,22,86,22,84,13,15,14,61,11,9,17,8,50,48,10,10,9,55,19,34,80,17,13
"2054915",86,75,78,63,73,74,61,58,45,64,63,69,59,46,45,49,57,46,67,54,56,56,64,67
"2269",74,77,62,72,86,60,49,53,67,59,49,60,45,59,43,46,63,70,59,58,43,62,65,64
"2668067",59,74,58,62,57,86,22,59,43,37,47,47,42,50,39,49,52,48,44,37,39,54,53,61
"28184",86,82,68,58,58,80,34,53,32,34,43,60,33,40,28,42,46,44,42,26,46,55,62,46
"2880988",86,86,83,43,49,54,56,45,46,40,48,43,43,34,43,45,46,52,58,36,41,63,56,34
"2980107",71,86,66,58,58,76,33,72,29,17,14,65,14,18,21,17,43,21,64,32,26,59,49,47
"2983235",71,86,61,60,72,66,65,54,60,64,55,53,57,52,51,60,50,56,47,38,54,63,42,47
"3047864",83,65,58,61,86,57,47,79,33,33,46,73,21,39,42,51,60,38,52,49,34,60,38,51
"33038",66,86,69,58,58,55,36,53,38,34,35,64,31,42,39,28,44,40,50,39,35,51,51,45
"40520",73,71,52,52,69,86,41,59,47,37,50,68,51,52,39,51,52,34,61,59,39,68,58,57
"554880",76,73,71,86,42,56,42,49,55,36,48,56,35,34,45,38,37,39,65,33,25,84,29,55
"76123",86,65,82,63,78,83,48,76,43,41,46,80,33,40,43,44,62,43,64,47,33,55,37,51
"1441386",71,77,66,75,54,76,53,60,46,55,62,77,46,69,63,53,70,46,56,66,61,85,79,64
"1449788",85,41,21,22,27,31,9,39,11,10,9,26,9,10,6,8,22,8,28,14,7,18,8,12
"1534",83,82,81,85,75,72,62,78,33,43,49,54,29,50,39,44,64,32,48,42,33,49,46,50
"156213",53,85,55,67,64,65,40,58,43,36,59,44,46,48,40,54,75,69,43,70,35,53,74,51
"207949",72,73,53,83,85,71,35,72,53,39,42,62,49,40,62,23,52,37,58,35,54,50,40,42
"2743001",85,52,65,59,75,81,62,71,49,64,44,48,41,41,48,45,65,54,42,46,43,47,61,43
"2878534",85,85,78,47,60,67,24,50,30,29,21,49,28,19,30,19,51,15,68,26,26,64,26,56
"2908840",74,50,74,46,85,73,50,44,59,51,36,65,38,40,55,46,54,54,70,41,40,53,50,50
"29423",85,63,39,52,67,69,52,46,29,30,26,54,25,35,31,26,55,30,39,42,26,46,43,33
"432330",72,77,85,84,77,74,65,47,68,59,72,75,53,69,71,65,66,46,47,54,58,65,67,40
"55208",71,85,77,76,75,76,58,59,57,41,47,57,54,58,46,64,73,44,46,40,34,79,54,59
"628",85,70,51,60,69,75,40,55,35,34,40,45,25,52,22,36,61,37,59,40,42,59,44,29
"72803",64,85,68,67,60,60,59,64,53,59,62,69,44,44,54,54,81,47,52,48,54,48,58,51
"930802",73,70,76,63,85,67,33,66,19,21,27,68,14,29,31,34,47,23,65,22,32,62,25,60
"106654",58,57,84,40,75,29,22,39,30,25,20,33,19,20,17,27,26,26,52,30,16,46,22,39
"1147",84,64,62,46,68,60,57,55,43,51,45,49,34,47,40,44,54,43,43,48,45,68,40,62
"1177574",59,48,54,38,42,55,20,84,27,28,16,40,21,28,27,18,42,23,45,34,23,43,19,40
"1243",75,84,53,51,62,70,36,71,52,24,40,47,32,32,35,35,59,17,58,40,24,63,42,48
"1507808",84,65,73,79,66,54,40,42,39,49,57,53,58,45,44,50,71,56,55,48,55,47,36,55
"16",84,71,77,45,51,54,38,54,52,42,37,56,32,49,52,28,57,30,61,24,46,57,53,38
"1721",80,74,65,82,64,65,56,84,65,67,61,72,57,55,46,63,72,55,45,55,53,49,51,51
"1756149",84,49,68,46,51,65,12,50,17,19,11,26,14,23,23,7,35,20,62,17,18,45,27,54
"195522",79,75,52,76,57,56,55,63,55,59,84,48,40,70,38,47,48,64,56,35,52,64,40,35
"198467",84,37,68,67,64,48,33,66,42,25,33,50,23,41,33,17,38,30,47,31,30,46,30,36
"2211106",68,77,63,84,79,63,48,80,39,37,47,81,31,51,45,53,46,39,82,47,51,67,40,48
"2518176",84,71,70,55,61,80,39,57,53,42,43,70,35,52,44,45,44,31,50,55,49,54,39,51
"263819",84,42,46,42,64,53,37,72,38,42,40,38,51,48,43,41,39,33,45,29,28,60,32,35
"2686078",77,84,66,51,51,80,33,59,40,18,34,55,15,39,37,37,52,15,63,40,30,57,30,47
"2686363",84,70,54,76,39,42,12,58,23,10,10,42,12,17,16,14,26,12,44,19,24,55,27,33
"2719119",64,84,61,65,54,48,68,58,41,39,48,49,25,52,41,50,42,44,55,27,34,62,53,40
"2785912",78,84,51,64,78,58,45,62,48,44,40,60,44,50,34,42,54,53,56,43,55,50,34,57
"2933563",84,52,55,23,24,41,14,15,12,18,24,14,18,18,13,19,26,20,16,25,10,21,27,47
"2996112",84,64,61,42,74,74,46,34,37,41,47,41,41,32,36,40,46,37,46,39,29,49,46,46
"3021011",69,84,68,65,66,76,46,64,51,37,42,78,38,45,45,28,65,51,40,37,49,60,49,57
"3046369",60,61,61,66,54,84,48,78,42,52,62,60,43,62,40,47,71,60,51,58,63,60,65,46
"383750",72,71,66,78,84,64,45,73,47,43,58,74,44,47,56,56,78,52,44,53,33,62,26,67
"45067",73,84,66,51,52,79,36,75,46,47,39,76,34,39,35,31,64,39,72,38,41,61,56,60
"483913",84,53,51,68,54,74,46,53,53,34,63,62,36,50,31,41,46,32,65,34,16,34,52,53
"663",84,58,54,69,64,66,39,67,32,49,39,44,29,41,28,44,53,36,55,35,31,46,40,60
"750",84,76,82,68,80,76,38,71,44,51,49,64,36,43,51,45,60,27,57,51,41,49,45,60
"1536770",76,83,47,58,62,61,46,42,41,43,33,58,36,36,45,34,39,31,48,41,20,78,42,47
"1578",72,61,69,63,75,83,50,66,52,37,42,61,38,45,54,42,71,36,77,40,46,55,46,59
"192073",78,83,67,62,66,76,65,51,43,55,39,53,31,53,30,40,49,50,57,39,36,66,39,55
"2070463",65,43,78,43,83,41,39,52,38,24,25,29,14,36,31,24,31,20,69,19,25,60,24,36
"221350",73,61,47,58,62,83,43,67,52,53,51,75,51,52,62,39,51,51,42,49,54,66,59,49
"2651167",66,83,60,62,63,79,38,70,45,46,43,62,23,40,41,24,53,19,59,51,36,48,42,73
"2691913",34,50,44,47,35,43,38,40,30,31,30,45,30,32,21,28,43,29,36,32,30,30,36,83
"2738843",83,56,49,35,42,26,41,43,27,27,32,40,28,29,47,27,42,26,38,26,20,44,58,36
"2744027",55,83,70,39,72,57,25,43,16,36,15,52,27,27,28,31,40,24,68,37,11,53,20,55
"2775246",71,77,76,68,83,72,28,63,29,32,16,53,29,30,28,30,60,33,59,33,28,71,31,72
"283735",66,83,39,52,60,50,19,49,16,15,22,44,18,37,26,28,29,9,45,22,28,38,30,48
"2906077",64,64,69,64,83,51,12,63,41,23,16,36,15,22,24,26,31,19,52,28,34,49,31,27
"3029174",81,66,76,83,59,63,64,62,52,42,51,55,40,55,36,48,69,44,56,52,40,65,54,58
"3053655",75,83,41,74,72,69,51,80,34,53,30,70,29,37,39,33,67,45,53,40,35,50,39,53
"403957",48,21,33,21,50,29,14,30,22,15,16,39,13,18,31,12,22,14,24,13,27,83,16,20
"54914",83,44,63,70,71,75,47,63,58,47,55,54,49,42,50,39,75,61,54,54,58,56,82,56
"906",43,58,47,45,42,83,35,53,37,45,38,50,25,29,29,36,58,31,39,46,31,34,53,46
"936476",83,62,62,44,55,60,38,45,22,31,45,55,26,29,36,37,38,31,47,38,38,50,34,42
"103810",42,82,60,50,44,53,25,51,30,23,23,54,17,24,20,23,36,20,39,25,32,43,21,55
"104264",82,70,56,64,48,72,23,73,19,16,26,47,13,24,28,17,45,22,71,22,31,62,35,33
"104609",68,62,56,78,71,82,38,67,56,33,39,55,30,29,42,27,63,37,43,41,34,47,47,57
"1196083",60,50,59,56,82,59,37,50,46,31,30,63,38,39,29,35,33,35,45,35,25,54,48,37
"135620",73,82,70,55,73,61,51,45,46,37,42,68,42,52,46,46,57,43,45,40,44,60,37,63
"1380604",78,72,67,69,82,58,55,56,36,41,43,55,37,48,46,47,51,30,49,43,38,48,56,52
"1470200",70,82,51,68,59,57,46,49,46,55,37,52,42,47,54,54,75,35,63,63,52,60,63,64
"1515",77,69,68,45,65,82,35,60,37,28,37,46,28,35,40,36,47,38,54,51,37,60,32,50
"153491",82,76,66,35,63,54,38,69,45,43,28,57,31,48,43,42,43,35,49,41,50,40,65,43
"1632866",73,59,81,63,77,82,47,63,47,45,50,57,47,45,56,48,62,50,59,49,46,44,48,54
"1637",82,81,58,38,61,49,26,60,33,28,18,55,26,35,38,35,63,29,45,26,31,40,28,62
"1740262",82,69,63,40,63,53,44,69,44,29,33,43,28,40,43,42,55,37,50,41,46,48,40,49
"1903694",71,59,54,53,82,56,50,52,58,41,45,61,42,37,41,49,40,51,43,31,41,35,48,52
"1912795",82,71,78,82,77,66,74,55,69,82,75,62,65,58,58,51,47,55,56,62,47,64,64,51
"2069432",63,57,61,42,65,82,14,63,22,10,11,43,19,25,17,21,36,25,54,15,17,53,25,30
"2271",43,82,46,56,67,66,33,42,47,43,45,52,40,40,43,46,63,45,31,40,42,41,35,34
"2560493",3,49,3,4,3,82,1,8,5,2,6,2,0,3,4,4,22,4,34,2,0,6,3,10
"2572923",82,62,42,61,44,75,49,52,46,28,47,65,41,36,33,45,39,35,50,41,50,52,43,63
"2596949",54,65,82,67,55,62,30,46,44,33,37,49,26,26,42,39,49,48,48,41,31,54,40,41
"2800061",72,82,70,82,77,75,47,51,71,57,50,71,47,51,51,49,68,44,62,41,51,48,46,63
"2803751",43,82,37,49,47,57,63,49,45,71,71,42,43,44,35,65,45,78,36,57,30,57,75,42
"29341",69,57,43,69,48,82,44,42,36,51,51,44,35,45,37,33,49,37,43,38,25,40,35,67
"2968475",82,55,64,47,59,50,47,34,39,49,39,60,29,44,42,26,48,34,50,42,32,56,28,36
"298657",73,82,62,57,64,47,26,59,33,29,34,38,22,30,41,38,33,32,41,25,20,46,55,32
"343874",72,73,79,69,73,82,33,63,26,29,26,46,15,26,18,19,54,16,61,24,22,66,25,67
"389348",57,82,65,68,70,60,27,48,50,34,30,32,32,42,44,35,57,36,60,34,31,39,58,41
"39491",73,82,54,45,51,61,39,56,37,34,49,56,28,41,41,41,58,38,42,39,32,52,43,37
"79209",58,82,73,45,49,61,33,61,36,44,49,54,31,46,32,46,51,38,46,45,32,45,42,65
"79967",66,65,72,59,82,66,42,48,37,50,47,80,31,57,37,53,43,40,63,23,39,42,52,41
"84163",68,82,56,59,47,56,37,53,53,44,48,68,44,46,43,45,61,35,57,36,44,54,74,50
"1177211",81,61,68,63,61,65,47,72,46,52,36,48,47,52,49,52,54,38,44,45,55,59,49,55
"1302235",74,81,48,53,60,65,60,53,32,40,49,43,46,51,27,37,51,29,37,42,45,46,34,42
"1336794",61,70,81,37,80,62,30,53,38,24,31,44,14,32,26,24,34,23,67,33,20,67,32,42
"1381081",65,54,63,81,59,68,37,59,45,51,36,41,46,46,43,35,71,43,55,51,55,54,40,57
"1803865",80,81,65,62,74,80,58,77,54,42,52,58,38,42,33,45,58,54,66,51,40,67,50,53
"2184575",56,59,76,54,81,79,57,56,61,58,55,48,54,50,48,64,70,55,64,42,52,47,63,64
"2562892",61,81,71,48,69,55,23,70,30,25,25,49,18,21,22,21,40,18,49,15,31,51,34,35
"2767188",76,49,81,62,70,73,24,71,35,28,34,57,29,25,47,26,38,18,56,30,37,66,35,58
"2775920",55,80,75,81,81,44,44,74,61,52,48,69,50,35,33,53,46,42,77,48,67,69,42,38
"2840467",71,70,75,81,81,70,58,76,37,51,43,56,53,59,56,55,64,47,40,43,48,65,49,50
"2845590",81,8,23,50,12,9,5,34,4,4,2,13,4,15,4,3,11,5,22,5,13,21,3,3
"2942275",70,59,58,58,45,56,81,58,59,65,65,58,37,65,52,62,65,72,46,48,64,53,56,53
"3035470",77,81,67,67,62,71,54,61,57,51,52,57,42,48,31,46,49,56,59,63,51,55,54,60
"36854",64,75,76,73,54,70,50,45,36,51,54,58,52,46,45,44,81,62,66,61,48,47,46,62
"384636",67,46,62,61,61,81,47,52,40,51,35,46,32,52,22,40,57,39,55,40,38,40,56,53
"444051",81,47,43,36,54,48,24,42,14,10,16,32,9,27,22,7,17,16,47,16,13,35,31,30
"450",61,42,58,66,81,48,25,47,34,32,31,54,24,31,31,30,44,21,64,29,23,43,37,33
"45495",73,79,81,66,76,73,33,66,39,39,45,74,27,43,45,51,64,32,51,37,36,65,36,62
"996801",81,46,55,60,58,60,19,53,17,15,14,56,5,16,20,15,49,22,49,21,18,40,24,39
"1099853",61,74,58,61,80,79,29,73,30,34,20,74,33,21,31,33,32,31,55,31,44,61,35,49
"120652",80,77,61,71,61,62,32,46,51,45,40,67,42,42,52,39,58,42,37,50,35,45,40,36
"1353246",72,58,53,80,69,55,64,63,62,50,71,43,46,52,42,35,76,33,43,43,43,44,28,63
"138851",67,66,57,73,80,80,52,55,42,66,49,63,43,52,37,56,71,65,51,39,43,53,63,70
"1577685",80,75,63,43,54,48,60,58,53,54,57,60,50,62,54,46,50,54,49,57,40,43,38,56
"1743165",71,56,64,67,80,65,49,44,36,45,39,71,40,29,56,41,42,24,50,54,27,61,35,51
"1908341",53,80,61,45,60,70,27,67,35,27,23,57,14,19,24,29,53,27,60,38,21,49,19,51
"2051906",80,61,80,70,72,71,43,52,60,51,66,80,31,51,50,44,80,43,59,51,49,72,69,50
"2529032",74,80,56,58,50,53,17,79,20,16,26,49,15,33,25,12,32,13,61,22,19,46,30,48
"2708020",71,67,60,55,47,55,34,57,18,32,35,63,28,21,30,38,43,33,80,25,40,55,29,47
"2719313",59,50,62,38,54,80,37,41,32,35,32,52,33,29,30,33,39,41,49,41,39,51,50,54
"28152",71,48,45,48,60,80,37,47,33,49,40,79,38,36,32,48,47,53,54,44,36,39,47,37
"2864207",68,44,74,67,80,54,60,62,55,53,47,69,33,51,38,51,61,45,53,40,40,46,64,27
"2880989",78,66,57,37,39,66,38,80,43,27,37,40,27,39,28,33,50,30,50,41,35,47,49,30
"2912675",78,80,34,55,72,62,37,74,34,46,39,61,42,39,40,52,47,44,71,39,32,54,49,48
"29483",74,73,62,59,80,61,47,48,39,40,34,75,39,44,52,40,55,43,55,58,35,49,53,41
"29497",80,73,67,78,65,68,61,65,26,55,36,74,31,42,50,49,59,55,53,51,48,57,66,66
"390641",54,62,80,34,35,52,60,49,66,59,68,47,48,42,36,44,50,33,49,40,33,41,37,39
"433296",65,72,50,80,58,54,43,45,33,41,54,50,33,37,37,38,59,43,60,55,35,71,36,56
"914150",80,43,46,57,56,58,24,41,38,31,22,35,36,44,28,36,51,45,35,47,34,41,34,40
"96230",80,59,66,53,56,63,42,59,45,35,34,57,41,42,51,28,48,43,71,28,24,63,48,53
"979",80,54,73,51,74,52,17,45,22,15,25,43,14,18,32,20,30,14,48,17,27,59,44,36
"1014",72,53,73,79,67,68,18,50,27,18,25,61,14,34,17,14,31,27,53,21,24,58,33,48
"107401",60,79,45,34,62,45,22,44,20,20,21,71,7,24,21,17,41,23,46,17,26,55,22,47
"121277",52,79,60,57,44,66,57,44,45,52,40,58,28,32,44,52,49,37,49,50,38,37,37,39
"1352",79,64,66,40,58,59,31,42,47,33,24,41,13,22,34,27,38,13,18,27,29,43,33,39
"1382466",79,78,65,61,62,60,29,65,21,13,20,55,15,25,21,20,40,16,51,25,34,67,23,54
"146785",64,70,71,73,78,71,52,54,73,74,51,76,40,69,69,79,59,70,55,50,43,70,76,59
"1479",79,55,78,60,62,62,37,44,50,27,31,42,44,41,51,25,54,39,52,34,33,63,32,26
"1505",53,61,52,39,62,46,27,31,49,21,27,36,48,36,36,15,40,23,64,24,35,52,25,79
"1510",71,61,58,64,60,79,44,55,61,49,36,65,33,53,39,46,61,56,43,43,40,57,61,61
"163877",79,38,68,42,55,45,18,39,38,26,26,43,30,28,16,12,32,18,35,20,24,60,24,22
"166314",79,78,64,62,79,61,48,67,44,56,45,58,43,59,53,56,42,50,56,56,43,52,40,48
"1703969",79,62,61,34,53,76,47,48,45,34,45,51,35,30,28,34,33,32,41,34,26,56,37,43
"1731",73,74,77,64,76,77,60,69,64,58,53,68,52,66,40,52,53,71,79,63,54,62,56,69
"1848904",79,72,65,44,73,41,16,53,15,15,17,46,24,18,24,24,31,18,45,22,23,62,25,32
"1855652",79,58,56,60,57,52,25,55,20,27,40,62,40,35,33,58,60,31,40,30,28,40,33,52
"208199",58,64,57,55,79,69,54,56,28,36,33,55,30,49,41,46,49,34,54,37,38,62,43,50
"2224",66,79,55,70,66,61,54,70,51,48,49,64,40,41,51,44,55,47,47,48,47,71,52,40
"2587848",79,59,41,68,61,70,31,43,41,24,30,56,27,22,23,31,26,27,50,28,34,38,37,37
"2594005",71,56,64,52,71,79,40,49,53,42,46,43,32,57,43,41,44,28,58,41,42,57,30,49
"2714855",60,70,68,66,50,70,60,47,46,54,49,79,35,44,63,58,68,64,62,63,51,50,61,49
"2767881",54,65,66,59,69,63,36,54,48,44,40,56,26,40,29,38,79,32,63,54,41,54,46,47
"2777186",70,60,54,51,79,63,21,56,24,19,25,50,18,30,31,14,28,19,61,25,24,57,16,43
"2830782",65,71,69,64,58,79,11,62,28,14,10,42,7,23,32,20,34,12,61,18,28,51,22,46
"2864205",55,79,62,59,64,63,39,51,47,44,38,70,34,43,46,41,42,41,49,42,28,60,55,61
"28885",63,73,61,49,79,67,54,61,38,43,46,45,37,33,46,38,61,40,47,29,38,62,33,53
"2895484",79,45,47,46,42,52,31,57,35,38,28,45,17,37,33,40,31,27,43,26,31,55,39,42
"2929494",65,79,65,64,59,67,57,54,47,43,50,47,46,46,44,48,36,56,58,52,51,74,50,69
"2932258",79,61,72,56,59,44,45,47,43,35,42,52,28,38,35,35,42,33,36,38,34,39,38,39
"2956185",28,12,19,79,23,16,3,14,2,2,6,14,4,4,5,6,22,2,3,1,3,6,5,3
"3020716",79,60,62,58,54,44,38,48,39,40,47,57,26,30,41,23,45,35,62,32,30,42,22,34
"313588",79,58,66,37,60,46,20,52,20,21,19,42,15,29,19,17,47,16,69,15,22,34,17,40
"31909",60,79,58,76,52,76,57,71,58,41,46,68,44,52,33,49,60,47,51,55,43,55,53,45
"356322",71,79,40,66,70,67,46,49,31,42,47,50,41,49,55,40,51,41,48,41,37,34,41,70
"402384",79,55,71,46,59,43,40,45,50,50,40,39,44,33,44,30,57,32,64,44,50,63,35,39
"49899",79,68,67,56,56,47,52,47,53,53,51,50,55,35,52,52,65,56,44,47,67,73,47,53
"53442",79,66,63,62,76,76,70,66,54,63,51,73,61,65,57,52,77,62,74,55,49,64,69,63
"57029",36,54,60,58,79,63,24,59,20,27,18,44,14,19,25,29,38,23,76,14,31,67,33,40
"82985",79,71,60,62,65,61,46,71,52,44,45,68,39,55,35,43,53,38,56,50,46,55,35,45
"83771",79,60,66,60,71,55,35,64,54,52,34,59,32,34,40,31,40,45,56,45,36,46,37,39
"996",79,66,79,66,70,52,22,46,25,16,21,44,16,23,16,20,36,17,54,21,28,55,30,31
"1050657",75,66,78,69,67,68,60,66,65,74,61,74,55,47,61,60,66,69,45,68,71,54,51,47
"174",78,65,69,36,40,75,43,49,36,35,39,64,39,37,43,18,36,21,60,46,43,49,37,40
"1798225",67,78,73,54,66,45,19,62,20,29,25,59,22,46,22,17,38,28,61,27,18,46,39,47
"191393",78,56,74,60,40,64,64,60,61,56,57,54,45,63,44,53,55,46,39,65,52,66,51,54
"2026189",73,17,45,78,38,34,14,17,12,15,22,17,30,15,11,8,38,18,16,22,8,17,28,37
"2083053",78,61,57,55,57,74,37,58,35,28,35,38,29,36,47,29,64,39,45,36,25,56,33,52
"2320431",62,64,69,77,72,78,52,70,65,72,56,74,46,58,63,66,64,50,77,62,62,56,63,68
"2479546",78,44,30,41,50,55,47,46,31,36,30,64,34,24,40,41,35,34,52,37,34,34,46,53
"255519",50,59,66,52,78,78,49,51,32,23,40,56,29,32,30,42,49,46,54,30,29,57,48,52
"2662262",40,70,53,50,63,55,34,66,34,25,32,49,21,36,26,44,55,36,78,47,39,38,33,38
"2697030",72,45,46,55,51,78,33,39,57,48,46,50,38,52,42,41,62,43,35,55,28,52,64,66
"2719912",62,66,63,50,69,67,23,67,38,27,18,45,16,25,33,22,38,27,78,23,29,65,27,45
"2740427",8,4,4,9,11,6,54,5,9,36,18,8,78,19,12,8,13,9,4,2,6,9,6,3
"2864208",78,74,46,69,52,44,51,51,33,39,29,50,44,44,39,48,52,34,36,59,35,66,34,56
"2904120",78,56,51,46,76,73,49,47,39,42,38,55,47,32,39,50,53,44,55,53,40,65,72,46
"2929510",78,54,55,35,75,47,33,55,27,27,25,44,11,20,19,12,46,19,35,22,27,58,12,38
"32052",71,75,69,55,63,71,58,65,50,51,45,59,41,30,58,49,60,55,62,48,56,78,46,45
"86102",78,69,62,36,75,57,38,57,37,40,33,45,28,41,26,38,41,37,52,42,43,64,34,32
"1055323",77,36,47,53,51,54,30,57,34,41,21,44,28,35,33,20,41,31,28,25,28,63,37,44
"1118153",72,56,59,69,69,56,39,77,46,40,35,44,37,55,52,36,42,39,58,59,38,47,30,49
"1312072",76,50,54,77,46,45,17,38,27,13,15,44,11,12,18,8,41,12,52,32,28,50,13,42
"1424294",70,66,48,43,70,77,44,54,43,36,37,75,36,43,32,26,61,41,48,42,44,54,50,42
"1472345",45,77,35,35,36,42,31,35,37,21,19,39,15,24,28,40,35,16,48,31,31,37,18,32
"1653434",72,59,51,64,69,77,54,51,40,43,46,53,52,42,38,44,45,55,55,46,47,38,54,37
"1867846",67,56,62,51,46,51,23,77,25,24,30,48,33,32,34,24,53,25,46,35,23,37,34,33
"1906275",59,77,62,53,68,48,37,53,38,44,37,47,31,36,47,36,40,37,43,50,34,50,42,43
"1918945",76,73,58,51,58,77,44,53,35,39,46,48,35,51,35,47,50,50,45,46,24,55,53,42
"1982746",10,13,65,4,28,7,7,14,11,4,8,13,15,17,12,0,8,6,77,6,5,50,10,9
"199441",77,60,66,57,68,34,34,35,27,35,34,41,26,39,33,18,22,32,34,24,30,49,34,34
"2024615",56,77,46,59,68,56,58,45,52,55,51,39,41,44,73,51,37,46,47,67,63,51,42,57
"2058134",62,77,41,34,73,37,16,59,25,10,22,57,14,22,27,23,28,13,56,22,19,60,29,47
"2070537",56,77,53,65,57,62,30,54,31,34,20,70,20,48,17,40,39,30,50,33,35,44,31,43
"256326",65,77,44,44,55,75,57,43,49,37,47,55,26,36,37,26,67,40,47,45,40,41,51,64
"2576917",68,77,65,64,69,73,36,76,39,42,56,50,38,36,41,41,73,46,40,44,46,56,61,40
"2588299",52,77,58,72,69,47,39,53,50,53,51,47,53,52,38,56,41,50,42,52,34,45,43,43
"2593652",77,54,45,62,52,45,51,38,56,46,51,29,37,44,35,42,44,41,37,31,42,27,55,41
"2599307",52,40,77,45,60,71,37,60,44,29,24,41,31,39,22,37,25,29,68,35,37,58,20,64
"2728853",77,54,55,66,51,62,38,48,30,25,44,48,28,35,40,13,42,22,52,26,33,40,36,37
"2731377",68,62,57,77,60,59,40,57,31,59,33,68,33,41,37,49,56,39,50,51,38,49,45,38
"2777984",67,39,61,52,77,32,29,51,50,25,39,33,32,51,72,23,24,22,34,35,42,70,18,30
"2871165",77,56,52,76,60,26,17,45,17,23,8,47,13,20,20,13,30,20,63,19,24,68,26,43
"29375",63,62,74,51,77,53,45,45,46,48,34,68,33,41,43,30,55,34,44,38,42,57,30,50
"2963092",50,77,54,52,60,72,29,51,42,43,35,55,32,35,46,58,67,39,47,58,44,43,45,59
"336261",77,77,69,62,62,70,65,44,46,52,55,53,50,55,64,64,62,52,58,53,44,45,45,48
"366522",77,71,59,60,70,76,51,56,38,45,42,63,45,40,49,75,55,54,51,42,46,65,56,50
"70346",77,41,32,38,40,50,20,37,22,19,35,24,20,30,27,22,32,24,42,31,21,34,29,28
"718",77,66,63,48,71,72,39,65,42,35,41,68,29,44,33,40,46,37,61,40,46,50,27,38
"138072",57,55,59,60,46,76,30,32,32,32,20,34,29,29,40,31,42,33,43,29,24,49,28,45
"1394889",66,65,57,76,53,76,53,73,58,61,40,69,32,59,51,45,65,52,42,36,52,47,54,56
"142877",76,51,47,47,52,64,43,56,35,31,29,49,25,22,32,29,39,35,50,37,20,46,37,42
"1490",49,46,51,54,43,61,50,39,65,30,33,25,40,43,39,23,48,15,53,22,28,57,38,76
"1643685",59,76,45,50,52,40,38,51,35,30,24,40,27,32,33,23,44,32,32,33,34,50,44,28
"1868793",34,30,45,15,62,27,14,23,27,15,16,29,9,44,50,12,25,25,48,28,76,74,18,26
"1940690",65,70,60,65,76,53,33,66,51,45,32,48,38,45,40,32,40,40,48,45,39,62,50,38
"2039",51,76,63,64,66,47,55,75,57,43,53,46,54,57,61,31,55,27,60,58,42,52,27,55
"2092",51,72,64,58,45,55,55,62,48,59,40,68,45,49,46,53,76,43,57,49,49,29,64,48
"2238",72,55,51,61,40,62,51,76,45,59,50,49,54,65,54,47,48,47,46,58,43,55,72,43
"230089",72,67,67,46,58,64,43,76,42,39,42,49,38,52,44,43,59,33,45,41,43,56,50,69
"246969",61,76,47,57,57,59,47,48,41,38,44,47,40,38,38,42,63,40,32,37,36,67,32,45
"256839",72,74,53,66,67,51,39,45,23,39,34,76,24,32,32,30,45,33,55,21,38,63,40,48
"2678343",64,76,68,64,74,69,57,65,57,50,49,69,59,36,42,46,58,66,38,51,49,53,51,41
"2724150",22,31,73,24,76,25,13,21,54,13,12,26,16,53,37,14,20,11,50,21,42,52,13,55
"2738126",61,48,76,52,45,40,31,34,52,30,43,55,34,45,39,30,36,15,47,25,38,55,38,35
"2818493",42,61,44,32,76,27,13,56,20,24,12,43,28,20,27,21,33,20,41,25,18,56,30,40
"2827482",45,63,61,49,76,48,25,53,35,33,31,61,38,44,31,19,19,24,62,25,32,53,18,26
"2866201",76,57,67,52,47,57,48,72,47,46,58,48,43,31,40,33,35,49,69,40,44,40,40,36
"2936682",53,36,39,37,45,37,21,26,23,35,37,28,76,30,21,20,36,23,42,25,19,43,23,39
"29370",69,56,67,54,54,60,59,61,45,60,50,75,76,42,39,41,61,48,55,44,39,42,34,76
"29430",71,67,49,76,42,68,32,55,37,46,36,44,41,35,36,39,49,42,54,25,32,49,42,51
"2980099",76,49,51,58,60,61,51,56,55,48,28,39,30,43,52,41,42,23,47,33,49,41,42,44
"2992242",71,70,76,48,50,63,50,59,35,40,45,67,35,55,32,49,74,46,60,43,51,72,53,48
"34098",58,76,46,32,60,47,27,38,29,27,24,35,17,36,34,30,49,22,55,16,23,43,18,42
"351672",76,57,58,49,53,62,47,45,45,50,33,55,41,42,46,33,55,27,55,45,46,60,42,44
"36874",72,66,71,47,68,69,34,52,53,51,37,52,49,42,50,45,55,40,76,52,38,72,64,68
"396811",68,63,74,65,76,57,52,66,57,57,50,42,43,56,55,32,38,34,63,39,49,59,29,34
"463",76,50,70,53,56,57,42,40,34,33,45,50,30,43,37,39,37,24,59,31,27,74,35,45
"484770",71,66,47,62,55,76,45,44,40,41,31,71,30,40,41,39,55,38,47,35,33,43,34,52
"60217",65,60,51,46,37,76,37,55,35,48,58,46,19,30,43,28,51,34,43,50,38,76,22,38
"713",63,57,62,60,52,76,45,66,35,39,40,59,31,56,29,46,45,38,49,48,36,66,43,55
"81468",34,76,29,34,39,57,34,45,27,29,24,33,23,21,21,32,36,21,21,33,29,35,30,37
"88431",76,72,62,58,72,64,37,70,42,41,49,68,38,51,44,50,66,56,74,51,34,69,61,58
"1216297",75,52,37,28,60,53,24,43,35,25,16,51,17,23,27,20,35,22,67,30,27,42,37,38
"1583341",75,56,47,55,69,34,24,48,39,27,24,53,32,42,33,25,31,20,58,29,29,34,43,49
"1714848",75,61,63,47,60,66,16,55,17,19,16,44,12,31,16,14,30,9,57,18,30,58,20,39
"1855880",75,62,36,50,43,46,40,46,31,44,30,46,24,28,42,32,37,33,38,34,31,49,33,24
"190146",68,73,57,75,58,65,54,55,57,53,50,52,60,54,57,63,43,43,45,40,43,52,51,33
"2560214",53,5,39,37,24,22,2,75,0,2,5,66,5,1,0,1,5,3,23,3,4,10,3,10
"2778370",75,29,39,32,42,23,5,22,7,7,11,27,9,13,17,11,7,4,13,13,19,23,17,19
"2819096",75,46,72,58,68,46,36,67,40,31,44,47,17,38,26,41,54,18,60,39,33,44,31,33
"2890317",41,55,47,45,69,51,32,75,36,29,29,51,23,45,32,37,47,38,42,39,36,43,38,25
"2897176",58,75,67,64,38,59,48,53,37,42,35,53,51,38,53,56,71,47,63,34,46,59,40,42
"2995174",75,69,72,55,74,73,58,54,63,36,48,60,37,50,49,57,56,43,44,70,47,52,68,43
"3043330",49,70,75,29,57,54,36,33,32,16,22,21,10,38,30,13,29,18,71,18,27,39,25,21
"3070215",44,75,37,46,34,44,44,44,33,40,26,45,31,24,41,33,40,34,33,49,28,58,35,29
"311808",75,31,54,63,67,35,18,27,18,25,20,45,15,28,16,13,20,10,63,8,27,34,10,35
"39765",46,42,41,28,75,55,31,48,41,24,38,38,25,32,31,29,45,22,36,31,21,56,45,43
"40577",75,74,55,40,73,44,34,47,27,32,34,59,43,67,43,30,42,37,75,31,29,45,40,44
"766",50,52,40,41,43,44,35,45,27,35,31,75,19,31,22,32,47,32,36,23,12,41,35,45
"96232",75,69,47,47,48,48,21,56,36,32,27,50,24,38,29,41,50,26,57,28,29,57,23,30
"116085",36,74,36,50,43,52,44,42,25,25,26,44,21,19,29,32,40,30,34,28,29,40,44,47
"1229621",54,74,65,56,53,63,31,50,34,33,30,45,30,39,41,31,54,31,37,39,32,35,50,38
"1354726",74,58,69,58,61,64,28,52,30,23,29,49,17,26,33,16,40,18,53,20,24,53,30,42
"1667",74,51,58,67,63,50,65,43,59,43,52,38,47,46,39,46,46,41,45,43,45,41,34,50
"1903414",74,62,62,52,56,37,44,43,42,38,46,49,34,43,33,25,45,37,58,31,42,46,41,59
"2068655",74,73,64,70,53,71,55,50,46,43,32,55,29,43,33,37,63,39,42,38,27,56,43,51
"213483",52,71,38,47,44,62,28,74,25,25,24,36,16,29,21,26,34,21,39,23,22,35,18,29
"2696063",74,73,38,53,38,58,30,57,33,33,36,40,30,42,35,28,57,32,50,34,34,55,38,47
"2697010",65,53,74,50,61,73,24,42,26,19,33,44,11,14,25,17,34,25,46,21,21,61,23,50
"2791037",59,52,70,74,44,63,39,47,29,55,60,65,23,55,46,32,45,43,58,40,45,61,26,44
"2806551",74,62,38,41,66,46,15,47,18,15,13,43,13,19,23,17,45,19,43,22,30,38,18,50
"2854261",66,72,74,67,67,62,45,55,62,48,51,49,49,53,50,42,74,54,52,57,28,72,58,60
"2916754",64,61,74,47,72,59,22,52,19,26,24,48,17,20,32,21,54,15,50,24,15,56,16,52
"3049085",74,56,55,68,62,34,45,49,30,27,34,56,39,38,31,36,39,39,57,27,38,45,37,26
"320324",74,74,55,39,58,28,14,54,19,28,20,38,10,31,18,13,32,18,38,22,26,33,28,43
"476",73,74,36,58,52,51,31,29,33,37,39,60,37,41,33,49,48,48,44,27,29,41,45,58
"50719",42,37,32,22,74,62,31,44,25,39,32,36,29,41,22,59,31,25,55,30,29,42,24,41
"55583",74,53,56,50,52,68,49,34,35,31,30,59,35,41,30,35,45,38,33,35,28,38,54,49
"59600",55,74,62,46,68,61,37,59,19,24,20,50,23,30,28,21,31,17,57,27,18,55,32,39
"92245",50,74,54,73,39,46,42,44,29,36,41,51,25,28,27,32,52,32,32,33,40,41,39,37
"111782",64,63,50,65,64,62,29,41,45,46,54,41,35,35,26,40,58,71,43,73,28,50,63,61
"113653",61,69,48,52,64,61,68,73,56,63,45,50,39,43,53,42,61,52,44,46,52,61,63,46
"1173273",73,64,41,30,54,57,31,41,28,39,37,59,33,35,50,36,44,28,57,59,39,50,52,38
"1241982",38,73,48,29,60,66,25,50,27,17,19,43,16,23,21,8,37,18,51,19,17,50,23,40
"1581",73,44,51,52,50,56,38,50,42,30,35,42,45,32,30,35,49,24,44,25,28,41,30,32
"1968788",54,61,44,49,44,53,50,50,33,36,51,55,44,31,40,39,43,45,42,43,41,40,73,35
"2079575",69,53,61,57,66,73,47,41,58,38,52,53,51,31,46,33,47,31,44,41,39,31,58,31
"2254",46,53,36,73,44,42,33,36,39,50,34,55,41,40,38,37,23,32,34,37,28,39,34,28
"2590015",54,73,56,45,57,59,40,52,31,44,30,57,34,40,41,43,60,38,54,44,32,63,43,40
"2803864",73,64,46,54,59,57,45,54,34,35,37,53,35,41,43,46,57,29,50,31,42,39,30,49
"28084",68,52,73,70,71,58,27,54,46,25,29,66,24,37,33,18,43,25,72,23,24,58,46,39
"28172",53,56,47,55,73,51,51,57,41,23,45,29,34,32,35,40,46,31,36,50,39,51,49,32
"3035472",73,55,44,49,57,52,27,58,21,29,34,59,20,31,25,38,36,31,36,30,32,40,31,49
"326544",58,61,54,62,38,73,24,58,52,31,43,46,29,28,32,37,46,29,38,40,35,37,35,34
"36839",70,67,73,66,51,56,30,40,31,32,35,49,20,20,23,18,56,30,46,26,27,47,33,49
"573658",52,73,48,64,52,71,50,48,34,47,33,60,35,43,31,41,40,45,42,45,42,37,34,39
"633404",62,50,65,45,73,48,47,63,46,39,40,46,50,32,41,23,49,35,53,32,39,59,38,41
"1004303",37,37,30,35,40,72,18,37,17,11,7,43,9,15,15,21,20,12,39,37,14,36,16,38
"13",51,50,47,44,41,64,72,48,45,37,49,40,47,49,43,60,49,32,48,58,45,51,58,34
"148813",47,47,51,50,72,42,36,55,39,25,33,54,25,45,39,24,58,45,38,43,29,44,37,64
"161360",72,64,68,52,72,52,25,58,43,24,36,66,27,38,39,29,34,25,37,21,42,32,42,34
"1636609",59,72,58,58,50,33,34,29,31,27,25,39,28,27,31,36,47,28,35,20,31,37,26,34
"1743162",69,69,41,47,72,63,34,46,22,28,22,49,38,30,35,29,51,32,38,31,34,52,46,38
"1789226",56,68,70,72,48,53,49,40,38,46,38,41,33,38,40,45,55,46,42,66,36,39,47,47
"1852970",72,36,54,33,59,51,21,48,18,9,10,49,19,20,21,16,45,18,54,15,17,54,34,58
"1855616",72,56,55,48,50,46,32,42,34,40,22,44,30,38,27,22,46,27,36,33,24,32,22,31
"1855619",60,72,34,36,65,40,40,51,41,48,25,37,26,35,46,42,44,38,34,27,29,42,31,40
"1888890",72,46,40,33,44,27,16,45,16,15,14,19,13,15,17,10,36,13,45,16,21,35,20,39
"2506430",72,61,56,58,40,64,33,70,32,34,40,58,35,33,40,23,56,36,45,43,46,57,47,40
"2594004",72,60,45,55,54,26,18,51,11,29,21,54,21,25,30,12,32,23,41,29,27,58,23,32
"2686359",61,47,35,63,72,68,34,53,39,27,41,39,27,28,32,36,50,32,48,32,29,57,60,50
"271098",59,65,58,62,59,72,44,71,43,39,41,42,30,38,46,29,53,32,61,38,31,42,38,48
"2793708",29,18,17,16,8,12,14,52,15,12,13,72,12,10,15,18,10,17,9,16,10,26,16,7
"2843362",72,6,24,42,25,2,1,28,0,4,1,28,2,3,1,5,1,0,15,2,0,14,0,3
"2845819",50,72,65,60,66,50,26,50,30,19,16,34,6,32,26,26,43,15,39,17,16,50,21,53
"2961948",72,39,41,50,38,48,36,46,32,39,23,34,35,35,32,41,44,34,55,23,30,44,30,40
"436516",66,56,57,36,64,41,22,72,25,40,33,58,52,29,31,21,43,15,41,27,29,26,42,30
"488",63,70,39,70,53,72,41,54,52,37,42,42,51,27,42,39,44,26,41,28,40,26,45,31
"501783",59,72,42,35,46,63,23,30,34,20,19,38,13,24,15,20,29,26,43,20,22,58,17,47
"543349",72,53,62,55,49,71,54,47,51,70,70,41,48,54,51,41,69,34,32,43,39,51,44,43
"680026",50,68,54,51,72,53,36,40,38,36,38,52,34,33,37,40,48,41,52,33,23,63,20,41
"815",43,68,55,40,55,72,26,42,31,32,28,44,22,31,30,28,32,29,43,19,26,26,37,46
"844",72,68,50,47,40,54,28,50,35,38,38,53,25,27,37,33,42,30,45,45,39,30,46,38
"104623",71,55,55,61,49,56,56,39,36,26,40,65,34,39,40,29,47,32,52,41,38,48,39,37
"1230533",71,47,39,30,29,28,32,44,31,31,34,40,28,44,33,24,29,27,32,26,34,37,26,39
"1376",71,52,65,40,42,54,39,62,32,30,34,58,33,41,32,44,67,39,44,38,35,47,48,29
"1630141",63,71,65,56,54,51,22,52,34,33,27,43,29,43,21,38,33,40,52,31,36,61,47,42
"1642",71,62,52,43,52,43,31,63,38,37,34,53,30,42,41,29,35,31,52,37,24,44,41,31
"1715806",34,30,41,26,45,24,20,19,71,34,19,26,18,58,43,27,47,14,33,21,28,32,38,22
"1779135",57,57,62,71,53,47,42,45,34,32,38,55,33,48,35,39,56,38,39,48,42,54,56,39
"2222",59,66,59,57,65,71,41,58,40,37,48,64,32,24,56,41,52,40,36,44,33,50,37,40
"2488639",58,53,34,45,51,71,53,49,39,30,26,56,31,48,36,46,33,38,50,35,36,54,52,28
"28169",48,71,49,42,46,62,40,55,40,41,43,47,36,32,29,31,47,35,48,20,31,57,40,33
"28171",51,61,61,56,46,51,40,41,31,29,45,71,31,25,45,29,38,37,57,33,28,36,33,38
"2864202",67,60,60,55,71,64,24,51,30,51,36,52,41,41,43,30,37,35,48,48,41,47,46,35
"2864203",57,46,71,46,46,67,50,56,39,38,53,48,41,43,29,54,47,51,53,55,26,55,47,48
"2880008",71,56,31,57,48,63,44,53,50,52,36,58,51,57,38,45,52,41,52,45,33,43,38,49
"2895487",71,32,42,25,54,53,13,31,25,23,33,32,25,17,22,18,23,29,32,31,33,50,27,18
"2976883",65,51,60,56,50,58,44,71,44,66,41,58,39,42,49,32,44,36,59,44,53,61,30,56
"2996794",71,52,61,59,42,69,28,41,37,32,37,44,35,29,31,37,50,28,43,41,28,59,42,29
"300231",57,63,65,50,59,61,37,62,49,55,39,71,28,45,31,28,59,21,49,46,38,45,51,49
"3003623",48,59,45,71,42,32,12,24,13,22,21,20,13,16,20,16,19,11,38,15,15,59,15,27
"404011",71,54,37,53,54,48,42,49,16,28,42,54,29,23,41,30,45,23,28,29,28,50,31,26
"51173",37,42,71,28,67,41,27,34,43,17,28,37,26,29,32,23,39,15,50,23,34,52,28,28
"59893",69,43,71,31,63,52,41,37,35,32,28,31,19,36,30,30,57,30,38,23,21,37,40,41
"60961",48,67,66,63,65,59,47,71,39,26,28,55,31,54,36,43,56,50,48,38,35,40,55,39
"668",51,63,57,48,49,71,33,45,36,27,38,50,20,38,34,30,46,22,66,33,33,56,31,39
"754409",65,70,67,40,61,59,26,55,23,14,26,61,6,16,26,19,37,9,46,23,23,71,17,56
"754423",58,47,41,42,71,51,16,47,19,11,11,55,10,17,20,18,23,19,52,20,30,45,29,42
"88233",63,59,34,59,71,59,40,48,37,41,38,48,36,54,38,50,51,35,58,40,29,52,55,36
"995019",71,59,44,56,48,65,44,62,39,34,35,54,30,32,38,60,46,45,39,44,38,38,48,28
"1155384",70,48,55,39,51,42,43,55,48,42,39,37,47,34,36,35,32,36,35,34,49,46,33,39
"118562",61,59,47,67,70,40,41,52,39,46,39,53,22,39,39,25,47,33,33,52,32,31,43,65
"1508404",55,70,51,63,54,70,40,61,43,41,33,50,21,38,32,31,56,30,39,43,33,58,42,38
"1580",61,56,59,38,47,70,44,70,44,44,35,52,42,44,48,42,63,52,64,43,46,54,63,53
"1617448",49,70,49,44,43,61,26,47,29,31,32,45,25,35,24,20,36,25,34,41,22,30,36,49
"1743174",70,57,51,57,44,58,33,49,23,22,25,34,26,42,32,29,33,30,29,24,29,30,30,50
"1763883",63,56,42,70,51,55,49,53,39,42,38,49,30,38,37,32,48,30,42,43,44,58,34,59
"1855883",70,64,52,43,47,46,32,49,28,24,41,32,31,32,26,20,39,28,51,35,27,37,28,41
"1855909",70,51,39,42,39,54,31,56,31,33,24,48,29,36,22,24,48,33,62,27,25,45,31,42
"2018067",67,51,70,48,44,57,48,53,25,34,38,49,41,45,38,40,63,39,56,41,36,65,39,45
"203",47,64,70,45,67,58,48,53,32,38,54,42,36,51,39,64,54,33,49,63,41,69,52,66
"240427",67,70,56,61,70,62,39,61,56,50,52,66,40,38,54,35,51,38,56,42,51,42,60,53
"2448483",70,51,55,46,46,37,32,33,40,33,35,54,42,35,28,36,47,38,41,44,33,43,34,41
"2576919",70,50,38,44,50,29,29,43,22,27,28,25,22,32,35,14,44,18,47,20,15,28,31,37
"2583851",70,63,56,40,69,47,31,63,25,29,23,40,15,28,29,23,26,9,55,17,34,41,20,52
"261825",70,23,40,45,38,29,18,30,33,21,15,27,21,20,15,21,32,25,36,18,29,32,14,13
"2772226",70,67,66,46,58,49,41,55,41,44,42,58,30,47,53,41,62,46,44,49,49,54,50,42
"2820661",33,70,49,30,58,42,14,39,17,7,14,25,21,16,18,11,19,23,43,18,16,31,28,42
"2862945",70,27,48,32,41,27,30,28,31,34,30,32,27,32,31,18,22,19,35,33,21,46,19,25
"288965",65,52,47,70,58,60,29,36,43,24,25,48,25,37,33,25,42,22,39,22,22,45,33,42
"2965074",46,40,54,45,70,34,26,60,28,31,17,28,23,28,33,24,30,20,40,31,39,54,29,30
"3028315",66,70,65,68,65,47,50,66,41,36,45,51,36,40,38,33,63,41,64,40,32,49,52,50
"3064797",52,48,54,59,40,50,60,70,55,50,53,51,47,63,62,56,62,54,48,41,54,42,51,52
"3070999",47,50,61,54,70,47,36,33,33,30,34,35,35,47,35,31,35,39,43,36,53,47,54,39
"456",61,70,52,39,64,62,46,69,47,45,41,69,28,23,50,37,60,34,60,36,39,38,31,27
"56112",58,48,54,50,62,62,37,34,36,39,26,55,28,46,30,36,39,29,52,31,38,42,70,63
"59",70,62,57,61,61,58,55,55,34,24,35,59,36,41,22,27,49,39,49,22,29,49,31,55
"81466",49,55,70,56,51,48,54,54,49,46,53,37,30,53,51,35,41,33,36,27,43,40,21,23
"1144748",65,52,49,69,45,54,34,37,43,32,26,63,31,26,33,26,32,37,43,40,24,40,43,46
"1264",69,69,43,49,45,45,37,48,45,40,42,51,39,36,39,45,52,41,41,43,38,43,39,29
"1273541",64,61,57,51,42,65,51,69,43,55,48,43,46,23,37,43,40,52,52,42,38,51,41,45
"1435069",59,55,67,47,63,69,39,55,48,32,32,37,39,37,36,23,43,29,30,42,35,52,42,24
"1462527",69,60,51,50,61,54,30,45,41,29,42,46,28,40,32,31,38,20,53,23,44,48,32,43
"1581557",69,43,53,49,60,47,34,36,21,39,26,33,29,24,38,26,51,24,39,32,36,35,34,31
"1622118",65,54,69,58,58,48,19,58,23,23,24,36,12,20,23,26,38,16,59,19,31,46,26,43
"1630406",58,65,63,69,57,58,28,58,19,20,19,58,19,27,28,24,37,16,64,17,18,61,39,34
"1727145",57,69,54,49,47,54,34,48,35,36,31,41,26,46,40,29,53,33,43,27,26,46,42,51
"1789224",69,54,58,43,51,64,28,35,21,16,29,36,23,25,26,26,42,34,44,29,25,46,34,37
"1971364",68,69,44,64,55,43,46,54,38,52,26,61,33,36,41,40,39,32,52,23,40,38,51,43
"2017483",69,56,59,59,54,51,27,39,42,27,24,34,15,48,33,29,45,31,49,39,30,37,31,41
"2066133",62,54,69,62,40,51,23,47,34,33,36,46,16,29,21,25,32,32,39,40,36,44,44,50
"2576926",56,56,52,40,58,69,39,33,29,37,34,50,17,34,31,34,48,27,42,41,28,46,45,34
"2663009",69,51,29,60,26,40,22,22,19,10,17,31,4,14,7,16,44,14,36,11,10,33,14,27
"2675331",60,69,51,42,59,57,15,48,27,9,19,36,12,18,20,28,25,20,47,21,26,55,19,43
"2864213",69,56,38,53,51,41,36,43,39,40,26,61,39,45,32,45,42,36,45,37,30,63,25,34
"2937786",64,69,44,58,59,55,34,56,32,19,43,64,17,22,26,30,46,20,65,26,29,51,31,44
"3039116",55,69,61,50,47,62,28,58,32,38,50,36,30,32,24,30,43,40,31,26,34,45,36,50
"328515",61,62,54,43,69,46,29,52,34,25,26,42,15,24,27,27,48,22,63,28,28,57,33,45
"351679",43,69,44,40,53,55,25,43,45,34,13,61,25,29,28,23,35,36,47,45,27,36,30,47
"545501",69,44,64,59,61,57,47,50,41,40,42,38,26,36,42,34,36,34,50,29,31,45,29,33
"637971",58,56,69,54,50,59,42,59,39,42,42,48,36,53,40,59,46,49,30,48,24,47,48,39
"704125",37,69,29,67,54,62,25,34,29,17,24,23,20,31,26,25,48,25,39,21,18,35,35,58
"76258",69,47,48,55,66,47,40,60,18,25,32,61,25,41,38,35,42,20,46,27,36,51,44,36
"85402",54,69,56,45,44,48,42,40,23,43,29,50,30,40,34,33,33,37,66,35,39,47,40,38
"1178825",62,60,55,40,68,50,17,64,21,23,13,47,13,22,25,16,35,10,59,22,12,62,18,38
"1191459",37,62,67,50,52,34,18,68,23,24,15,36,14,21,21,23,38,24,44,20,29,42,24,28
"1229760",0,1,1,0,1,7,0,0,1,1,0,2,0,0,0,0,0,0,1,0,0,13,0,68
"131112",68,33,43,45,59,50,60,43,40,36,41,48,39,34,44,24,44,40,47,51,36,47,37,21
"147268",68,54,45,47,46,53,30,42,36,29,32,44,30,37,22,17,49,32,42,32,26,52,38,42
"166486",67,50,35,43,38,50,25,58,51,40,34,68,34,42,31,34,40,46,50,43,35,32,50,37
"1854492",64,68,43,52,51,47,35,43,24,42,25,40,36,32,25,17,52,34,42,41,26,51,50,36
"1914871",55,68,39,31,39,47,44,35,29,39,28,50,35,26,20,38,40,26,36,39,43,46,43,30
"1944646",57,68,42,53,45,34,47,46,39,39,32,44,28,30,43,41,58,34,44,48,43,32,51,37
"2283160",68,53,54,42,63,43,28,38,29,32,17,47,21,28,16,16,28,19,46,15,20,61,27,39
"2518645",60,47,61,56,53,56,43,55,51,45,51,62,36,37,42,34,46,41,68,42,36,46,35,46
"2552945",63,68,59,47,47,56,41,66,30,26,30,50,18,44,36,26,36,22,53,29,33,46,33,39
"2663022",68,39,46,44,58,40,32,39,36,18,24,50,20,40,18,14,33,18,49,19,27,49,27,28
"2918453",68,48,46,44,44,45,19,41,25,15,15,38,11,17,18,8,33,10,50,10,17,38,7,32
"29394",59,48,49,54,51,68,24,49,34,40,25,61,32,38,33,42,52,42,35,29,36,45,47,27
"29507",63,38,56,58,68,60,33,48,15,33,30,33,24,39,23,34,29,27,47,39,24,28,27,41
"3050305",68,57,38,38,45,54,43,48,42,50,45,38,29,31,47,29,46,33,46,39,58,29,45,30
"3072790",59,68,51,49,45,67,40,46,37,28,34,46,46,41,36,45,36,44,35,42,44,33,56,55
"39488",59,56,40,68,61,67,60,63,38,40,39,55,32,36,45,43,51,35,48,47,45,61,29,57
"499229",59,68,61,55,46,56,28,44,41,37,30,49,32,43,40,30,50,31,31,33,43,39,56,40
"69539",68,47,45,53,47,60,41,56,34,40,41,60,28,31,27,31,44,28,57,49,39,56,63,29
"826",45,66,54,60,38,68,38,48,43,32,34,35,45,41,33,30,41,38,39,29,39,35,20,34
"83561",68,53,57,48,50,36,30,39,38,34,36,29,29,27,34,26,46,44,38,40,19,39,36,36
"105",67,49,56,43,65,40,27,47,23,34,23,43,27,37,26,30,33,24,49,30,25,59,28,51
"1131707",59,67,47,36,43,59,36,53,24,32,33,57,27,32,50,35,34,28,43,40,27,33,30,32
"1316596",47,60,37,31,49,67,22,38,20,13,19,41,23,13,23,14,24,19,31,21,18,46,24,38
"1536775",67,51,38,42,43,52,30,39,33,27,43,51,21,23,28,45,45,38,43,30,33,41,34,50
"1561924",67,57,67,53,59,48,54,63,54,48,49,40,38,43,52,28,39,39,64,43,42,54,44,39
"1604",33,27,36,19,55,25,17,29,33,11,14,22,12,24,28,14,24,15,44,26,39,67,15,17
"163003",55,64,60,67,38,41,43,62,43,51,61,62,47,32,58,43,52,58,54,62,54,55,25,53
"1774273",44,67,67,35,47,66,9,49,21,23,14,28,17,25,17,21,40,16,47,11,21,48,15,40
"2008790",67,62,51,51,58,53,43,49,43,29,44,35,38,43,39,40,52,63,35,38,46,35,53,53
"2050",67,54,44,43,50,55,48,40,44,41,53,29,29,44,52,33,49,47,30,50,32,25,30,62
"248039",60,51,35,62,59,57,32,57,37,31,34,45,45,32,29,39,67,43,40,45,31,46,54,42
"2498113",67,36,44,42,57,51,37,33,28,42,32,57,32,40,34,25,35,40,48,40,37,41,22,32
"2520507",64,45,40,48,40,67,37,51,35,34,37,42,39,29,28,44,49,15,37,27,33,47,36,30
"2560028",59,67,44,41,50,57,28,46,31,31,34,36,33,36,23,36,32,26,33,39,32,27,31,37
"2576923",50,54,54,59,67,57,36,39,40,28,25,42,25,41,22,36,51,31,48,30,30,34,36,43
"2651284",67,59,45,59,38,43,22,35,24,24,22,33,22,36,23,24,40,19,38,19,22,46,17,37
"2692425",67,31,44,33,59,19,20,28,34,16,30,25,17,13,15,16,18,13,29,20,15,36,27,24
"2777185",67,62,58,65,59,50,26,31,37,30,42,36,24,25,25,32,41,28,54,33,31,53,27,28
"28135",40,67,49,52,64,57,42,51,26,36,39,48,22,26,28,30,38,26,57,41,29,56,24,44
"2836161",67,63,39,53,41,43,30,58,23,29,26,36,25,36,25,37,32,24,31,37,34,34,37,40
"2968490",60,45,52,34,67,30,17,53,11,17,17,25,12,15,15,14,27,9,50,11,25,56,12,57
"2980027",67,31,48,44,41,36,19,23,26,14,19,22,17,29,28,26,37,24,51,20,29,40,29,23
"3002900",44,48,47,67,35,20,7,30,16,7,12,23,7,12,18,16,10,8,32,12,13,33,13,16
"314281",67,59,52,47,53,40,35,41,20,20,30,45,25,28,31,24,34,28,34,29,20,50,20,35
"32067",53,57,46,59,53,39,51,58,45,37,67,45,30,54,41,45,43,34,44,58,34,50,31,34
"459529",67,36,29,40,43,33,22,34,9,9,16,33,14,12,18,12,30,11,35,13,12,24,7,49
"476552",67,62,64,57,51,60,46,43,48,51,53,43,46,34,39,55,31,46,45,43,56,28,20,40
"59610",53,67,55,55,55,48,37,48,38,45,42,42,21,45,36,32,45,40,53,33,41,44,41,43
"626940",67,47,59,51,48,39,36,32,23,28,30,39,20,24,35,38,55,28,37,38,35,27,26,22
"66969",67,61,56,52,42,64,40,63,34,16,28,37,19,33,28,41,65,28,59,32,40,60,40,43
"78398",58,53,58,51,53,48,47,46,44,31,44,67,41,39,41,40,47,40,27,53,36,57,32,52
"85404",60,48,56,44,63,67,37,60,39,36,36,42,34,32,35,26,41,45,59,48,34,58,26,49
"91844",56,67,44,60,60,57,26,36,27,30,22,49,37,31,38,25,46,25,39,40,27,31,32,48
"1173263",61,57,56,53,48,61,40,61,40,43,30,62,26,29,32,36,66,43,61,45,34,57,48,53
"119206",66,66,38,51,47,53,52,52,37,37,41,47,31,38,44,44,46,36,41,28,29,27,39,33
"1302",59,46,39,43,66,43,42,43,25,30,38,47,26,35,27,46,34,29,26,24,32,52,40,33
"1358",63,56,55,66,31,53,24,35,15,19,21,40,17,31,19,25,33,24,33,17,27,34,15,33
"1501392",59,54,48,61,54,66,20,48,29,30,21,56,16,26,47,13,45,25,61,35,34,53,35,43
"1513297",62,63,54,46,43,66,23,37,25,32,48,33,33,32,27,18,41,25,37,25,16,44,24,16
"1570",64,64,57,47,59,42,36,49,36,42,36,50,34,22,25,30,66,16,42,41,26,43,44,44
"1981510",66,48,43,41,45,46,36,36,34,35,34,51,28,35,23,29,31,17,46,28,22,30,42,37
"2044467",66,39,46,39,30,44,38,45,25,26,19,42,27,34,23,29,31,46,40,34,24,43,46,29
"2077090",66,47,46,43,36,42,27,36,22,25,29,37,21,20,26,36,56,31,50,30,29,40,28,24
"2081041",59,58,35,51,52,51,20,51,32,35,29,44,24,31,25,28,66,28,33,44,28,38,46,31
"2487742",61,54,46,65,56,66,45,55,32,31,34,45,22,42,31,21,37,32,42,34,20,49,42,35
"2497989",54,66,58,40,55,38,20,44,20,13,18,45,21,20,22,25,37,22,61,31,18,53,15,46
"2607663",66,47,54,63,57,62,49,58,29,38,39,59,42,44,49,35,59,43,52,37,33,55,36,45
"2650158",66,43,48,45,64,57,23,58,20,26,32,42,19,13,22,15,46,20,55,32,19,36,28,40
"2808963",55,58,50,43,45,49,22,52,36,32,24,50,25,25,27,20,29,23,31,23,27,66,23,47
"28116",65,66,54,62,59,42,23,52,15,30,26,50,27,18,28,22,34,21,47,31,24,50,28,47
"2856851",58,53,40,62,47,55,52,54,33,57,55,44,47,27,39,56,66,41,46,42,55,45,57,55
"2932256",66,38,35,34,47,48,15,27,27,25,29,25,21,26,29,24,49,26,43,24,21,31,29,38
"2956391",66,2,20,21,6,6,0,22,1,1,3,2,0,5,6,0,0,4,9,1,6,6,0,4
"3015168",66,55,42,53,51,45,18,44,27,19,15,30,13,19,11,17,30,9,44,13,21,35,20,30
"3038539",60,43,38,46,66,60,37,47,44,37,33,48,38,32,45,38,24,33,65,38,31,47,41,48
"3042300",52,66,51,38,42,61,28,41,38,45,31,47,26,37,29,28,63,27,33,32,21,36,26,44
"33024",62,57,39,43,44,66,29,40,41,32,37,59,29,36,27,30,38,34,36,36,24,35,42,40
"363408",66,51,50,35,61,48,15,54,22,13,12,28,15,17,34,21,38,25,54,22,15,33,14,47
"367791",61,61,49,53,52,43,12,47,27,14,18,30,11,27,17,12,17,10,66,15,31,45,15,33
"406020",66,61,37,51,56,57,38,57,36,28,38,47,39,37,33,23,47,49,49,49,35,60,28,58
"417574",59,50,57,66,51,50,26,61,38,25,30,53,30,25,29,30,49,28,45,37,36,42,27,58
"449",66,52,46,39,54,50,18,48,20,26,23,51,26,19,24,22,43,21,40,32,23,35,22,33
"70863",57,66,66,39,63,53,36,49,29,29,29,44,32,37,42,38,56,39,48,32,24,31,31,42
"77095",62,57,49,46,66,58,30,57,33,23,17,45,21,32,32,22,33,22,49,30,29,45,33,54
"86106",54,66,53,43,46,33,30,27,33,29,23,28,19,29,40,28,41,31,48,32,26,58,32,32
"92793",66,49,33,55,52,39,18,58,9,14,11,41,12,12,16,15,32,14,38,18,14,37,27,21
"1522312",63,61,60,51,53,50,49,65,42,52,32,62,40,47,53,49,54,42,54,53,34,50,49,41
"1705353",51,65,38,50,38,32,40,42,25,36,31,43,26,33,34,27,44,42,49,23,22,30,31,27
"1743168",65,44,39,51,42,49,33,51,14,25,25,39,19,32,22,21,37,23,37,34,26,33,25,36
"1759089",34,65,39,32,27,30,13,27,22,23,13,30,13,20,23,13,46,11,39,14,19,24,23,19
"1807358",39,65,45,46,49,63,41,49,31,38,48,44,28,32,23,46,49,44,59,48,17,40,46,39
"1903412",64,55,36,33,49,65,40,57,39,35,31,57,27,38,43,42,47,33,47,37,55,60,46,33
"2081042",65,52,44,60,27,40,23,42,25,30,25,52,28,25,41,21,22,36,32,19,30,39,20,31
"2086577",49,35,65,37,58,50,19,38,33,19,24,28,15,23,25,22,19,19,33,14,22,34,17,31
"2099583",50,64,37,39,42,46,65,54,55,50,52,49,44,58,45,56,40,54,47,36,49,38,32,41
"2169583",65,44,48,59,39,43,31,36,35,28,32,49,25,24,32,34,34,34,38,30,21,41,28,40
"221402",55,65,49,55,48,43,25,43,32,34,28,41,33,40,32,30,45,31,42,39,30,47,28,27
"2560784",65,4,40,9,62,6,4,35,6,2,2,14,5,7,4,3,3,3,40,0,2,18,2,0
"2686362",65,65,49,48,52,61,31,50,24,11,22,50,4,23,14,21,39,22,60,25,20,64,42,62
"28124",65,54,50,50,60,36,32,47,25,19,21,37,23,25,24,17,37,27,47,29,28,31,45,30
"2822842",65,58,31,58,44,48,27,48,25,40,28,38,33,34,30,15,36,24,46,24,32,45,24,47
"2898187",61,60,65,41,49,52,19,60,14,23,20,38,11,27,22,18,39,17,23,19,17,48,27,31
"2911514",65,49,50,56,46,34,27,43,24,22,28,40,21,34,35,33,28,39,60,32,26,45,31,25
"2946699",65,46,39,44,62,41,40,31,23,25,31,42,42,26,26,27,36,14,37,28,25,39,31,38
"299566",59,65,51,32,35,37,20,38,31,34,17,30,24,29,23,31,22,23,45,19,35,29,38,33
"347209",41,14,27,25,65,10,21,28,16,18,17,27,17,15,7,12,22,6,44,9,8,37,5,24
"589436",60,56,35,35,44,47,26,65,28,21,17,62,10,22,21,37,41,33,37,25,21,36,27,39
"81461",56,33,42,30,23,65,25,35,31,25,42,48,26,29,31,25,29,31,20,29,40,39,40,34
"85026",49,47,54,45,54,54,53,40,64,42,52,55,42,65,37,42,40,35,36,41,42,40,29,31
"1191912",64,53,57,34,41,44,18,53,21,12,16,62,10,14,18,15,29,23,48,19,20,58,24,42
"1599",64,47,27,33,37,53,29,42,31,30,25,35,24,19,27,18,30,30,31,26,21,31,18,36
"1884914",64,56,33,46,32,47,43,32,33,33,39,58,23,45,31,33,38,25,40,40,35,28,45,43
"1918946",58,59,35,55,64,56,36,43,32,43,29,35,26,21,31,23,35,40,34,27,25,40,19,38
"1936080",64,50,58,51,57,53,13,47,30,10,17,46,11,20,17,21,42,20,52,10,14,52,28,38
"1983719",64,39,58,45,52,49,28,31,15,35,24,42,30,26,25,21,35,12,56,28,15,38,21,22
"2057808",57,52,64,37,42,30,17,35,18,18,12,43,12,22,28,14,31,17,40,17,20,40,16,27
"206403",42,64,29,39,43,43,24,46,26,32,24,41,34,17,31,27,28,25,27,26,27,30,40,31
"2081049",64,37,33,38,28,46,30,44,25,32,21,34,21,33,39,20,28,25,38,22,27,42,30,29
"2686366",63,56,51,59,57,52,12,64,21,16,15,39,16,24,17,21,22,19,56,21,16,61,21,47
"2700081",48,42,59,64,61,37,37,61,45,47,30,49,47,49,46,31,51,23,54,34,31,56,28,28
"2738867",57,49,42,45,47,56,43,61,41,31,37,42,40,34,36,28,64,24,50,41,33,49,49,54
"2779362",64,40,49,25,58,38,11,45,20,9,5,32,16,16,24,12,21,6,33,7,15,32,10,28
"2779445",39,39,43,44,34,64,25,30,20,30,18,20,27,26,28,19,22,31,29,31,29,37,27,43
"290110",59,64,55,37,47,53,36,38,36,29,28,36,18,25,30,36,42,31,32,34,31,40,34,24
"2946797",60,62,49,55,64,59,43,55,45,40,51,45,33,43,39,41,49,48,45,37,34,37,39,44
"2982615",51,64,36,43,52,41,32,41,24,17,32,35,23,30,19,29,33,35,23,24,33,57,25,29
"3047468",47,39,47,60,46,42,37,58,38,47,36,43,30,44,43,64,42,44,46,37,51,43,37,44
"3070997",56,57,49,51,64,43,37,38,48,38,44,49,31,43,35,34,35,24,47,36,36,48,33,46
"32011",54,27,64,33,48,45,30,49,18,25,32,49,24,35,31,31,31,19,45,24,31,59,22,20
"40216",64,57,52,44,60,51,21,51,33,30,33,44,31,34,26,19,52,33,43,21,28,43,27,55
"410072",56,51,33,36,64,51,30,28,32,39,35,40,35,19,21,30,34,30,32,34,24,44,34,46
"697331",36,26,41,40,64,37,38,47,21,23,35,55,24,32,22,24,39,19,36,15,30,31,22,22
"702745",58,53,43,35,64,38,13,28,15,12,13,39,20,26,10,10,22,13,58,10,14,33,25,46
"748770",52,53,45,33,35,58,38,26,18,23,30,29,13,22,27,38,44,48,31,64,24,26,61,35
"752201",52,64,46,28,46,35,22,38,29,49,27,55,23,27,37,30,44,28,31,44,23,50,54,23
"82983",57,57,46,64,48,61,29,52,32,31,38,43,18,40,25,22,39,40,35,33,34,35,36,42
"846",64,25,17,24,45,13,4,22,6,4,8,7,5,7,2,5,10,5,13,5,7,7,8,19
"115561",63,46,44,50,55,57,27,49,30,39,43,41,32,36,30,37,38,36,58,24,37,53,43,40
"116092",60,46,54,63,57,57,33,49,21,30,30,29,23,38,33,36,40,25,35,28,37,48,40,44
"1353277",63,39,33,35,34,31,29,35,28,10,24,40,21,27,17,21,19,20,28,28,26,30,12,40
"1582259",55,46,41,52,63,56,32,36,38,34,29,50,35,31,30,24,55,33,22,35,25,31,22,33
"1585976",63,53,49,39,61,45,25,42,23,19,24,49,19,16,24,23,37,21,47,20,27,31,21,34
"1738770",63,44,53,58,53,48,43,39,20,22,22,48,21,37,18,22,37,20,31,22,33,53,21,38
"1756150",63,55,58,19,54,48,10,42,14,18,14,35,18,15,15,16,26,18,42,13,22,51,18,51
"186823",40,63,41,32,28,52,26,41,32,40,23,48,33,31,20,35,29,30,26,31,24,31,45,32
"2071621",63,48,56,54,39,49,31,48,31,41,26,50,19,35,27,25,44,36,47,39,25,33,25,40
"212667",53,63,49,45,63,42,36,57,37,32,42,43,35,32,29,40,47,45,48,42,28,48,40,48
"242703",63,53,52,43,59,44,43,43,48,46,34,44,29,38,35,42,39,42,48,43,40,45,54,36
"2545632",62,63,45,58,45,44,44,52,31,42,32,29,21,40,31,31,44,45,50,34,36,48,43,42
"260554",63,52,47,39,47,49,28,44,39,25,31,29,36,24,14,26,53,20,41,23,28,49,26,46
"265668",63,56,47,47,55,61,33,58,34,34,26,52,39,37,35,36,45,27,53,43,29,45,32,48
"2676755",47,54,40,28,63,40,31,52,34,28,47,38,25,34,38,20,22,13,61,23,23,51,10,43
"2686361",53,47,54,52,44,63,15,30,20,11,14,26,8,11,25,17,35,17,39,18,11,47,25,34
"2738983",45,45,34,63,35,31,33,45,41,28,26,42,25,45,39,39,36,28,29,37,38,35,41,35
"2744479",46,55,34,57,63,44,35,30,26,26,26,39,29,32,20,23,41,32,36,31,40,47,42,25
"2751",63,42,50,38,47,61,13,41,26,27,22,34,16,19,20,13,27,26,46,24,30,25,29,36
"28128",63,57,49,40,45,55,32,52,37,27,38,52,14,40,29,27,41,34,36,30,21,39,28,41
"2846232",63,1,7,8,32,0,0,14,0,0,0,15,1,0,0,0,1,0,20,0,0,11,0,0
"2854796",47,63,61,42,38,51,39,54,38,43,41,60,31,49,42,33,42,32,41,35,28,31,36,30
"2924034",63,24,22,36,36,35,18,21,31,16,15,32,20,25,32,12,22,21,38,18,24,31,14,35
"2932255",61,63,47,40,42,54,27,36,29,33,24,26,20,36,28,24,38,17,45,41,21,49,33,24
"2994078",58,47,37,43,47,58,39,61,36,24,33,38,22,27,27,44,63,30,38,22,27,43,46,37
"3016343",43,52,39,50,41,38,34,44,38,42,46,63,32,59,35,31,36,41,56,59,33,43,45,39
"3020715",55,61,56,50,47,48,54,48,43,47,44,55,58,47,43,40,34,46,39,39,36,44,63,27
"3024411",54,57,45,51,32,63,26,40,30,43,25,45,18,38,32,31,51,41,35,32,27,34,42,39
"3059077",42,55,63,34,44,39,7,43,17,17,11,23,9,23,10,9,40,11,50,14,12,48,18,30
"393921",63,48,38,38,45,50,18,33,40,28,30,34,29,10,22,25,31,26,39,22,23,43,25,29
"40215",62,63,29,30,50,43,35,40,39,20,23,45,22,37,24,20,39,12,34,22,24,38,23,24
"416916",63,49,61,36,51,58,30,44,35,30,25,44,25,30,31,19,42,28,31,39,20,28,33,35
"435912",63,56,50,34,51,62,44,62,33,36,30,50,21,45,32,38,46,28,43,32,33,46,33,42
"570278",63,53,57,34,49,45,29,53,24,31,29,39,24,43,41,38,43,43,33,30,27,33,55,42
"71190",56,61,51,29,53,61,32,46,46,46,46,40,20,42,38,37,44,48,33,31,32,58,37,63
"71667",50,44,39,39,59,53,25,46,31,28,47,63,22,22,30,29,54,36,59,32,22,45,37,46
"728",52,63,58,48,58,59,32,45,48,29,32,31,26,37,31,46,52,30,53,40,28,44,42,47
"738",56,50,54,52,57,47,39,55,40,27,32,46,28,35,42,29,51,39,57,30,26,56,29,63
"74109",40,54,45,40,43,52,29,63,30,19,24,41,23,26,25,28,36,28,37,30,26,37,43,35
"1218315",31,46,31,36,45,41,17,23,21,15,17,49,17,25,16,10,28,22,35,30,23,23,18,62
"1386941",44,42,43,33,62,40,22,50,24,25,28,39,28,22,38,29,32,17,21,30,33,38,24,23
"1583",52,38,45,50,31,29,37,62,22,27,43,37,26,34,24,33,44,35,46,18,25,43,35,38
"1632019",62,58,61,37,59,54,44,49,46,46,45,47,41,52,34,31,39,39,43,51,45,53,54,29
"1679449",56,62,44,53,54,44,22,33,26,18,31,33,20,23,29,24,28,31,34,20,35,43,13,25
"187878",44,62,43,36,51,38,34,38,42,38,31,40,30,31,39,42,36,25,42,36,34,25,38,39
"1942464",62,49,44,48,46,50,15,59,12,12,13,45,12,24,22,10,25,13,58,16,15,52,22,33
"2100821",44,62,53,40,46,50,41,29,32,30,25,40,23,37,26,21,39,40,42,21,18,36,44,36
"2213226",62,59,26,39,32,33,26,41,15,24,16,47,14,22,20,15,30,14,39,22,18,34,26,32
"229980",46,62,39,48,57,54,51,46,35,39,34,35,35,27,33,42,38,38,48,33,19,36,46,27
"2488810",56,45,37,62,34,54,30,43,20,18,11,23,26,24,18,16,55,21,37,23,39,26,39,30
"2731219",47,52,53,37,62,29,28,32,30,28,25,24,19,28,31,24,29,19,47,22,30,36,30,30
"2930200",62,47,32,39,27,42,33,27,43,28,25,26,18,33,20,31,37,30,28,43,30,28,24,41
"2951138",62,45,53,55,54,38,37,52,46,52,24,46,37,33,42,33,43,21,55,22,32,59,39,44
"2975052",50,62,53,55,57,52,36,49,34,32,28,55,35,32,37,40,44,30,55,25,37,36,40,42
"2980026",50,62,43,50,51,46,42,38,41,48,31,51,25,44,23,31,48,31,46,25,36,41,30,25
"3026967",62,56,45,45,52,48,39,51,43,22,26,49,32,34,31,37,39,36,38,30,26,38,45,39
"3045147",55,41,42,46,55,62,28,37,25,14,20,27,19,26,17,30,36,24,31,27,19,45,39,34
"349064",62,44,42,50,48,28,16,47,25,12,18,41,16,31,12,17,30,19,32,16,17,36,23,28
"360422",62,59,48,51,35,47,20,28,23,33,24,40,29,23,17,35,55,28,26,35,29,39,21,51
"436114",59,50,35,45,51,50,26,62,27,32,36,58,34,20,26,30,42,23,33,42,35,27,33,27
"53410",62,53,53,50,42,32,30,42,30,29,27,47,39,25,18,24,39,38,22,30,25,36,25,32
"556548",62,49,40,46,61,50,38,56,37,41,34,50,32,41,57,40,32,38,35,36,33,47,38,35
"577309",42,42,43,32,40,62,25,38,31,29,27,35,30,18,15,31,39,22,36,23,29,50,19,30
"64471",44,35,62,41,35,32,33,40,27,37,39,34,33,35,37,26,50,34,39,30,30,43,46,33
"744515",51,44,52,48,43,62,29,47,33,25,33,44,33,36,24,31,36,32,34,18,40,47,39,40
"754397",62,41,53,43,53,36,12,41,15,12,12,33,11,19,21,7,37,14,53,23,15,49,22,36
"940",62,61,31,48,60,61,38,57,46,35,51,35,30,41,27,30,44,34,38,40,22,34,46,44
"102116",55,38,27,48,61,51,27,39,44,37,32,45,27,29,26,30,31,31,28,36,32,33,39,34
"104267",46,47,61,42,54,34,29,37,15,21,18,45,15,14,19,10,27,26,47,13,9,46,23,45
"1413",56,50,44,51,61,49,23,44,21,23,32,32,16,31,23,14,29,23,55,25,19,29,26,36
"1456591",46,60,52,49,44,53,30,61,29,33,42,56,20,22,31,34,53,27,39,41,24,57,25,48
"1497681",61,36,44,50,42,61,27,37,20,29,40,30,26,31,38,29,42,18,26,25,25,29,37,26
"1566379",27,61,55,40,15,45,33,56,33,34,26,42,25,35,29,23,26,41,38,28,36,31,27,23
"158849",56,45,30,32,61,50,19,38,31,21,22,25,9,24,24,17,30,17,38,19,13,33,22,32
"158850",61,49,40,30,39,37,20,47,19,17,14,50,24,17,8,15,23,17,33,12,33,36,19,25
"167375",46,61,40,55,23,47,32,39,22,28,34,44,25,25,24,29,42,36,15,26,26,28,36,33
"1727214",50,52,52,50,50,53,48,42,44,41,41,42,38,39,34,37,32,38,42,40,30,42,37,61
"1751286",50,49,36,27,48,58,41,48,28,32,24,33,23,31,15,36,38,56,29,61,21,47,46,38
"1816218",57,47,43,30,32,61,27,43,29,22,27,36,22,32,19,33,29,18,38,30,20,34,33,40
"1869339",12,20,22,25,61,17,10,21,17,11,8,16,12,11,16,17,13,18,15,10,6,14,9,12
"1890438",48,52,61,44,44,34,36,35,30,40,36,46,23,34,17,34,35,46,28,38,25,32,59,31
"2194",42,37,35,45,42,59,39,28,61,40,45,33,36,29,39,44,47,22,30,32,46,52,44,38
"2675053",53,49,38,61,59,46,31,58,40,25,36,31,30,37,42,32,36,27,34,34,38,42,40,42
"2676233",56,48,43,33,61,24,56,38,28,27,40,37,23,29,18,30,27,16,53,17,18,46,20,29
"2779527",61,30,36,45,51,32,17,35,18,19,18,20,12,13,16,7,29,13,29,20,13,36,12,15
"2801997",38,42,49,28,61,58,14,38,14,16,15,49,14,26,25,13,24,13,30,15,23,39,29,27
"2932259",61,39,45,38,51,58,40,39,49,42,45,36,36,37,32,27,52,27,37,35,47,49,32,46
"29459",56,61,36,58,57,50,55,36,44,41,38,32,30,45,42,35,34,42,40,46,38,37,33,32
"3067275",61,55,38,43,45,51,37,29,41,27,25,42,23,26,30,30,32,23,42,19,28,34,36,34
"322095",58,61,36,49,44,35,23,45,28,36,18,44,33,32,40,35,44,33,28,28,32,43,41,43
"38027",44,53,51,48,41,56,42,61,40,33,31,48,17,28,43,40,41,34,47,45,33,30,33,24
"413501",58,57,45,27,47,61,44,47,25,33,22,45,41,37,42,26,33,37,47,34,39,31,30,31
"42422",61,54,55,60,28,48,31,35,30,16,47,38,24,32,27,29,58,39,25,41,33,42,31,44
"69965",61,53,41,44,52,34,30,43,19,21,17,42,23,17,22,19,40,22,41,23,19,38,25,25
"76594",57,49,35,45,53,61,14,55,8,16,13,44,19,27,20,21,36,17,42,20,23,57,12,25
"780",61,54,37,40,42,49,27,28,33,28,33,44,15,22,17,27,27,21,47,24,31,40,29,39
"861",61,33,54,47,31,39,34,35,20,32,36,49,22,19,31,27,39,27,30,11,37,35,19,27
"107327",60,40,31,43,33,45,29,46,31,15,33,39,31,24,22,20,26,18,26,32,20,28,33,38
"1084719",60,46,46,53,56,41,37,54,36,42,38,47,31,34,28,46,41,44,16,33,32,37,28,33
"1216932",43,36,49,19,60,39,25,15,28,16,11,23,14,39,31,16,29,14,29,21,31,29,23,31
"1249480",37,56,36,35,47,43,35,31,23,31,22,60,31,21,30,35,37,41,37,28,23,19,38,52
"1408281",60,57,36,55,53,42,28,44,24,31,37,44,21,34,32,34,54,27,45,34,21,36,52,39
"1421",60,58,50,52,44,34,30,26,28,33,28,45,11,17,30,26,26,26,37,25,17,42,25,31
"1503041",60,56,39,48,30,45,31,44,41,42,55,37,43,30,32,34,53,30,40,45,47,28,41,23
"1855617",60,51,45,51,42,48,39,37,26,27,20,43,20,25,27,28,50,25,45,27,23,45,36,39
"186814",33,47,53,54,43,49,43,38,44,49,34,35,42,31,32,60,50,43,47,31,27,39,39,38
"2067065",54,43,49,54,29,49,45,47,30,40,60,49,32,29,41,30,53,35,48,43,36,43,28,37
"2099584",51,60,34,36,22,34,35,36,37,23,23,34,29,18,31,40,31,31,28,20,28,16,25,26
"230361",22,25,53,20,36,13,10,12,60,7,6,13,16,42,34,3,13,13,47,16,49,28,11,13
"233055",53,55,59,55,50,60,36,46,30,41,39,46,36,36,37,44,48,37,30,41,43,51,47,57
"234828",48,60,27,34,33,42,29,29,32,23,34,53,25,33,24,24,47,28,35,21,21,28,35,36
"2493639",51,60,23,36,39,49,24,41,25,30,22,42,16,26,20,30,37,30,35,19,40,49,20,29
"2560029",60,39,44,43,52,38,25,32,21,22,37,33,28,19,22,28,28,19,29,19,30,32,24,30
"2576930",60,39,35,49,35,45,28,31,27,37,43,39,27,23,31,21,39,27,42,19,31,42,21,28
"2681308",35,27,22,60,27,31,21,18,19,23,22,21,25,19,18,20,35,11,25,12,17,15,13,19
"2682541",57,42,28,37,60,40,19,41,27,27,28,35,15,26,18,21,29,14,28,24,15,27,23,30
"2767565",0,1,1,0,0,3,0,0,2,1,2,1,1,1,0,0,0,0,60,0,0,2,0,1
"2778054",40,53,50,60,45,44,33,44,34,31,32,42,19,33,43,23,36,31,38,32,33,33,35,38
"2808900",59,53,41,46,45,60,14,55,20,24,18,39,9,19,15,16,28,13,47,15,26,42,23,42
"2828656",59,47,60,55,59,44,56,41,30,43,41,43,32,43,27,41,55,33,46,56,36,50,42,53
"2929796",60,54,53,44,58,38,21,38,20,24,14,29,13,16,20,18,20,22,35,15,14,33,26,33
"2932492",47,15,28,25,60,36,9,36,9,12,14,31,9,18,15,6,14,6,40,12,11,35,21,26
"2956343",35,26,45,34,30,36,12,60,18,16,31,38,16,28,22,18,32,17,26,29,24,31,20,13
"3024247",42,59,53,47,49,55,22,52,51,39,33,59,37,36,29,60,45,44,53,31,43,50,37,32
"3070995",48,52,42,35,25,60,30,27,34,35,18,39,14,36,29,23,43,22,40,25,23,32,35,28
"47770",39,32,33,24,52,43,17,34,35,18,22,19,18,46,28,19,17,12,58,30,19,60,19,32
"491950",45,60,35,45,52,49,30,35,26,31,26,30,23,17,26,27,39,25,38,34,30,36,24,23
"63363",58,54,52,42,57,60,45,49,47,42,31,39,31,32,40,41,42,32,30,32,33,40,27,34
"71452",39,60,40,40,35,45,31,37,34,23,20,45,32,22,20,26,36,28,30,21,22,34,35,45
"75985",55,46,48,57,47,60,34,40,23,22,29,44,10,22,32,33,57,25,47,23,32,46,36,39
"83552",59,54,29,60,52,39,24,41,30,28,40,44,27,39,26,34,43,24,33,31,32,32,41,45
"942880",40,47,60,43,43,40,38,34,38,35,31,32,21,23,42,36,39,25,31,27,29,22,45,39
"972",60,40,47,50,44,43,40,45,35,27,42,41,32,34,36,25,46,44,43,33,26,35,45,47
"10319",37,54,35,30,41,40,38,32,59,40,23,34,26,44,32,31,33,37,34,35,38,31,40,30
"1060",59,59,38,57,35,54,41,53,43,41,44,43,47,31,36,42,36,29,30,43,39,39,45,33
"1166",52,54,32,26,22,59,31,21,21,26,38,49,28,20,32,30,39,30,34,33,29,34,54,31
"1200300",51,59,47,43,33,39,59,43,30,30,49,35,37,36,45,58,48,32,46,32,22,33,38,24
"1509",59,41,38,31,34,48,16,38,20,16,17,39,18,22,29,6,44,18,46,23,35,30,23,37
"151276",59,46,48,40,36,47,19,36,19,14,24,35,19,18,20,16,27,11,44,21,26,37,18,42
"160233",59,57,40,34,39,40,56,41,45,39,41,45,48,46,36,52,39,56,36,40,36,29,44,47
"1610",58,49,59,31,46,52,44,31,38,45,24,48,41,33,32,22,48,25,58,40,28,36,33,56
"1758374",58,46,40,43,39,59,25,39,28,27,33,49,18,31,25,34,50,28,44,37,29,27,25,46
"1850252",57,59,47,41,45,48,27,38,14,19,15,37,22,28,14,28,36,15,39,20,26,36,28,34
"1884904",47,59,38,47,44,52,36,55,37,46,42,52,28,43,39,37,42,27,42,27,32,39,44,43
"1987584",47,52,35,59,44,41,32,41,20,39,40,46,35,30,33,42,43,26,40,41,42,38,28,34
"2067572",59,29,54,45,44,43,30,37,18,33,48,31,24,32,35,33,45,26,37,29,29,45,42,32
"2172103",55,42,59,55,59,52,38,34,40,45,33,51,27,29,30,33,46,18,44,39,33,53,33,33
"2422",58,42,49,52,59,34,37,41,53,42,41,43,40,37,38,35,49,35,38,40,44,29,46,42
"2547962",55,54,59,52,41,43,31,41,26,27,29,37,20,41,38,33,37,32,30,28,40,39,29,41
"2590884",38,57,59,47,39,49,38,35,34,39,34,37,27,28,31,23,51,25,44,28,37,30,43,48
"2599890",59,44,33,27,55,37,39,35,29,39,49,28,28,22,26,33,30,30,44,29,21,43,30,28
"28253",57,59,59,46,40,56,33,46,31,27,24,51,27,27,32,31,40,29,36,34,14,58,29,31
"2843308",59,49,31,22,27,38,27,30,21,29,20,34,25,20,12,31,34,21,32,27,18,20,28,32
"2855841",49,59,32,37,49,48,11,31,10,11,12,33,17,13,23,12,28,13,41,12,16,30,18,22
"2886361",59,51,46,52,41,53,28,45,27,29,25,31,32,34,24,32,42,30,29,30,30,31,24,25
"2918526",59,58,37,31,36,53,17,55,15,20,18,34,6,19,36,11,43,14,39,17,14,35,16,43
"2924032",59,31,47,32,57,56,22,35,24,23,23,44,14,25,17,15,34,17,41,23,12,39,26,26
"2950074",45,59,41,31,52,28,20,30,21,39,33,34,31,18,24,22,22,36,41,21,36,39,22,35
"3057057",54,50,35,30,59,50,29,41,29,34,25,39,18,24,31,24,26,25,28,31,21,29,37,46
"375929",30,59,30,42,25,49,27,33,30,31,27,35,16,21,27,24,32,27,26,30,19,26,49,30
"46255",37,59,40,50,33,32,26,40,22,38,37,38,30,24,21,35,31,32,46,30,32,20,28,31
"54120",57,48,45,39,45,59,43,45,48,49,49,48,33,39,32,42,56,34,39,32,38,34,45,37
"664643",59,45,40,31,28,34,15,35,20,21,19,45,22,27,29,28,29,24,34,28,31,51,22,32
"675",59,51,47,49,38,39,31,35,33,34,32,41,34,28,42,30,32,31,39,26,27,58,41,27
"708131",38,36,42,41,59,42,28,35,28,30,26,31,26,31,22,34,26,36,30,30,18,32,33,16
"754417",59,59,56,30,53,44,7,53,22,17,10,42,19,18,18,10,44,12,53,18,11,47,20,48
"1166130",58,39,45,36,50,43,36,40,45,42,44,48,34,46,32,47,41,37,40,42,37,44,54,35
"1173270",41,58,33,37,50,37,32,36,37,42,38,44,30,35,23,27,51,34,53,29,20,57,42,46
"1232667",48,53,54,57,46,34,18,58,7,14,16,44,12,12,11,12,34,19,18,15,15,33,12,18
"1246",41,50,54,58,40,48,31,34,31,35,26,40,23,40,34,18,39,30,30,35,29,37,26,27
"1351",58,53,56,49,41,54,37,56,37,39,36,48,37,46,43,38,39,32,48,25,38,51,32,39
"1400862",33,58,28,23,43,27,26,33,23,28,33,28,13,25,21,31,24,30,37,31,25,22,34,27
"1407071",58,36,28,37,30,38,20,38,21,26,24,36,27,27,17,22,26,13,22,22,30,36,21,27
"1493",58,42,38,34,41,31,13,40,35,21,27,35,16,19,31,21,46,25,35,31,21,32,25,31
"1505907",57,50,58,45,54,44,41,42,30,39,35,55,30,31,39,45,50,47,26,31,34,32,35,30
"160453",40,32,39,47,39,39,26,45,39,25,39,58,21,22,35,30,36,23,38,33,19,54,32,31
"167",48,58,53,55,45,42,30,55,40,37,27,41,33,33,29,33,51,27,34,30,28,40,33,42
"1677857",46,48,56,53,53,58,28,39,49,24,21,38,25,42,37,15,34,23,46,19,24,55,23,40
"1840265",58,40,39,37,44,54,22,39,17,24,19,42,29,31,35,31,53,41,48,43,39,36,37,28
"1868135",9,10,58,18,9,7,9,9,7,11,11,7,12,12,4,4,8,3,9,8,5,3,4,8
"1884907",58,32,32,45,49,44,18,41,31,35,32,38,26,22,34,27,30,28,22,30,32,32,33,30
"1886807",58,34,32,33,37,21,25,28,15,17,30,28,20,15,21,31,25,30,36,26,16,43,27,22
"2055892",44,47,58,32,31,37,37,47,28,23,32,34,20,23,25,25,30,21,35,22,16,41,30,27
"2653681",58,50,38,34,54,46,16,44,19,10,16,45,9,10,20,16,36,17,47,13,16,43,20,34
"2715163",58,48,34,23,43,38,21,33,27,24,26,27,19,26,15,23,34,12,47,22,21,27,23,20
"2746230",58,18,19,35,25,21,14,24,16,17,13,32,17,24,19,10,25,9,23,20,21,23,20,32
"2770234",44,48,41,44,58,42,32,49,36,34,25,47,20,19,26,31,35,29,34,30,28,49,31,34
"2773454",42,50,52,38,41,45,24,58,28,44,43,50,20,16,26,23,41,25,44,37,24,38,30,34
"2806609",45,58,30,28,30,35,23,25,26,32,26,28,25,24,23,23,29,22,20,24,15,42,25,22
"2844358",58,27,36,33,41,39,20,28,24,27,23,27,17,14,22,26,24,10,29,14,15,41,17,20
"2864206",58,42,48,36,42,44,21,35,23,25,30,52,21,27,35,39,52,34,58,25,27,35,31,34
"2884834",50,21,49,25,58,15,14,24,22,20,8,14,17,17,14,3,16,5,36,8,14,32,10,12
"2926671",58,40,30,38,46,36,25,23,31,15,17,54,23,24,18,22,34,25,37,23,26,34,16,21
"2937286",41,58,44,30,48,57,26,32,33,41,28,48,25,35,36,20,46,27,34,23,28,33,42,35
"3024248",47,45,58,41,53,44,44,43,24,33,25,42,31,26,30,48,38,20,34,31,25,34,34,36
"3035289",58,39,41,21,39,23,27,26,13,21,22,15,24,18,32,16,22,24,20,24,24,27,24,12
"3047542",58,58,35,46,57,49,16,24,13,14,9,29,14,20,28,17,23,15,37,10,11,38,23,31
"33952",46,58,50,26,58,58,30,40,24,33,23,36,16,39,30,31,39,29,31,29,32,45,40,42
"676208",35,35,30,29,52,48,16,58,27,20,16,32,20,17,13,16,43,20,34,15,26,27,22,20
"75984",57,58,40,33,55,49,26,32,25,31,31,49,17,32,27,25,45,31,34,24,35,48,24,30
"1278232",31,30,57,32,48,29,27,27,23,17,25,30,21,28,32,16,24,13,33,15,31,32,23,29
"1328770",53,36,38,39,32,57,24,38,21,22,23,28,22,22,19,15,41,27,26,34,27,33,29,42
"1329841",57,32,31,17,25,32,23,18,19,27,8,20,24,33,14,13,23,19,29,11,24,40,32,14
"1442558",49,57,46,36,54,51,44,55,36,40,27,30,34,33,30,25,36,40,46,51,50,46,34,47
"154288",21,8,46,10,36,11,6,8,57,7,10,14,10,31,31,12,13,6,45,5,15,24,10,12
"1561003",52,53,56,57,43,47,28,40,26,34,24,47,24,21,24,27,40,29,43,27,27,25,30,29
"1587",20,20,34,32,38,13,21,21,22,12,12,18,11,24,24,3,17,10,40,19,37,57,17,14
"1855336",55,38,45,40,41,57,29,36,16,15,12,30,12,23,24,21,30,24,49,18,31,41,19,31
"1892259",57,52,27,25,30,48,23,22,28,29,19,34,26,31,40,37,39,25,22,35,20,44,40,38
"1967666",57,34,53,35,38,38,24,44,26,14,30,27,28,15,31,30,35,22,38,24,21,33,44,31
"2066049",41,30,16,33,57,47,32,34,30,31,20,38,31,23,29,30,32,33,51,25,20,21,30,32
"2083055",52,51,32,36,43,57,26,36,17,27,29,35,24,16,29,32,28,25,30,34,18,41,24,20
"2282309",39,57,35,44,25,54,15,21,26,31,17,28,16,16,30,39,31,30,21,28,25,32,31,36
"2447890",57,46,45,43,42,38,30,56,26,31,32,36,18,37,32,27,43,24,30,29,38,39,38,30
"2563897",37,48,36,57,45,45,31,33,27,32,34,35,22,35,22,24,30,33,39,29,18,45,38,28
"2676247",57,57,50,31,34,49,12,57,24,27,23,38,24,22,31,29,54,22,44,38,30,46,49,41
"2749807",57,40,41,36,48,41,28,53,40,31,25,36,20,29,27,34,33,29,43,17,26,24,17,34
"2779528",57,56,42,37,49,45,24,35,40,49,25,31,27,33,35,42,44,37,32,35,45,49,39,35
"2831673",57,55,48,30,37,49,33,48,28,26,24,44,20,36,38,24,38,18,36,32,28,52,23,33
"2836091",57,12,18,29,42,12,7,17,7,10,12,33,11,11,9,9,17,1,31,9,8,21,7,13
"2841925",57,49,27,34,43,46,30,28,28,26,24,34,22,23,19,26,29,26,32,23,25,35,30,14
"291112",49,50,43,37,41,50,25,32,21,32,25,52,20,36,20,20,57,30,32,31,24,34,36,40
"2942908",57,27,30,41,31,23,21,29,18,10,13,25,23,14,22,13,20,10,31,22,30,19,32,31
"2975055",55,57,34,51,45,41,33,30,24,28,22,53,22,23,23,20,30,18,41,34,23,49,32,28
"2976982",52,42,38,47,55,57,24,26,31,29,23,32,19,25,22,19,36,21,46,17,15,24,15,29
"3035694",55,30,57,36,29,50,15,36,25,20,13,27,15,19,21,10,33,22,33,15,24,19,29,24
"3070661",50,57,34,47,50,42,28,31,23,13,19,34,22,20,25,35,35,26,23,25,19,26,30,37
"34061",43,57,33,38,38,38,41,38,35,34,21,44,22,19,19,35,21,25,22,32,20,21,22,23
"415095",48,30,57,49,44,33,27,29,24,24,31,32,22,30,24,18,33,23,56,24,22,45,18,23
"491948",57,53,39,37,49,44,41,25,26,26,22,39,23,37,35,36,46,26,38,20,23,35,29,37
"577489",50,57,47,29,42,45,35,31,32,30,40,32,25,20,30,32,38,35,27,31,21,39,23,28
"626",57,51,45,47,39,57,22,45,24,38,17,32,30,29,20,29,30,28,31,24,26,25,29,29
"779",46,47,49,57,37,36,32,37,19,26,18,36,19,23,16,16,36,25,31,18,23,35,30,42
"795750",53,47,44,47,36,57,35,49,29,30,30,32,32,23,32,28,41,32,35,34,24,42,35,29
"831",57,49,56,46,51,47,37,30,23,21,31,42,17,27,30,42,37,38,50,17,36,33,38,43
"92944",57,56,40,51,43,35,31,37,37,35,28,25,24,37,35,41,25,31,36,35,25,37,32,31
"1173284",49,35,46,50,56,42,21,22,36,29,23,42,28,35,29,23,24,17,31,21,33,32,36,29
"1184387",31,39,37,51,40,56,31,35,30,30,37,42,24,29,22,30,54,29,17,35,26,31,36,38
"1366",56,34,49,38,34,47,39,38,30,48,34,46,25,28,27,23,28,25,33,46,19,40,26,33
"145260",37,51,46,40,56,46,31,35,38,29,27,43,23,35,26,35,17,26,25,15,27,43,30,18
"2016361",56,50,56,47,44,52,28,37,54,40,43,54,39,39,37,50,55,35,32,35,26,37,38,35
"2069255",56,13,18,11,20,12,16,16,13,12,12,9,11,5,4,5,13,15,9,11,5,22,9,12
"2506420",56,34,27,43,47,32,30,26,20,24,22,32,23,24,11,22,21,23,27,31,15,38,28,20
"2576307",50,44,42,39,34,56,31,21,27,19,32,34,35,29,21,20,41,17,28,32,18,26,32,18
"2583805",42,47,53,38,54,56,39,42,35,34,27,49,23,28,30,18,29,35,48,45,30,32,32,40
"2598455",56,36,31,35,44,48,39,37,36,46,34,39,35,34,34,41,47,35,26,39,28,36,38,32
"2654238",43,48,42,34,46,36,24,48,34,27,19,32,23,22,26,30,45,34,49,28,28,56,39,34
"2722751",46,56,34,49,51,41,26,39,35,29,30,38,31,42,33,35,52,24,30,23,33,33,23,39
"2774055",56,29,48,37,35,33,30,41,30,28,28,33,21,19,25,27,36,21,40,21,27,45,34,28
"2815720",56,36,37,24,40,34,31,32,28,31,33,41,22,36,33,23,45,14,45,26,20,29,39,27
"2823317",56,52,52,34,49,41,27,32,30,23,38,50,33,20,34,36,40,20,42,27,26,44,46,41
"2842201",56,43,29,24,28,35,31,53,30,33,33,32,38,25,35,24,27,29,24,33,16,21,38,21
"2976236",37,56,31,32,34,40,21,33,31,33,25,27,18,32,16,17,41,27,39,21,19,34,33,22
"326523",56,36,46,50,43,40,30,41,35,33,34,41,36,33,38,36,41,24,43,34,26,38,27,33
"348824",56,45,35,39,43,43,24,52,18,21,15,40,11,16,11,24,25,16,36,25,20,39,22,22
"411483",45,50,42,46,47,56,51,56,35,37,37,39,34,30,29,38,38,34,44,36,44,35,44,43
"418008",51,49,50,35,48,56,29,46,51,31,26,32,29,53,55,30,42,31,47,23,41,29,38,27
"451",55,54,52,54,49,56,42,42,32,20,44,54,32,42,43,27,36,39,56,38,44,37,37,40
"641107",53,47,43,56,36,50,21,39,17,20,15,30,15,29,34,31,39,26,30,32,25,22,31,37
"658643",56,29,51,22,48,25,27,34,26,29,33,24,32,25,30,17,26,23,38,28,17,38,23,31
"84405",56,48,36,32,38,50,30,43,18,34,34,34,19,43,37,32,41,38,21,37,23,36,28,38
"1149952",29,44,30,40,55,34,25,35,29,28,32,42,19,21,25,19,30,33,36,27,21,37,24,40
"1173288",55,45,31,28,34,34,23,36,18,18,15,10,25,23,25,13,26,15,22,20,26,30,23,24
"1232575",39,30,48,55,24,32,33,38,19,28,29,22,28,19,23,17,26,30,17,29,17,27,16,32
"137583",48,49,55,28,30,52,24,32,21,36,30,25,21,25,22,20,35,27,34,24,22,34,31,30
"137591",45,44,37,32,55,51,39,39,28,35,21,30,27,25,26,41,27,21,23,20,23,24,24,39
"1382237",55,48,32,18,38,29,31,33,29,21,17,32,23,20,26,15,35,21,42,24,26,21,20,38
"1758390",46,51,27,55,37,38,29,35,33,27,38,25,22,30,25,16,18,23,22,28,26,25,25,15
"1912897",39,42,55,35,24,45,28,27,33,26,34,38,22,39,24,25,34,21,21,32,14,26,29,39
"2132",55,44,40,30,42,51,27,39,14,23,19,49,18,22,31,14,40,18,42,23,34,40,27,23
"2259",39,55,49,31,47,39,35,22,26,26,29,32,37,43,34,31,38,24,33,29,23,42,30,24
"2267253",55,39,43,37,43,39,20,38,32,30,28,35,14,19,24,17,34,28,35,16,30,31,31,34
"2282310",55,37,30,52,49,39,21,41,36,26,25,33,34,30,31,24,36,35,30,34,29,37,31,37
"247523",47,55,45,38,38,42,42,40,26,29,31,39,18,28,30,31,48,18,34,34,23,44,21,36
"2560220",55,6,31,18,18,1,5,21,3,2,0,23,0,6,2,2,0,2,10,1,3,8,1,3
"2576928",55,34,25,35,35,16,18,26,22,16,19,19,14,14,16,17,29,20,15,16,24,21,26,25
"2586643",49,55,35,46,46,48,39,39,44,37,27,48,21,54,45,18,38,17,48,33,35,38,39,34
"2589818",55,29,37,35,49,32,22,17,29,23,26,28,27,33,32,20,32,13,24,33,21,40,14,20
"263",47,48,54,55,28,37,36,47,31,26,25,40,29,29,21,25,44,20,26,30,25,39,31,31
"265426",55,50,47,42,47,46,33,26,41,21,36,45,26,32,24,35,33,25,29,13,34,46,20,26
"2698686",55,35,43,25,32,41,19,19,21,23,22,33,18,17,23,28,39,32,24,30,27,18,19,24
"2702",44,55,36,38,28,38,31,29,37,24,28,33,14,25,23,17,35,24,47,24,21,46,28,27
"2749995",55,54,55,50,53,53,21,41,18,22,25,48,9,28,20,11,41,19,49,21,22,52,25,42
"2795691",39,31,32,55,42,35,45,19,41,46,39,25,40,34,37,44,40,34,13,35,36,29,41,34
"28133",55,31,40,45,44,43,23,34,16,28,33,41,15,31,22,25,36,29,44,29,23,41,24,26
"2821140",36,18,48,40,43,25,31,33,18,22,26,25,18,32,23,29,18,12,32,28,25,28,20,55
"2923375",43,13,55,20,29,16,11,21,9,10,15,34,11,6,7,10,11,8,12,6,13,28,7,8
"2924031",50,43,41,45,42,55,23,35,25,16,36,37,18,34,34,23,34,14,47,25,31,43,28,35
"293091",36,52,20,40,55,25,27,26,19,23,20,24,25,28,20,27,35,20,38,26,26,22,29,33
"3037258",46,55,29,43,27,31,46,42,24,27,35,31,31,19,18,30,29,17,34,18,29,36,34,45
"310037",41,42,12,51,32,55,25,31,18,39,26,22,24,28,19,31,36,18,23,41,18,23,36,28
"311400",36,37,53,53,35,55,23,27,41,38,42,23,29,34,32,20,40,43,28,21,27,38,32,31
"333962",45,51,41,28,38,55,20,38,19,13,20,24,14,25,16,19,25,13,35,33,25,32,13,29
"47493",45,36,43,36,27,55,34,27,33,31,30,30,24,25,21,29,36,27,32,30,19,21,31,37
"658642",55,42,51,47,45,51,32,43,26,26,30,54,20,30,26,34,45,30,44,36,25,38,25,36
"90736",55,39,40,35,51,43,28,40,15,18,15,42,23,28,24,31,31,16,26,21,22,27,23,42
"911092",35,37,46,44,46,55,30,34,38,42,29,40,33,27,24,40,29,42,35,44,48,31,33,32
"96241",43,53,45,55,34,32,23,39,22,27,18,38,28,20,26,24,31,26,30,26,29,42,27,25
"104270",54,47,50,54,33,48,15,47,21,24,21,38,12,19,37,12,35,17,35,13,17,42,38,36
"1048758",54,42,45,41,54,35,35,33,29,34,30,30,13,26,24,33,38,35,37,31,30,21,39,31
"110164",54,46,35,32,43,52,31,24,33,31,20,35,31,28,29,30,30,34,16,27,25,37,50,37
"1254",44,37,38,54,51,50,19,28,20,20,31,26,21,26,21,16,34,31,39,25,27,22,27,37
"138",47,39,29,42,34,54,21,32,26,19,32,34,19,34,33,29,39,27,30,34,28,29,23,24
"161398",52,54,46,37,41,44,29,35,28,29,32,35,20,32,24,31,48,19,28,16,29,41,11,33
"1879050",50,54,36,51,27,39,35,20,23,21,30,33,20,15,17,17,28,32,39,21,20,20,25,38
"197162",43,52,39,37,48,54,34,43,37,29,32,45,27,22,22,20,45,19,34,32,23,24,43,23
"2360",31,40,30,35,52,54,28,29,18,24,16,32,18,20,20,14,28,23,30,12,26,33,25,18
"2587865",40,46,49,26,51,54,35,34,36,35,18,35,23,48,24,16,30,28,38,22,39,29,28,28
"2599641",44,47,34,50,39,42,25,54,29,29,35,21,32,37,25,18,25,24,32,32,27,35,35,39
"2689110",30,43,42,34,36,54,14,34,23,9,19,20,9,34,20,30,24,26,24,19,19,35,26,19
"2708352",27,12,18,6,11,16,6,17,5,9,6,6,8,14,7,4,6,17,6,13,3,24,3,54
"2711221",40,45,42,26,54,52,21,47,18,17,17,26,25,36,43,19,37,25,52,26,13,26,21,31
"2769490",35,54,42,32,39,36,22,45,45,24,24,35,28,18,24,31,39,32,36,18,20,35,28,33
"2779518",43,54,23,31,36,40,38,32,28,22,25,30,30,32,30,26,42,26,23,31,31,30,38,41
"2815775",54,41,34,44,32,39,36,26,30,31,21,35,26,29,30,54,34,41,21,33,18,25,30,27
"2844380",39,43,47,26,37,44,33,42,39,24,31,54,21,39,40,33,53,37,46,35,40,38,30,25
"2845589",54,20,27,52,27,13,9,25,16,9,18,24,9,11,5,14,10,4,19,10,13,26,17,8
"2861799",48,39,40,37,52,48,28,36,25,32,26,54,19,31,23,44,46,36,31,34,20,37,26,27
"2893889",53,47,39,50,29,54,30,33,52,31,20,29,19,25,19,25,44,41,26,31,29,23,40,21
"2898483",54,43,37,23,40,41,26,39,33,23,26,45,36,28,14,34,30,20,46,21,36,46,36,36
"2898725",50,42,39,54,43,35,17,27,26,15,22,30,23,30,23,27,27,14,30,25,24,32,17,31
"29575",54,34,30,23,37,15,15,37,27,19,22,35,12,16,17,17,26,13,29,23,18,29,24,19
"3032580",54,46,54,42,50,40,42,35,22,33,36,44,34,46,30,28,40,29,30,35,33,28,35,29
"39152",52,52,36,29,39,54,12,39,15,10,14,28,17,22,11,10,28,18,27,9,20,27,15,27
"433286",54,42,42,43,49,36,36,35,29,28,19,40,16,24,29,17,41,23,38,26,20,34,21,47
"518738",54,49,43,45,43,41,31,49,34,25,32,41,23,30,24,29,29,32,38,32,31,25,34,37
"649777",48,36,39,28,19,23,28,24,18,32,36,54,32,33,38,31,26,25,23,33,37,22,23,23
"81947",54,40,47,37,38,22,27,36,29,22,16,28,10,35,18,17,23,24,42,17,12,40,22,35
"83984",52,32,40,44,40,48,29,41,31,44,36,38,29,21,31,34,24,39,53,50,25,54,40,31
"86663",54,44,50,32,54,36,17,42,18,13,11,33,7,26,26,12,28,14,23,26,20,37,19,25
"875932",50,54,43,32,35,52,35,48,34,42,38,40,20,20,31,35,44,28,46,38,32,50,31,44
"1073986",47,49,42,41,31,41,43,35,40,37,35,22,51,29,53,35,44,41,25,31,36,36,37,32
"1177213",53,40,25,35,32,27,21,28,23,22,20,42,18,24,20,22,40,32,28,28,28,39,29,42
"1336795",50,37,45,36,47,37,15,51,11,21,29,53,10,23,19,16,29,14,27,23,17,45,35,40
"1336804",53,45,51,35,47,48,21,50,23,17,12,44,12,18,12,9,34,28,45,30,19,52,18,34
"1442159",30,53,37,46,38,38,26,32,30,30,21,25,33,17,23,31,39,19,26,19,12,24,22,26
"1486034",53,50,53,41,44,33,15,39,16,12,12,34,19,19,18,8,26,8,40,11,17,33,25,33
"1706371",42,34,24,26,53,40,16,33,15,21,10,15,7,26,24,7,20,17,24,14,21,34,26,18
"186818",53,49,44,31,46,14,18,23,17,23,14,19,17,17,18,22,26,20,20,20,17,29,21,15
"1878942",43,41,53,37,44,39,29,52,27,25,24,27,19,23,19,28,41,20,44,33,20,37,29,41
"200454",34,53,34,23,39,30,20,33,29,33,26,38,25,21,21,23,23,40,23,35,25,44,40,37
"2026191",53,27,51,33,24,21,16,24,16,22,18,22,14,20,18,12,25,10,20,14,16,22,21,14
"2507159",44,43,35,25,31,42,20,33,30,21,19,34,20,23,20,27,32,24,26,34,14,33,31,53
"2571116",53,48,32,49,29,30,30,33,32,35,25,26,17,33,24,36,31,19,20,25,20,39,27,20
"2740837",41,47,36,39,39,33,34,34,38,18,26,53,30,28,22,19,38,28,26,29,21,30,39,35
"2880990",21,46,30,42,42,53,21,32,18,29,29,27,14,23,25,20,30,32,25,10,16,31,14,23
"300876",53,38,48,28,35,39,21,44,19,25,17,40,19,19,22,26,35,19,30,37,34,23,27,12
"3015170",53,50,51,25,49,53,14,42,33,14,13,38,19,22,29,13,22,12,48,18,21,35,23,40
"3028318",37,53,36,26,33,43,9,33,11,16,11,35,7,21,17,7,31,10,51,16,15,43,15,25
"33951",47,53,47,43,48,40,42,50,39,52,39,50,20,26,27,20,44,34,45,43,39,48,25,31
"496",31,53,26,28,36,35,32,22,25,16,17,38,29,20,15,23,31,29,31,15,30,33,25,21
"52584",53,40,39,30,37,39,27,16,23,12,16,24,17,20,16,12,32,11,25,15,15,21,16,33
"689",33,46,30,53,36,31,23,40,22,23,20,32,17,22,26,18,25,26,38,23,23,34,24,30
"983544",43,46,46,48,41,53,16,38,11,15,14,41,16,13,14,9,22,11,39,9,10,31,15,36
"108980",32,52,35,36,44,18,13,28,24,13,22,24,21,11,10,12,24,15,22,16,22,29,18,16
"122420",33,44,29,52,48,42,34,33,31,33,42,46,47,44,23,35,44,32,24,23,31,23,36,50
"1348613",52,40,41,42,48,44,25,44,13,25,19,38,25,22,20,28,28,11,37,29,17,35,21,24
"1387555",52,38,40,51,47,38,31,28,28,14,28,38,20,28,15,14,35,12,24,23,21,28,21,45
"1687",39,44,25,52,25,49,35,37,30,29,33,33,25,17,40,23,37,18,18,24,28,22,46,34
"1826170",18,10,27,6,44,14,6,5,24,6,7,6,5,13,11,11,9,5,14,5,18,52,2,11
"2026186",35,21,34,20,52,22,13,18,34,13,6,24,6,26,27,12,16,12,31,5,17,28,6,20
"2054173",44,52,33,24,33,45,14,36,15,20,13,41,19,23,17,14,28,13,25,33,27,31,27,37
"2234",52,33,44,34,32,38,38,35,31,42,30,39,33,27,23,39,52,27,24,22,28,21,38,26
"237258",48,52,27,25,33,35,30,15,6,13,14,29,5,14,15,14,23,8,15,13,11,21,20,36
"2507161",38,39,37,29,36,48,29,48,35,16,33,42,20,29,29,21,30,7,30,23,28,36,20,52
"2570911",26,11,23,21,21,18,18,26,10,5,15,52,16,10,20,14,13,5,10,11,9,14,11,11
"2576922",40,52,47,46,47,43,27,50,27,18,24,26,16,26,25,19,33,20,33,20,20,41,29,28
"2587858",39,45,42,52,37,22,27,26,23,26,35,36,21,36,27,34,31,24,36,27,30,29,27,19
"2597770",49,52,35,43,44,30,15,41,24,20,22,44,21,16,22,24,38,34,25,25,17,25,20,22
"2681307",46,31,52,44,39,37,28,47,24,29,24,43,31,25,35,31,42,30,27,29,25,32,48,44
"2795386",52,49,40,34,29,34,32,38,25,24,25,30,22,26,16,23,39,20,30,23,20,34,45,28
"2798861",52,38,30,25,43,48,40,35,24,15,16,31,27,20,19,21,29,17,33,21,18,41,23,23
"2813371",49,30,30,40,32,35,35,34,20,12,22,40,17,19,33,20,29,16,26,20,31,29,31,52
"28189",35,52,43,29,41,34,16,38,22,13,5,18,17,12,17,22,23,19,36,11,17,32,23,32
"2819100",31,49,32,32,43,50,35,41,21,33,30,52,26,22,28,33,42,35,34,33,34,31,23,30
"2822137",35,22,26,36,32,52,18,28,18,29,14,25,12,16,12,11,28,13,35,24,11,22,19,23
"2846400",15,4,20,18,7,10,0,52,0,1,0,15,0,0,0,0,25,2,10,1,0,14,0,13
"2856608",50,49,32,52,33,49,21,39,22,28,15,39,30,11,34,11,42,22,34,24,15,34,21,29
"2884482",43,51,37,43,38,45,27,44,33,20,18,52,20,25,22,12,37,22,47,17,26,38,27,35
"2918755",52,40,41,30,45,29,31,35,19,20,23,29,13,15,17,28,33,26,30,18,10,27,14,25
"2929495",52,42,48,34,23,47,33,42,30,34,26,42,22,28,31,36,44,31,37,30,32,50,34,32
"3050072",29,39,33,35,39,33,26,37,28,21,18,29,16,22,16,18,30,11,29,21,22,52,21,27
"35755",31,46,42,52,27,52,27,26,25,22,27,30,25,22,27,34,29,30,31,25,22,17,23,33
"45634",26,52,34,36,45,27,27,27,24,18,17,33,17,28,30,24,20,23,33,21,26,29,22,28
"46126",46,52,31,25,38,36,24,22,23,22,13,34,11,14,25,7,35,17,21,17,27,24,22,23
"510690",52,40,42,45,44,36,39,47,39,35,49,35,30,37,34,17,34,29,37,30,25,41,20,32
"51665",18,16,31,14,52,17,11,17,30,10,5,14,3,25,5,13,20,6,22,15,40,25,10,13
"529883",47,52,51,51,43,41,37,32,39,36,38,41,31,42,34,23,40,31,46,29,41,31,23,37
"58049",52,37,34,32,42,37,21,29,19,10,17,35,13,14,15,11,34,9,15,14,5,21,21,31
"59843",52,32,27,25,43,33,17,35,37,26,12,33,25,28,25,33,28,26,41,34,29,36,32,33
"78259",42,27,52,45,41,34,33,22,18,23,20,28,25,15,20,20,28,16,31,28,20,27,33,18
"90964",50,46,47,38,52,38,25,39,37,23,19,41,25,32,24,16,28,12,41,38,19,44,39,47
"927786",40,41,27,41,34,52,27,43,28,29,29,31,29,32,18,34,31,36,29,33,27,22,34,16
"103808",27,51,25,44,30,38,30,44,22,36,25,31,29,29,33,29,33,25,20,41,35,23,24,40
"1336",51,37,39,41,46,41,27,35,28,40,27,24,15,32,25,10,33,20,16,23,31,36,26,28
"1348114",47,51,29,39,43,43,20,40,18,28,18,30,24,23,24,22,46,23,49,28,19,47,28,24
"150830",43,42,38,29,39,51,38,48,41,31,28,40,31,35,24,24,27,28,35,32,35,35,25,27
"171552",51,43,43,40,45,39,25,46,15,15,20,25,19,22,23,24,30,17,24,19,23,30,22,31
"172",49,34,45,41,34,51,26,30,20,32,19,31,21,21,22,19,23,20,24,22,13,36,13,32
"1763536",51,48,45,47,39,38,26,34,11,23,18,32,11,21,21,20,47,19,38,16,14,35,25,34
"1796613",48,48,36,27,31,46,21,37,14,20,6,38,16,8,14,21,33,13,25,20,14,50,30,51
"1855895",51,39,17,33,50,37,26,41,26,17,21,28,17,16,26,20,28,21,32,16,21,21,19,17
"198483",51,39,40,34,32,43,24,38,16,19,15,23,17,26,26,19,31,19,23,21,34,30,25,26
"2214",35,40,26,51,34,47,21,41,27,28,28,23,19,26,15,29,34,25,42,31,21,32,49,27
"254245",50,49,33,32,42,50,27,46,36,29,51,41,23,21,33,28,36,18,46,25,28,44,20,25
"2570191",31,32,42,36,39,51,29,28,35,33,30,37,23,27,16,21,31,29,33,36,13,36,28,41
"2587862",48,39,30,40,35,51,25,43,20,30,31,50,24,22,28,26,27,21,21,21,25,40,31,31
"28229",51,45,34,39,34,48,21,38,16,15,17,34,15,15,27,23,39,19,29,19,16,45,14,17
"28903",46,46,29,27,27,51,22,34,19,13,15,13,20,13,20,14,17,18,40,15,20,24,24,23
"2923279",42,51,41,36,38,47,32,46,19,31,25,34,30,32,30,44,47,38,41,36,28,40,27,29
"29465",51,46,36,50,43,40,22,35,27,18,38,32,21,21,28,20,34,22,36,21,19,24,29,36
"2984846",42,51,48,50,29,48,15,46,35,21,29,39,15,21,25,26,41,18,41,23,21,34,22,24
"2985324",30,26,51,16,48,15,11,23,8,9,18,24,14,6,12,5,21,11,18,14,13,20,11,12
"3050362",22,21,51,30,34,30,23,37,25,20,22,27,21,20,27,13,24,25,13,16,22,32,20,15
"307643",35,34,45,51,44,29,46,31,38,30,21,35,27,32,34,34,38,25,47,33,23,41,38,24
"336810",40,51,31,30,35,42,21,38,23,12,22,32,22,20,16,18,25,12,51,18,19,44,22,39
"33945",38,32,48,45,51,38,23,34,21,30,16,33,15,26,19,17,37,27,36,24,20,38,24,28
"379067",40,31,51,38,36,34,26,36,35,35,32,34,22,43,32,21,29,35,22,25,42,22,35,34
"386891",37,46,48,21,51,39,32,45,30,28,30,37,15,19,26,29,33,24,21,24,29,29,30,26
"446374",40,51,37,15,34,27,25,19,22,17,22,30,17,10,15,14,26,20,29,18,15,22,27,25
"512649",51,39,50,38,44,32,27,30,37,26,25,50,17,13,25,23,28,31,28,20,34,34,22,33
"51669",34,33,39,22,44,51,30,19,16,28,17,26,9,23,32,28,22,22,28,13,20,25,19,26
"56636",42,42,35,23,43,23,39,42,39,39,24,51,26,32,36,41,30,42,25,23,36,29,38,16
"577469",38,41,46,45,38,38,43,42,32,51,47,43,31,29,45,38,40,48,32,47,36,31,44,34
"61651",43,51,37,30,49,45,35,44,35,27,33,32,25,37,20,30,35,33,37,32,32,44,27,35
"631",49,51,45,31,50,38,29,38,25,26,19,45,30,42,37,30,39,27,41,29,20,38,40,22
"633",51,37,32,35,46,28,32,38,17,27,17,35,36,23,23,20,39,26,30,12,24,38,20,37
"67575",51,11,19,23,15,19,14,15,8,15,15,25,12,24,16,7,21,10,26,19,19,16,23,16
"865",51,45,47,39,42,37,25,36,18,29,26,33,10,20,36,28,26,19,34,22,24,36,28,35
"990268",39,51,34,32,30,43,22,37,33,31,23,38,21,21,27,27,30,33,34,29,21,28,12,29
"1028752",50,32,40,30,36,29,17,35,25,22,11,22,18,24,17,12,21,21,31,16,23,31,30,30
"1082702",41,50,37,46,40,39,36,28,32,28,29,46,25,28,28,20,45,37,35,44,44,34,39,32
"1168287",34,36,30,50,40,50,49,40,42,24,37,24,35,34,31,37,34,33,29,27,27,44,19,32
"1241978",26,36,13,10,50,29,12,24,12,4,8,10,9,9,18,5,19,10,19,9,2,23,9,26
"1517",39,50,23,30,40,28,16,32,16,13,22,27,15,29,13,17,22,23,28,20,14,19,15,21
"158846",44,50,30,44,25,39,34,33,47,40,49,27,38,34,32,32,36,27,26,19,28,20,37,31
"162",40,45,30,37,29,40,33,44,22,34,15,29,22,17,27,24,41,26,42,25,25,50,21,40
"1716543",47,47,27,25,48,47,32,50,36,34,30,29,27,29,24,25,34,25,27,35,27,34,32,44
"1855823",50,43,42,30,45,40,29,46,27,22,23,41,28,35,25,22,30,28,35,26,20,37,24,29
"1935446",50,40,35,40,34,31,22,30,19,20,18,36,21,19,25,21,23,17,41,20,15,24,29,17
"1980674",50,27,32,43,40,32,22,37,35,24,23,20,33,23,32,12,30,15,46,22,26,31,18,30
"202956",40,50,16,23,37,35,13,38,10,22,13,24,18,26,18,15,38,18,29,15,19,39,15,19
"2058137",49,50,42,44,50,41,16,44,16,14,10,49,10,18,12,8,25,10,42,14,18,48,22,38
"2173853",50,32,17,36,25,26,24,15,25,15,21,15,28,25,22,13,22,18,24,16,14,15,15,14
"2518973",49,50,34,39,35,36,23,31,22,19,42,34,18,16,16,13,21,18,25,18,34,27,20,30
"2686358",46,48,48,33,44,38,18,36,17,21,20,41,18,28,27,10,26,16,23,18,38,50,37,25
"2767842",42,50,27,38,37,30,20,31,30,33,20,28,26,38,28,22,28,23,30,18,26,26,18,22
"2778059",47,50,50,47,35,45,24,31,35,29,42,38,31,34,32,33,34,40,43,37,37,30,23,34
"2778065",10,25,22,32,50,23,9,36,16,9,15,15,12,9,18,12,6,11,16,12,14,27,10,13
"2986279",50,42,36,33,31,33,39,39,25,26,32,22,28,22,29,22,19,17,35,29,34,31,28,33
"3028070",41,43,50,27,23,32,26,12,36,25,10,25,11,13,24,28,33,15,28,24,27,33,19,38
"314282",50,50,47,38,35,34,31,39,19,37,18,35,15,16,36,26,19,23,44,12,21,36,24,32
"36845",48,45,37,38,32,50,25,30,18,18,16,29,18,19,16,26,25,12,29,26,17,44,24,35
"44008",46,34,48,36,50,46,17,39,29,32,27,37,16,25,23,17,36,23,49,18,35,46,34,29
"53346",25,39,37,34,18,49,29,27,26,27,36,38,19,29,23,23,29,24,50,27,25,26,45,28
"53952",50,34,34,38,30,34,26,45,36,38,37,34,35,28,31,30,31,34,41,31,36,41,34,26
"622",49,44,40,44,47,36,38,50,36,28,29,33,36,29,32,29,26,24,32,38,25,33,41,37
"67826",46,43,40,40,50,29,38,39,22,45,34,44,26,36,42,28,37,37,34,39,18,45,39,43
"69968",42,39,39,34,50,46,30,38,32,21,33,45,35,39,22,28,39,42,27,32,26,20,33,36
"713887",50,23,38,44,37,43,22,32,23,22,33,35,11,21,19,29,28,20,28,31,21,18,26,33
"82801",33,42,40,34,32,50,21,28,25,28,29,37,16,39,34,32,28,26,35,26,22,26,29,34
"104268",47,49,43,26,35,42,20,42,22,18,14,49,17,19,14,17,35,19,43,23,16,29,17,31
"1056807",28,49,30,21,27,25,18,28,21,17,22,27,22,17,26,22,17,25,8,19,21,25,32,15
"1266052",30,33,35,22,49,28,12,21,20,19,23,28,23,12,12,23,29,23,15,16,13,27,24,23
"1294262",49,41,31,39,23,28,28,33,32,28,31,25,14,37,25,18,27,20,41,27,27,22,15,22
"1304",42,38,31,32,49,43,21,34,17,27,24,33,17,21,16,18,32,21,29,32,16,35,42,20
"133925",34,42,32,29,43,31,20,46,49,27,31,33,35,28,26,31,36,32,26,34,31,28,34,18
"1474",37,36,49,30,30,30,27,29,28,17,18,31,18,26,22,22,22,16,24,18,31,47,33,23
"150120",49,44,34,35,28,45,32,27,25,27,32,19,26,25,17,19,29,21,32,19,25,26,30,27
"1511",34,38,35,49,30,28,25,41,31,22,34,28,24,30,23,24,29,24,35,23,22,31,17,35
"1522056",37,44,49,38,35,33,32,45,26,23,33,15,16,26,36,29,31,32,25,24,27,28,21,18
"1541",48,33,49,46,37,23,20,24,19,15,21,22,24,32,28,10,18,24,33,12,24,39,23,36
"1636610",39,49,30,30,35,25,24,32,20,19,12,25,22,24,24,13,18,23,32,20,24,41,10,31
"1691",49,47,36,39,22,37,24,29,27,29,15,38,21,28,24,27,23,27,32,28,22,25,35,40
"1699621",33,30,31,49,30,21,26,34,29,14,17,23,14,33,23,16,19,23,30,22,12,29,34,26
"186764",34,49,37,34,41,43,23,41,37,34,47,29,25,44,30,28,32,28,33,26,35,32,25,24
"188709",49,31,25,33,34,41,33,26,28,39,33,35,25,30,16,23,20,26,24,24,21,35,36,38
"200615",34,49,21,35,29,27,33,31,19,19,28,26,22,30,36,21,21,20,33,28,31,21,31,15
"2065312",43,49,23,20,45,42,26,39,47,18,30,39,13,33,21,37,43,25,32,30,33,24,28,39
"2685905",49,40,43,34,37,36,28,37,29,40,25,31,22,25,40,27,41,31,28,27,19,25,38,31
"2697033",40,36,31,38,34,49,26,41,16,21,16,30,22,24,19,22,29,19,28,25,23,34,32,31
"2715164",29,49,25,27,27,23,17,20,15,19,20,15,20,14,9,8,16,14,24,10,22,24,12,11
"2733155",48,45,38,40,30,28,35,38,34,34,45,49,26,33,35,37,37,32,42,35,20,21,29,42
"28137",39,49,18,26,32,26,13,24,6,9,14,26,9,13,19,10,19,9,34,6,21,25,18,20
"2886510",40,40,19,17,49,33,7,21,9,14,7,18,7,17,7,15,17,5,44,6,12,30,12,30
"2895477",40,44,34,26,49,31,24,28,18,19,16,31,26,26,34,16,27,20,29,17,17,23,25,25
"2927224",42,48,22,38,46,49,15,47,27,24,29,35,19,25,18,21,36,34,32,24,20,38,27,34
"2934315",26,48,48,24,49,31,27,35,30,24,25,41,25,25,14,20,38,23,26,28,25,24,40,22
"2984951",45,36,36,43,31,39,15,19,29,22,20,49,14,22,18,25,32,16,24,17,18,32,15,23
"347213",49,15,25,34,37,13,13,13,20,14,16,31,20,20,15,18,15,17,22,20,16,23,15,17
"585",49,46,40,38,35,37,22,30,20,10,14,29,22,15,18,28,29,14,40,18,24,46,21,31
"60520",37,29,49,12,27,17,28,24,19,27,21,40,23,14,24,26,44,28,32,10,30,28,30,19
"651457",38,49,43,46,37,39,32,36,25,34,32,34,18,39,29,31,37,27,27,31,30,38,36,43
"680114",40,44,40,31,39,49,30,43,36,23,24,31,19,32,24,35,38,37,37,29,24,28,23,13
"71998",33,34,34,33,30,49,36,23,22,29,34,25,33,24,36,39,47,45,20,32,22,25,47,40
"94869",36,29,49,23,31,38,25,35,14,26,16,24,14,20,22,10,25,17,33,13,13,25,19,26
"1042877",25,38,40,37,47,29,33,37,20,22,33,39,23,28,18,25,48,28,21,27,28,27,20,25
"1186",26,31,33,26,24,48,19,31,28,36,18,28,9,20,19,27,32,22,19,27,20,19,33,36
"1434010",34,31,13,31,23,25,22,25,29,24,23,19,25,29,45,30,48,35,34,26,24,22,22,20
"1442553",37,45,48,28,42,37,39,40,42,32,35,33,28,32,21,34,31,33,38,35,27,34,28,42
"1449",40,16,36,33,48,26,15,23,24,20,21,20,17,28,26,8,38,19,31,15,23,32,12,20
"166485",48,40,42,38,41,44,21,41,25,38,26,35,22,38,35,23,29,23,22,23,22,34,28,42
"1670455",39,46,48,33,12,38,25,34,28,36,39,30,26,24,19,21,33,23,21,17,39,35,22,31
"1688404",48,43,20,32,36,35,16,22,30,35,23,24,23,24,33,33,17,29,39,29,28,32,16,44
"1775403",24,23,34,22,48,30,18,32,13,17,15,33,9,17,17,11,20,15,27,11,12,25,6,16
"1840303",28,28,22,26,48,34,10,27,22,24,23,17,15,29,14,18,24,30,29,24,30,17,12,21
"186804",24,19,28,12,22,17,11,18,18,6,12,13,8,14,8,5,10,6,18,13,19,21,5,48
"190897",48,37,33,38,41,30,28,34,29,26,30,33,29,43,18,25,36,34,30,28,45,35,19,25
"1915309",37,48,36,45,30,48,19,25,29,24,18,38,9,16,24,25,37,16,45,23,18,34,38,28
"1926290",48,44,30,25,43,26,25,23,23,24,24,26,23,30,23,23,24,21,26,18,24,18,30,25
"2173034",45,29,48,37,40,43,30,23,25,28,29,31,25,29,29,24,28,25,25,24,26,39,39,36
"2203",38,48,39,38,38,23,24,26,27,18,21,27,20,21,23,24,30,20,35,17,21,24,26,16
"2320868",38,48,33,31,45,39,19,35,37,24,18,27,11,10,29,13,33,15,26,12,17,35,11,19
"2500548",35,35,22,24,25,48,21,25,28,25,21,39,20,24,26,16,26,14,27,13,25,23,11,30
"2576932",48,48,42,41,38,38,24,43,20,21,10,32,19,22,13,16,24,25,29,21,26,41,23,22
"2717",38,45,45,25,32,36,40,48,32,22,21,20,13,26,30,32,31,21,26,25,27,21,24,35
"2717374",46,47,48,29,45,36,47,46,33,27,44,23,25,24,38,15,41,31,37,25,24,37,26,26
"2774015",48,44,33,39,34,39,25,40,39,18,18,33,17,18,20,19,34,33,41,30,15,29,19,26
"2774154",48,22,34,31,37,29,19,36,20,23,24,28,22,27,15,21,33,30,19,13,19,34,15,22
"2807620",36,8,41,13,48,15,4,19,10,10,17,7,15,15,10,17,6,9,20,7,12,25,4,10
"2820710",46,48,42,41,46,35,27,25,12,23,26,34,28,31,21,30,33,27,33,23,27,36,35,30
"28258",48,36,35,32,26,36,34,33,27,41,34,30,31,40,34,45,17,38,30,32,32,28,48,32
"2831891",47,48,22,23,26,26,16,18,19,18,16,18,8,10,14,23,24,17,18,18,24,29,32,27
"2864217",48,40,45,44,38,47,36,48,28,48,36,31,30,32,34,39,35,31,28,26,30,39,40,28
"2969672",48,27,21,25,30,29,26,27,24,21,23,31,17,19,25,32,30,30,22,29,26,29,24,38
"2991500",36,48,42,38,45,25,29,37,17,29,23,30,19,20,34,23,31,12,40,23,20,40,16,31
"35817",40,48,35,26,46,43,33,30,28,27,29,25,22,19,40,22,26,20,27,22,33,42,21,24
"37734",37,48,42,27,31,34,24,40,20,15,35,34,20,28,36,23,32,18,25,25,20,31,26,27
"54077",46,48,37,38,34,34,37,29,31,32,39,33,33,33,32,36,31,33,37,37,40,36,44,37
"573600",48,35,18,28,22,34,20,31,20,16,22,28,17,20,24,18,18,12,19,35,18,21,24,24
"58231",48,36,40,30,35,47,23,33,22,10,26,21,20,29,25,34,31,27,32,28,22,37,22,26
"72275",41,48,25,29,33,24,20,33,13,20,19,17,22,19,19,23,27,15,30,13,9,22,12,28
"724",47,44,24,37,31,47,14,37,14,15,15,48,17,19,20,26,38,25,38,32,17,28,21,35
"1028416",25,45,47,35,23,28,21,25,25,24,31,25,18,28,15,17,30,15,24,24,17,17,21,34
"1043206",45,45,36,43,43,47,38,29,39,32,44,35,37,28,22,34,35,36,38,47,29,29,22,33
"1199245",47,34,27,28,39,47,31,30,20,18,20,33,24,29,26,23,31,26,37,26,19,38,12,33
"1314",36,47,23,36,23,41,19,28,22,17,22,35,13,29,18,22,22,17,41,23,18,21,29,24
"1320552",41,47,27,43,38,35,33,22,26,26,33,35,28,37,35,34,29,25,33,25,34,30,35,20
"1363",27,37,31,47,13,35,27,29,18,14,15,33,21,25,20,12,27,17,22,11,17,36,23,31
"1427364",47,29,36,28,32,42,17,33,14,20,14,28,16,20,18,22,29,19,18,25,15,26,9,20
"1497",47,44,28,35,40,47,18,22,16,21,24,31,18,18,24,22,21,21,18,25,22,26,23,17
"1561",38,39,33,43,31,47,13,25,36,17,16,20,19,21,18,15,32,12,46,15,25,26,18,38
"1633",15,16,21,12,31,13,6,6,12,2,11,12,8,20,18,11,20,8,47,12,18,20,7,14
"1646498",43,26,33,20,28,36,12,35,14,24,14,34,13,19,11,18,23,14,47,14,22,12,15,26
"1748967",37,47,26,31,26,18,20,27,18,15,30,13,11,23,25,23,18,25,13,24,22,14,14,16
"1807141",38,39,20,26,27,39,16,28,8,18,5,17,5,12,7,4,9,5,13,13,11,16,9,47
"183417",44,47,31,23,22,29,17,17,24,23,11,28,12,11,20,8,29,5,27,9,5,26,16,17
"187880",47,30,39,36,33,29,25,30,25,24,27,39,16,17,26,43,26,30,18,29,37,37,38,28
"1906744",36,43,45,47,35,36,16,29,16,16,18,37,18,22,21,16,30,16,22,24,11,25,16,24
"1925548",30,38,31,22,35,34,15,47,21,14,20,25,9,19,18,15,26,12,27,14,18,27,28,22
"2012495",20,47,25,31,28,39,30,22,23,27,23,9,20,29,23,18,17,18,25,19,21,30,15,27
"2039240",36,47,25,29,23,23,22,28,20,34,32,25,30,17,10,22,38,30,22,24,14,29,33,39
"2161872",46,47,20,37,32,37,22,26,8,16,22,17,9,15,19,12,23,20,47,25,12,26,24,34
"227866",35,43,42,35,34,38,27,25,28,27,21,23,40,22,21,26,47,39,31,14,26,34,26,21
"2283194",42,31,47,26,36,19,28,22,32,14,22,29,15,29,23,11,21,18,45,17,21,29,22,24
"242600",31,35,31,16,47,25,12,22,16,13,10,16,9,10,14,11,12,14,21,13,12,25,13,18
"2497879",32,35,23,47,27,27,27,30,17,17,17,34,17,17,33,21,36,15,32,24,13,26,17,21
"2714927",32,43,26,22,30,34,8,47,10,7,10,27,7,10,10,9,16,9,22,15,13,28,8,18
"2777367",47,39,37,26,40,42,14,34,18,26,23,25,19,21,20,16,30,16,22,14,13,42,18,27
"2781952",34,39,36,35,40,40,30,44,27,24,47,45,29,32,24,35,27,27,35,36,33,32,41,35
"2850441",47,31,37,38,36,47,27,37,20,27,17,30,20,23,40,22,28,15,23,29,37,29,25,27
"2886040",47,22,27,20,23,33,17,16,30,25,23,26,15,17,19,18,18,21,18,11,18,22,30,14
"2908646",37,40,47,22,34,32,24,31,15,9,16,27,14,28,23,22,20,19,21,13,21,15,27,20
"2930219",46,41,39,34,37,47,21,33,20,16,20,19,15,11,15,9,32,22,25,11,20,25,12,23
"298596",47,37,34,31,27,34,31,37,24,18,26,19,22,28,25,19,26,15,44,16,14,33,25,30
"3030492",45,47,38,33,47,47,16,40,28,28,26,33,25,21,27,19,26,23,39,17,27,28,20,27
"320912",38,26,33,24,47,41,8,37,15,12,6,28,9,17,16,10,28,12,29,16,18,28,10,34
"426117",34,41,30,34,22,41,31,27,35,39,47,25,27,20,27,23,27,28,36,30,25,36,24,30
"72",40,39,42,47,40,24,21,26,27,28,20,39,14,28,19,22,22,14,35,22,18,33,28,27
"755731",41,47,36,38,32,38,22,42,22,29,28,44,27,38,41,26,44,24,28,17,30,26,28,34
"810",30,37,34,29,47,32,33,31,22,13,23,30,20,19,23,24,25,23,25,25,15,32,34,28
"82989",39,33,47,25,36,35,21,37,16,18,18,18,15,25,21,30,26,22,19,24,16,26,21,35
"84022",37,34,47,36,24,38,21,26,16,12,16,24,11,13,11,12,40,8,15,19,11,20,17,26
"84590",47,28,30,24,18,28,10,27,9,11,11,26,12,18,16,17,23,15,24,17,12,19,19,17
"86795",23,26,37,29,46,23,38,41,45,34,32,25,32,37,47,26,14,19,31,35,27,18,21,19
"109262",25,27,40,21,46,34,16,32,20,21,10,41,18,17,22,16,20,11,33,17,15,33,18,22
"1239415",42,46,41,38,40,39,16,38,11,12,9,27,10,11,12,7,22,15,38,18,11,36,9,27
"1253",39,46,28,23,25,29,23,25,19,18,22,24,13,20,9,20,10,14,16,16,8,19,14,14
"135575",28,46,23,33,29,29,29,31,22,12,9,34,18,12,14,19,17,13,30,22,16,35,23,22
"136468",31,46,41,41,35,37,27,31,26,30,25,35,29,33,30,33,40,31,36,30,31,30,26,24
"1427149",46,35,28,46,31,28,42,31,27,28,38,23,30,35,37,32,26,34,36,32,38,33,24,25
"1550240",40,22,20,46,25,33,25,32,26,18,13,33,17,21,10,18,27,16,22,17,11,29,18,16
"1615909",37,35,39,46,28,36,25,46,13,27,26,33,7,29,34,18,34,22,35,26,21,42,27,24
"1638",38,46,40,26,32,39,20,39,24,17,19,19,16,8,8,5,14,21,25,18,14,16,20,25
"1643951",37,25,33,8,12,46,19,19,20,18,10,20,15,21,10,21,19,15,28,20,13,16,24,18
"1712654",36,38,36,39,13,39,33,30,23,25,33,29,21,28,24,18,46,25,26,31,19,31,21,24
"1714845",38,45,25,46,26,36,24,29,18,19,31,14,20,20,20,35,32,31,33,20,25,26,18,26
"1855910",46,25,28,27,46,31,17,33,16,15,13,24,20,19,14,17,19,5,25,16,19,25,16,10
"1891186",46,36,36,21,45,29,20,28,31,20,15,46,17,23,17,20,22,16,28,24,26,39,29,30
"1970738",46,35,37,44,46,44,24,33,31,19,24,24,8,14,27,20,31,18,25,18,32,38,24,21
"2054316",42,42,45,36,27,33,16,46,28,11,16,37,28,25,17,26,34,20,30,18,22,42,19,36
"2169540",46,33,29,28,26,38,21,25,30,12,25,17,12,12,25,11,22,23,21,23,14,38,25,27
"2547970",40,35,34,23,46,35,25,26,18,27,19,39,25,29,24,22,40,22,28,18,22,30,13,23
"2558174",42,46,40,34,33,43,29,39,22,18,29,31,28,32,16,31,24,27,31,35,19,29,21,32
"2734129",46,21,30,38,37,40,20,32,14,22,25,41,21,33,22,16,30,17,26,15,25,22,16,18
"2845655",19,16,18,14,14,46,9,21,10,13,6,9,8,16,7,12,12,15,18,16,8,11,11,14
"2870840",46,21,40,28,32,30,22,21,29,16,19,21,25,18,20,22,26,17,30,20,20,14,22,34
"2929490",24,34,29,26,25,31,23,22,28,19,22,46,21,24,30,25,22,28,32,24,26,18,32,20
"29362",28,27,32,43,27,46,22,20,25,24,24,34,21,29,24,19,29,12,33,18,29,33,31,22
"2949997",46,38,29,37,22,29,11,33,16,21,10,29,15,11,16,19,18,17,23,12,17,26,8,13
"3018315",46,28,35,39,35,44,15,30,15,10,10,18,4,14,16,6,28,11,29,14,14,26,15,30
"320778",34,34,39,35,32,46,27,31,31,20,30,36,28,25,33,32,25,20,21,21,15,37,24,31
"34087",34,25,36,20,36,46,12,43,21,12,10,26,5,8,21,11,28,10,27,9,22,24,17,20
"420336",45,35,21,37,46,29,16,34,19,13,22,18,12,21,26,17,23,25,27,21,12,25,20,25
"513223",44,40,34,46,35,46,22,27,14,23,16,36,18,32,27,27,32,26,19,14,27,31,29,24
"53945",32,45,36,38,42,27,34,28,20,36,27,33,24,28,20,20,23,27,37,42,31,37,46,34
"54252",38,46,20,35,32,25,28,33,14,33,33,26,35,31,29,22,21,33,20,21,31,26,21,18
"60480",37,27,31,46,37,45,22,34,19,29,24,33,21,23,24,16,35,23,26,25,25,34,26,37
"649756",41,38,46,27,41,31,24,38,24,27,19,22,17,27,24,11,19,18,25,25,12,27,22,32
"659",44,40,42,34,26,39,33,32,21,19,22,26,17,31,20,20,22,16,46,23,20,29,17,28
"673372",40,37,46,36,40,39,30,34,31,21,27,35,26,22,20,21,33,27,31,28,23,19,29,30
"72360",45,46,30,33,46,41,30,35,32,22,21,27,21,30,22,17,30,24,33,32,15,24,27,28
"875170",35,38,46,21,40,32,35,31,29,35,34,31,22,27,31,25,32,28,39,22,28,37,37,22
"884684",43,43,45,33,36,46,30,30,36,29,12,24,14,16,22,25,33,27,22,34,34,43,34,33
"94122",30,46,25,33,20,40,17,21,17,17,22,30,18,17,14,11,24,20,21,30,18,43,23,20
"949",46,46,28,22,43,22,30,21,28,26,30,34,25,28,21,19,30,32,34,24,24,46,25,31
"1007",41,45,24,30,34,36,27,44,23,17,23,23,22,26,29,17,36,32,26,37,26,29,29,32
"101192",45,26,45,39,43,27,30,22,20,20,36,19,18,21,16,18,23,22,29,20,24,24,30,26
"1224749",16,19,11,7,14,13,3,17,8,5,1,45,5,6,11,6,15,5,4,6,5,14,10,6
"1286698",24,36,35,41,45,40,29,45,33,23,21,20,20,28,28,22,26,27,43,22,14,27,26,31
"1290",45,30,35,35,39,30,9,30,19,10,14,33,8,16,9,12,26,12,25,17,10,20,25,20
"136094",36,45,24,31,19,25,24,31,25,17,23,29,21,28,23,14,32,17,20,16,20,22,16,20
"1379908",34,40,35,24,34,25,24,27,32,28,21,19,24,19,18,24,15,21,45,31,27,29,24,20
"155866",27,45,22,20,20,33,12,24,19,8,13,22,14,13,16,15,24,20,11,28,15,15,16,25
"1607",45,36,40,25,16,42,22,33,27,22,12,11,22,28,22,31,28,18,25,25,13,26,25,28
"196",38,45,22,18,30,32,14,24,30,10,14,18,11,14,16,8,22,24,33,16,15,27,15,20
"2005703",43,45,20,35,41,34,33,30,22,19,17,33,19,21,17,17,25,22,35,16,16,23,21,22
"202951",44,39,45,27,43,34,25,45,25,24,24,32,18,37,14,23,18,26,38,19,25,28,39,30
"2081052",45,41,19,26,28,32,22,20,14,15,26,28,16,23,17,18,13,15,24,19,13,20,15,22
"2173169",29,33,45,19,26,28,15,32,13,20,15,23,7,10,14,16,22,12,26,14,22,23,17,19
"2303505",10,14,44,9,31,15,3,10,29,2,3,7,4,20,28,6,9,4,45,10,16,35,4,5
"2358479",42,27,35,40,40,29,13,24,17,14,21,45,18,10,18,18,18,14,32,18,18,21,14,39
"2570561",44,28,45,21,35,28,14,26,12,7,13,28,5,17,8,5,21,7,43,4,10,20,12,22
"2706014",45,22,32,34,24,28,17,28,10,15,23,25,16,16,13,21,27,15,20,26,17,21,24,24
"274591",29,24,35,19,35,45,21,35,12,14,21,29,20,10,7,21,19,13,27,26,15,21,12,29
"2778911",30,40,39,21,12,28,17,45,18,9,19,17,20,19,12,18,26,15,21,12,15,22,17,25
"278860",28,29,41,38,39,27,13,28,23,28,22,45,17,24,17,22,32,16,32,20,14,25,18,34
"2796146",45,36,30,24,30,33,20,38,25,22,26,30,21,15,21,16,27,19,31,16,18,43,32,24
"2813842",30,42,45,37,28,36,28,33,22,18,25,26,16,19,27,17,23,17,33,31,20,21,31,27
"28187",44,40,36,43,23,45,26,31,28,23,15,37,9,25,17,29,35,18,26,23,27,30,33,34
"2904122",45,42,31,32,23,41,26,23,26,24,33,38,25,13,20,26,30,24,33,28,12,20,17,31
"2908650",26,43,34,27,30,45,14,35,22,21,11,25,14,20,13,23,26,14,22,25,9,28,25,26
"2912187",41,45,41,20,35,26,20,28,22,9,14,22,18,26,24,18,17,12,33,14,24,27,15,32
"2954099",40,32,28,32,45,25,22,26,25,15,16,18,20,22,14,19,22,21,30,18,18,22,21,11
"2970966",40,43,45,35,20,20,34,39,21,30,27,21,35,26,26,32,37,29,27,32,18,29,32,19
"3047867",30,30,45,32,32,26,24,27,16,15,18,30,16,17,19,15,14,19,25,18,16,21,16,29
"3064001",29,39,26,22,18,14,17,29,19,13,16,28,26,26,27,45,22,22,21,26,12,18,36,33
"313598",44,37,35,43,35,39,12,40,15,11,9,37,9,17,24,12,31,12,32,21,18,45,24,29
"326329",32,39,35,31,39,42,19,45,18,25,18,25,9,24,17,12,23,13,42,18,23,30,19,31
"367743",36,38,45,40,44,27,31,26,32,26,14,24,12,23,25,14,21,20,33,14,19,32,23,35
"387093",40,34,40,37,45,42,32,30,29,33,21,44,25,24,32,24,42,22,29,33,21,29,41,39
"46125",24,29,21,33,23,45,25,21,18,12,25,26,13,18,28,24,34,22,21,19,16,20,15,22
"53345",42,42,40,35,33,39,26,35,20,32,22,41,21,25,20,15,31,21,36,17,30,45,24,22
"942",45,45,45,27,36,42,32,36,32,40,40,34,27,31,33,24,34,28,28,23,20,39,22,36
"1006155",33,42,37,34,38,35,26,44,10,17,17,34,26,21,21,21,35,24,23,16,19,35,20,33
"1007869",28,44,30,28,27,37,40,28,23,37,33,24,20,19,24,32,25,21,22,27,24,28,29,28
"1260",36,44,39,26,39,38,19,30,20,18,22,30,13,39,16,18,35,20,26,21,14,30,34,21
"1293412",32,44,33,39,36,44,20,39,26,35,26,29,24,23,19,23,26,20,34,34,25,34,23,35
"1330330",44,44,34,34,29,38,37,33,25,17,28,35,18,31,30,34,22,25,27,21,33,20,34,26
"1392",44,29,25,33,21,30,20,20,20,15,12,25,15,20,18,17,12,8,23,10,12,28,18,19
"1492",44,34,26,21,27,32,10,20,25,11,10,14,8,11,9,7,22,6,26,15,12,19,14,19
"162289",35,44,36,37,32,33,23,33,21,28,26,28,21,21,26,27,41,11,23,27,23,37,24,35
"1653476",29,41,31,44,43,33,14,34,20,28,27,17,25,26,16,19,37,20,16,29,20,29,18,24
"1678309",29,30,17,30,23,36,44,38,24,40,30,27,13,12,8,16,22,25,29,14,10,17,37,21
"169679",42,44,26,44,40,36,13,27,20,18,13,24,10,24,10,16,27,13,20,10,15,20,17,22
"1758395",44,37,26,15,27,26,13,25,19,14,10,29,18,16,14,23,33,13,22,25,29,22,20,17
"1816219",44,37,21,29,29,22,14,29,18,14,10,24,13,14,16,8,25,17,32,18,26,28,19,17
"1852374",31,44,16,20,18,23,23,18,28,15,12,20,14,18,22,15,22,8,19,17,23,23,21,17
"2023057",44,21,10,28,5,23,2,30,9,5,2,21,4,5,2,3,14,2,8,3,3,8,1,17
"2162846",43,24,37,35,39,34,39,27,43,36,44,31,37,27,34,23,24,24,26,39,19,22,31,18
"2486578",40,36,40,31,44,29,18,23,26,26,20,29,14,18,18,20,29,28,20,17,16,30,29,21
"2592816",29,44,23,35,37,34,25,31,15,31,27,40,25,31,18,33,18,14,14,19,30,24,23,28
"2782163",44,30,23,25,30,35,25,22,30,19,23,15,27,17,21,21,23,19,28,27,22,24,29,27
"280145",44,34,31,39,43,40,20,30,26,15,20,33,19,29,23,19,25,16,19,21,21,24,27,19
"28038",40,31,36,44,34,32,23,32,20,24,14,41,22,20,21,25,29,26,20,24,25,25,24,20
"2812551",40,37,31,39,29,36,18,31,26,35,23,20,28,31,25,28,44,23,15,22,30,22,27,29
"28197",44,41,25,19,21,33,20,26,7,7,16,16,4,18,6,15,23,10,15,13,11,38,19,34
"28263",38,31,38,31,32,42,33,44,30,34,34,25,26,44,41,16,26,32,37,36,28,19,30,35
"2841528",41,42,23,18,21,32,24,24,20,22,36,28,21,21,17,27,37,19,24,19,30,44,22,19
"2879107",36,26,15,44,30,28,14,33,15,14,12,22,10,9,7,9,20,15,27,12,8,18,12,15
"2893057",38,44,29,25,42,34,17,42,25,32,21,19,26,21,22,23,34,16,23,29,21,42,20,27
"29329",37,30,22,23,30,20,19,23,17,21,10,13,15,22,11,11,23,6,44,18,20,27,15,30
"296199",33,19,42,38,19,31,27,27,13,14,23,44,16,30,22,19,28,11,24,22,20,38,18,18
"2969821",44,27,26,31,28,32,17,36,14,19,16,17,10,21,16,19,21,12,16,19,16,20,14,23
"2992244",21,19,24,44,26,42,23,26,27,22,23,27,22,18,19,13,29,26,16,12,24,6,20,14
"3050355",33,32,37,26,21,33,24,19,24,34,24,28,25,29,17,25,20,29,44,30,18,29,27,21
"3051997",19,44,19,34,35,25,8,7,12,6,7,12,2,13,20,2,24,11,23,5,5,12,4,23
"377315",38,34,32,23,33,44,35,30,19,22,27,15,18,20,23,28,31,34,23,34,30,28,31,30
"399742",44,44,44,36,28,43,33,36,28,24,35,29,21,26,33,35,30,27,38,34,29,28,28,28
"431057",28,44,34,18,25,35,8,25,18,20,6,28,13,13,15,14,24,25,30,24,17,24,28,28
"45056",36,39,44,24,31,44,21,40,25,21,16,35,27,18,17,11,29,10,36,19,19,32,31,30
"46867",44,22,27,21,30,23,11,17,25,7,12,14,9,22,21,5,15,17,29,7,9,16,14,14
"768528",38,42,30,36,38,44,35,41,18,27,21,35,21,35,37,27,29,35,30,32,19,23,33,31
"1176482",43,17,28,15,24,43,14,14,11,11,7,17,16,15,14,12,25,11,23,7,10,17,17,11
"1354",34,36,18,25,27,35,15,43,22,16,16,33,6,18,13,23,28,10,38,23,19,39,15,33
"13773",39,36,43,30,32,30,21,23,37,36,28,28,28,32,27,18,24,23,28,36,29,20,23,21
"1508420",32,22,43,20,24,34,14,25,14,24,21,29,15,21,22,15,31,32,30,28,16,31,28,20
"153151",32,43,34,30,42,35,18,34,28,20,26,23,14,22,30,12,30,26,21,31,17,37,29,39
"1776741",33,26,43,28,32,37,14,25,19,11,21,24,23,19,12,15,18,21,17,19,10,36,24,27
"1802984",14,43,28,23,30,26,7,24,11,22,17,22,17,16,16,19,22,10,19,25,17,32,15,21
"182773",40,20,43,34,42,27,14,20,28,9,12,17,12,25,22,23,17,20,32,16,27,39,17,18
"1835254",43,32,32,40,23,34,30,30,28,20,17,24,17,15,26,25,29,30,29,13,24,22,13,17
"185007",43,15,35,36,27,31,22,29,29,22,7,34,16,18,13,18,27,15,27,13,20,29,23,34
"1923",20,11,1,2,6,3,5,43,2,2,4,20,5,4,3,0,5,7,2,2,3,2,4,3
"1979527",43,41,41,32,42,38,25,19,37,24,24,31,31,17,24,31,13,20,23,26,33,27,32,27
"2016373",36,37,39,27,28,34,39,30,40,20,24,25,32,23,22,43,32,29,30,38,28,25,29,31
"203804",30,26,27,20,21,43,9,21,13,18,9,19,10,17,16,6,31,8,24,15,11,27,16,26
"2213194",37,29,26,39,33,35,24,43,25,22,19,33,27,35,22,26,31,17,33,29,27,36,22,34
"238836",43,43,29,41,37,39,23,40,24,20,25,33,14,18,27,12,27,23,32,24,22,31,23,26
"2483368",34,43,35,24,19,42,16,23,20,13,9,26,14,14,13,24,21,17,13,21,20,31,20,24
"265570",31,41,16,31,19,33,43,22,24,26,37,15,31,23,25,32,29,40,22,27,38,25,29,25
"2705458",40,22,39,43,30,27,18,28,14,19,7,28,18,21,13,18,23,21,26,19,17,16,15,24
"2734192",25,31,24,20,43,33,35,28,22,18,24,31,21,24,23,26,21,21,16,29,20,37,39,21
"2781243",43,34,28,22,40,31,15,29,22,7,14,26,5,14,20,15,25,7,37,13,18,34,21,27
"2785025",43,39,28,34,20,19,17,27,20,12,12,17,6,15,14,13,25,14,15,11,18,22,22,26
"2810537",28,41,33,42,34,38,28,33,20,29,25,29,18,29,28,43,35,30,21,24,23,16,22,31
"2811482",42,24,20,18,15,30,29,24,28,34,32,21,32,15,24,19,21,26,29,43,28,26,27,31
"2816908",43,30,41,19,38,32,22,29,20,14,18,30,19,18,9,26,21,27,22,11,13,32,24,32
"2819993",31,43,30,25,26,29,17,23,13,13,16,24,22,14,21,8,20,12,34,20,14,32,19,15
"2844664",2,1,4,3,9,0,1,43,2,2,1,14,1,0,0,0,0,0,2,0,1,0,0,0
"2886360",42,43,30,18,37,27,14,16,16,19,31,24,12,10,18,19,21,17,27,12,24,26,18,23
"2895482",43,41,18,23,35,29,23,30,28,22,19,22,11,15,24,12,24,23,26,16,16,20,22,19
"29466",39,37,28,28,29,30,15,43,26,14,19,25,20,19,15,19,29,23,37,25,14,22,26,25
"3054208",38,32,31,32,25,30,31,34,16,27,29,43,10,16,16,22,18,10,19,14,18,35,28,35
"3070996",41,27,21,27,32,43,17,28,19,7,16,32,15,27,17,24,25,15,22,12,15,29,20,18
"33033",39,41,33,43,43,32,20,34,26,24,18,24,27,19,24,23,18,21,35,23,23,30,18,27
"33047",33,34,35,23,43,33,28,34,13,10,12,18,15,22,19,15,30,12,28,22,17,31,19,19
"362787",24,23,35,18,25,28,11,24,11,16,21,14,8,19,14,14,28,17,26,19,21,43,17,18
"401469",43,22,22,22,32,11,1,20,10,5,3,14,9,10,9,7,8,5,20,13,14,17,15,9
"418240",41,41,43,27,37,35,26,31,32,26,29,35,14,19,27,21,21,24,34,21,16,21,25,33
"43305",30,35,27,21,26,43,18,29,24,34,14,28,20,18,20,16,34,17,21,27,19,14,23,28
"46228",23,40,28,43,34,33,35,14,14,12,32,29,19,17,25,19,32,18,26,23,23,36,21,17
"552386",38,36,37,34,43,31,19,31,24,16,23,32,20,24,12,21,16,26,27,19,14,22,29,20
"572511",28,41,34,24,29,38,26,43,20,36,35,33,10,24,26,23,26,20,33,27,19,30,28,29
"583357",23,19,19,30,20,23,30,23,27,23,43,23,17,31,17,12,28,19,21,20,21,33,15,12
"89152",38,24,32,26,24,26,18,31,10,9,21,20,11,16,16,8,24,14,18,17,14,26,23,43
"93682",38,39,43,29,33,26,18,33,24,28,30,29,17,24,25,34,34,27,20,28,22,26,16,15
"1096243",42,32,27,42,40,37,23,40,28,24,33,37,28,26,35,24,39,31,35,25,29,39,31,26
"1160784",34,42,12,19,21,31,22,23,12,10,20,8,18,15,18,13,29,11,25,22,24,21,25,13
"118883",37,35,42,32,33,25,24,29,28,27,22,23,28,12,20,15,30,10,27,16,33,27,25,25
"1215089",36,41,31,42,28,17,25,30,37,25,30,26,12,18,15,18,28,16,34,25,30,30,28,17
"1286",34,31,37,34,42,31,26,29,24,19,22,35,24,21,14,20,28,15,28,19,21,35,33,34
"1302659",34,27,42,31,31,32,18,16,18,11,16,27,20,26,13,23,35,14,31,24,10,41,16,31
"1375",36,42,40,35,42,38,22,21,24,15,21,29,14,24,26,24,23,25,25,24,32,21,26,37
"1382",34,30,24,26,29,42,25,35,28,28,26,26,28,40,24,30,27,23,24,34,17,30,24,39
"1641",42,41,41,26,31,41,20,37,27,13,24,31,32,31,22,26,31,28,37,25,27,30,29,29
"1644130",31,40,28,23,42,33,14,33,7,9,13,32,13,20,7,7,20,3,28,17,16,31,10,25
"1678078",40,37,32,29,38,30,30,42,27,34,33,24,25,20,21,24,24,28,26,31,18,24,19,13
"1679721",42,29,34,29,22,19,27,31,15,16,12,33,13,13,18,21,16,14,25,14,14,11,10,20
"194424",23,21,42,26,26,26,17,18,16,14,11,24,12,13,8,7,12,6,31,15,11,17,13,19
"1980923",25,19,15,10,20,20,16,42,14,12,6,13,5,16,11,16,13,6,14,10,11,13,20,7
"2036206",34,40,27,33,38,29,23,26,23,24,28,27,21,23,15,32,30,17,17,21,15,42,18,28
"2059264",36,42,34,26,30,31,17,32,34,19,18,30,22,24,10,23,30,32,37,31,19,33,28,28
"215689",38,30,27,42,33,21,23,35,22,16,31,27,22,26,23,16,29,22,28,21,20,21,16,31
"2212991",27,42,20,29,24,35,23,13,27,22,13,22,8,20,20,8,21,21,17,15,23,17,12,21
"227388",37,42,22,26,15,27,14,29,14,32,23,26,24,21,23,27,32,23,24,21,14,21,31,34
"2293317",27,42,27,32,41,23,31,26,32,20,21,23,13,27,17,12,17,11,23,21,14,17,21,17
"231049",31,32,41,31,42,29,17,21,16,28,17,24,24,18,15,21,28,19,31,23,28,27,23,22
"2487929",42,38,30,30,33,39,19,31,29,21,38,23,26,25,30,24,29,19,22,23,24,29,30,25
"2570586",34,42,38,41,25,38,24,36,31,31,24,20,13,26,24,14,23,23,31,22,22,26,16,20
"2652177",42,32,32,24,36,29,14,26,24,8,12,19,11,15,22,12,32,9,33,16,19,28,14,30
"2675707",35,42,18,38,18,26,19,21,11,18,14,18,17,23,19,23,27,27,25,15,23,21,22,16
"2720029",21,15,27,10,42,11,10,17,14,8,8,4,8,7,5,14,18,7,13,15,4,8,7,4
"2763670",41,40,28,27,40,35,30,35,16,22,16,33,15,26,25,29,36,23,26,24,36,23,25,42
"277988",39,21,27,26,42,40,25,16,17,38,20,25,21,17,25,28,26,33,26,19,26,26,17,15
"2809031",40,42,38,36,33,28,30,25,32,21,23,20,30,30,18,20,38,19,34,17,19,35,41,35
"2828763",39,40,27,35,33,31,37,24,10,42,16,38,11,21,18,22,19,15,39,21,18,28,18,39
"283734",40,31,42,34,28,38,13,27,26,13,22,30,18,17,17,27,22,24,28,25,31,35,25,32
"2875764",29,39,27,26,23,25,16,42,14,13,22,25,8,9,16,15,18,14,17,13,9,16,17,18
"2912315",24,34,30,21,24,42,27,24,21,27,21,20,23,25,16,15,37,22,27,23,27,30,29,40
"2937790",30,27,18,35,30,13,25,29,31,9,19,42,19,16,22,14,24,22,21,17,21,26,23,29
"29521",38,34,32,29,22,32,19,26,14,26,18,39,22,21,13,23,42,27,24,23,17,27,32,20
"2956212",31,26,29,42,26,27,35,28,20,35,29,17,13,38,32,25,31,17,19,25,24,24,27,25
"2972483",37,23,42,21,29,25,18,31,10,10,9,17,12,17,17,22,20,18,34,16,19,31,12,18
"2993714",42,21,24,28,23,32,23,40,22,23,23,28,24,23,18,21,18,17,24,23,16,24,24,25
"33959",42,32,34,29,37,32,17,26,24,17,18,17,8,25,22,12,17,15,39,18,11,24,25,14
"341027",42,35,22,31,28,28,10,34,9,5,8,17,7,7,6,11,18,8,30,10,15,17,14,31
"478",34,26,28,29,26,24,18,42,15,32,19,36,15,18,24,21,29,18,22,11,19,18,28,26
"656519",38,31,37,25,22,33,15,35,15,14,18,21,12,18,23,17,42,25,26,19,15,30,26,26
"66219",26,40,32,30,21,42,18,31,16,17,13,27,21,16,15,17,22,14,18,13,10,26,31,39
"693750",42,40,32,34,38,18,25,26,25,37,20,35,22,22,19,21,26,23,30,17,16,27,26,27
"718192",42,22,30,23,19,22,7,18,29,12,13,25,10,15,18,15,22,4,35,17,12,30,14,29
"731",41,31,42,32,37,27,20,32,20,18,15,37,15,21,13,14,24,11,32,14,24,29,26,35
"75906",40,29,24,30,18,42,17,25,29,30,29,24,26,20,13,38,18,21,19,22,17,29,21,21
"883811",34,42,26,24,35,29,22,22,5,32,21,37,16,18,17,26,30,16,23,27,25,26,30,26
"983548",34,25,42,35,40,28,13,26,22,16,4,23,5,15,12,7,20,6,22,11,9,20,21,19
"116090",34,41,40,33,21,24,28,20,22,28,15,32,13,31,19,21,22,18,26,28,17,19,26,24
"1495066",39,24,41,22,41,30,21,28,15,23,15,30,17,19,22,16,18,16,21,40,24,23,27,19
"1529",27,41,30,29,39,35,18,16,11,9,12,25,22,17,19,15,18,13,13,7,14,26,10,18
"1588",41,22,33,34,23,36,17,22,16,17,24,22,16,28,19,8,37,12,36,21,12,21,28,25
"1636606",12,41,14,7,4,10,9,4,6,8,12,6,5,7,9,6,9,7,17,9,9,4,7,5
"1636607",31,41,29,22,21,33,9,33,17,12,14,26,13,22,10,14,16,10,19,8,16,12,17,14
"1679002",34,25,41,21,39,27,16,21,9,14,11,18,5,12,16,27,13,12,22,22,12,18,15,15
"1699623",26,40,28,25,39,37,23,30,16,28,31,24,20,30,32,23,35,15,29,29,23,41,33,20
"1810868",41,39,24,24,37,27,23,25,20,27,26,19,17,31,14,17,26,24,27,16,21,39,25,18
"191411",30,25,27,24,34,33,27,28,41,23,32,30,15,32,32,35,22,6,34,34,25,38,26,19
"1967665",28,30,19,36,40,24,27,41,20,19,18,23,19,21,9,12,22,13,27,25,24,19,22,24
"202746",36,41,36,33,29,31,20,24,19,17,14,36,21,20,21,14,32,27,30,17,20,22,19,23
"2108365",33,41,28,25,27,27,19,31,25,18,16,33,16,16,13,8,18,10,29,15,26,21,13,18
"217159",35,41,23,30,23,35,9,30,18,12,15,20,11,11,11,13,26,20,21,17,10,13,15,17
"248315",28,36,40,34,40,39,31,24,35,18,21,40,41,19,29,23,24,19,40,38,26,29,29,32
"2594883",41,36,30,37,35,28,19,28,22,15,21,39,13,22,17,18,20,18,22,14,18,33,17,21
"2714926",41,36,25,24,26,23,8,23,12,15,3,20,9,9,15,10,13,8,31,16,10,18,18,17
"2724901",24,41,25,24,26,35,18,24,25,16,25,22,16,20,17,19,13,16,16,23,8,16,17,24
"2738844",41,29,27,26,40,37,21,28,15,12,17,22,12,19,10,17,23,14,31,16,10,22,16,22
"2741499",39,29,32,39,41,39,33,39,37,38,35,29,36,26,26,28,27,22,40,34,26,34,38,34
"2763022",33,35,41,20,32,35,16,41,16,15,14,24,5,14,12,18,19,15,28,16,15,26,19,28
"2778068",24,40,41,39,19,39,23,31,26,18,18,21,20,18,30,23,40,27,23,28,19,33,27,21
"2785746",31,30,27,26,24,41,17,20,28,17,14,25,23,20,7,14,23,24,20,8,5,12,21,25
"2799184",31,31,41,35,31,28,27,30,11,17,17,25,25,24,29,28,18,27,30,13,13,19,17,14
"2843733",41,19,27,17,25,11,6,18,17,11,10,17,13,10,7,5,13,12,16,5,7,22,9,10
"28446",41,22,25,22,34,41,15,23,21,15,21,25,18,16,22,8,28,16,30,19,14,30,19,13
"2861775",39,33,41,34,29,23,20,30,8,22,18,24,22,26,14,26,20,22,24,15,21,27,15,15
"2864211",41,26,27,18,18,29,15,24,7,18,13,15,14,23,11,18,32,13,18,20,11,21,22,18
"2925411",41,39,33,32,17,26,19,31,22,15,14,25,8,17,17,14,25,17,16,20,31,18,20,16
"29287",41,25,33,32,33,20,31,27,25,33,20,28,27,32,25,30,32,21,26,26,26,31,28,20
"29324",35,32,41,25,26,35,14,22,16,27,21,24,24,24,29,17,22,23,22,14,10,27,13,14
"29546",41,28,20,24,31,28,30,36,32,22,29,32,22,25,25,24,35,18,27,25,25,22,19,17
"2956211",29,41,27,15,21,17,9,20,8,19,18,30,15,12,23,19,7,13,15,16,22,16,22,18
"3031803",6,41,14,8,15,12,4,12,5,6,3,14,6,3,4,7,9,4,19,5,8,16,7,13
"3070814",38,29,24,29,12,41,14,28,15,25,21,35,13,18,14,14,24,13,19,21,14,25,14,16
"334543",36,32,26,11,32,30,27,20,20,27,17,27,24,22,25,12,22,17,39,13,20,35,24,41
"388640",31,24,22,16,22,41,14,36,12,15,16,29,14,17,14,16,21,23,23,21,18,33,16,32
"414778",30,41,25,30,35,24,31,23,32,24,26,31,12,27,20,15,27,16,25,19,14,33,21,25
"444",38,24,28,34,37,36,19,33,16,21,16,41,14,28,21,28,32,22,40,18,23,31,26,21
"461876",32,31,21,30,32,41,16,14,13,11,14,20,13,14,18,9,18,12,29,21,16,27,14,35
"470565",41,31,27,22,21,40,16,38,18,16,7,29,16,17,14,11,17,17,34,16,10,22,26,26
"480",40,39,41,37,27,28,21,25,27,28,24,33,14,17,24,19,38,15,28,26,27,31,10,24
"528343",41,41,28,29,26,36,11,31,21,20,29,33,25,20,18,29,24,30,32,27,19,24,24,23
"558541",34,30,32,33,39,41,27,20,17,18,25,30,25,21,19,25,27,26,31,27,23,36,17,27
"622681",39,31,13,21,31,41,33,36,24,32,25,30,27,27,29,29,37,29,30,31,27,29,15,21
"638",33,29,17,29,28,41,11,22,9,20,15,22,17,32,14,24,28,19,21,14,13,26,18,27
"665568",39,20,37,41,32,22,21,30,32,30,31,27,25,38,16,20,13,12,23,25,23,23,30,21
"784",41,33,28,33,28,29,16,27,21,20,25,27,15,24,27,15,31,14,34,13,19,29,24,22
"83816",17,13,41,11,23,18,5,13,21,12,6,15,7,19,14,3,4,4,28,9,17,16,7,12
"1089121",5,5,5,3,5,40,4,4,10,5,10,6,5,5,3,7,5,3,1,4,2,4,5,8
"1118",36,21,30,21,20,29,40,26,22,30,26,31,18,20,16,27,16,21,24,38,17,32,25,26
"113267",40,29,31,35,34,23,26,26,21,10,13,31,18,23,16,13,19,28,23,11,16,17,16,15
"1137606",32,37,35,40,38,38,23,34,31,30,30,37,26,29,30,24,29,19,35,30,23,33,30,35
"118882",40,23,31,17,34,29,26,27,14,23,10,23,12,16,10,14,19,8,25,19,17,18,20,20
"1218",35,24,24,29,37,40,14,22,19,16,13,27,17,17,17,13,22,14,11,13,14,39,11,27
"1285600",28,33,32,32,40,31,24,23,32,33,24,30,23,14,21,24,29,29,27,21,21,20,22,28
"1501226",1,5,23,0,40,0,0,5,16,0,1,3,2,18,15,2,1,2,29,0,5,18,1,36
"1526927",40,26,22,39,38,23,11,30,30,15,22,26,8,15,14,11,28,12,27,20,15,18,15,20
"1674923",32,31,29,40,13,25,30,33,29,18,31,20,13,16,19,13,11,13,8,12,25,34,6,14
"1808001",40,34,31,33,40,36,27,35,19,32,20,30,12,16,23,17,26,10,25,25,25,23,33,21
"186807",25,38,27,40,21,27,16,30,36,21,29,31,30,24,27,27,22,15,37,21,20,30,26,18
"186824",38,38,22,32,26,26,22,28,25,25,37,32,22,19,29,26,32,40,29,23,20,23,24,32
"2029986",40,30,21,16,26,20,8,26,13,13,20,25,12,9,12,15,11,5,25,16,9,20,6,25
"2100116",40,26,29,29,33,31,26,35,19,20,38,36,19,16,22,23,30,11,29,19,16,25,18,25
"2226",26,30,31,25,17,40,26,33,34,14,28,36,30,26,18,28,14,17,24,21,17,30,25,20
"2331",25,38,31,22,20,37,19,27,12,14,18,24,10,22,19,15,26,12,18,21,16,40,14,20
"249188",23,28,35,32,37,40,16,17,12,18,19,17,10,22,20,15,30,23,25,12,19,22,15,14
"2545799",40,26,37,24,32,28,12,18,16,13,10,30,14,16,14,17,22,16,19,21,14,26,16,27
"2587597",40,37,13,21,20,26,26,22,19,27,30,19,20,14,19,23,20,26,17,19,23,24,16,26
"2689569",40,38,27,36,25,40,19,28,22,25,24,32,15,22,18,21,26,9,29,16,11,33,18,32
"2714948",33,38,33,27,26,40,18,30,19,17,22,27,22,18,12,9,16,18,20,17,21,27,23,23
"2719989",25,40,20,22,30,31,22,25,29,15,20,28,17,19,17,10,31,23,24,19,26,26,28,19
"2787628",40,28,26,32,37,38,27,31,19,19,21,29,9,21,25,17,31,28,27,29,32,29,25,16
"28037",31,40,30,31,34,30,15,22,26,18,19,32,20,22,21,10,14,26,16,19,22,26,19,17
"28198",40,36,28,36,36,26,25,37,19,17,10,27,7,23,11,14,30,25,28,32,15,35,10,23
"2844675",40,1,17,5,24,1,1,6,0,1,3,15,0,1,2,0,1,0,5,0,2,17,1,1
"2873269",37,40,31,33,32,35,16,34,17,13,19,26,17,32,19,25,36,31,26,21,26,34,15,29
"2879119",36,40,26,36,33,26,23,21,25,8,18,19,16,21,19,18,22,16,20,14,20,33,18,25
"2991940",40,38,30,20,13,20,28,18,15,16,16,23,20,7,17,28,30,30,22,26,18,36,32,24
"3018314",26,40,23,24,38,22,18,24,15,6,11,32,6,13,17,12,17,6,33,10,9,31,10,29
"3036714",40,29,30,23,24,35,14,31,28,17,11,20,9,13,12,11,26,14,25,7,6,20,15,14
"3057550",26,33,28,32,24,21,26,40,8,14,16,27,10,20,15,17,22,19,18,14,12,27,14,20
"313590",40,15,25,22,33,23,4,22,8,5,3,16,4,8,9,8,11,8,28,10,6,14,10,9
"327575",38,27,34,25,31,38,16,32,12,12,22,34,19,14,14,11,19,19,28,20,15,27,20,40
"33940",40,33,33,13,27,18,22,33,17,23,17,25,15,12,18,22,25,22,26,13,20,21,22,38
"45610",40,40,28,31,33,36,21,23,23,12,23,23,18,18,19,15,24,21,38,18,21,37,30,27
"483",40,32,29,35,21,25,29,17,28,23,13,18,15,23,17,16,33,19,19,15,13,28,19,24
"536044",31,22,27,38,30,20,26,22,34,20,20,16,21,27,24,12,33,20,40,29,17,23,31,17
"682410",28,18,32,24,40,19,23,24,8,18,13,35,10,8,19,17,23,16,17,13,9,20,12,3
"693153",28,35,26,31,33,40,16,25,20,16,23,30,25,17,17,17,26,16,13,20,12,22,10,23
"726",38,30,37,24,40,36,8,27,23,15,23,18,13,11,19,18,25,15,22,22,20,26,15,22
"746691",35,24,40,22,34,31,18,13,24,21,20,28,7,15,12,14,13,17,30,17,12,38,13,27
"768",40,30,31,35,31,27,25,23,25,23,30,22,30,35,25,31,24,31,28,25,21,31,25,21
"861445",31,22,16,28,33,40,17,12,15,15,10,23,12,12,19,12,20,24,27,19,22,16,11,18
"87541",39,31,30,39,30,32,21,29,23,20,23,24,19,27,20,17,17,22,25,20,18,40,22,17
"1008460",39,24,26,30,37,25,32,23,26,23,21,37,20,25,22,24,22,29,15,35,21,33,29,16
"1245",20,39,30,28,16,25,26,15,15,15,13,20,13,17,8,13,13,8,19,10,13,26,25,11
"1311",39,30,15,26,37,30,21,17,24,13,24,18,14,12,11,20,19,19,22,13,24,23,13,24
"1313",24,38,39,26,34,38,14,33,14,18,14,24,12,32,23,18,22,21,26,19,19,19,21,16
"1408204",39,25,23,26,12,26,15,13,33,20,20,24,19,22,23,18,24,15,19,16,21,19,17,27
"143222",39,31,29,24,25,24,6,39,14,8,8,25,7,15,4,10,11,6,25,10,8,30,13,31
"143361",30,31,20,38,28,27,28,27,18,20,30,18,27,24,18,18,39,18,19,21,23,9,22,21
"150247",39,26,27,28,22,24,12,19,19,19,12,16,11,14,13,9,13,7,15,9,9,21,13,14
"1563703",33,30,34,17,20,30,24,23,17,17,11,39,19,10,22,17,26,10,33,16,20,31,11,19
"1601",32,18,20,17,39,10,19,33,13,14,15,31,18,13,22,15,22,27,28,25,33,33,14,22
"1776742",31,30,30,35,29,30,12,22,22,20,23,39,13,20,21,20,24,15,22,17,17,23,7,33
"1844999",33,39,22,26,24,25,23,23,19,9,12,21,12,23,15,24,24,13,21,17,15,15,14,13
"186490",39,32,23,27,31,30,16,31,17,13,17,28,7,20,14,14,26,11,23,22,18,26,28,21
"1871111",39,24,21,17,27,26,16,20,7,17,12,21,11,21,14,13,18,17,28,16,24,20,12,34
"197",23,31,29,19,39,26,25,26,18,17,18,18,12,22,8,17,29,28,10,22,14,30,19,23
"2026193",39,13,21,23,28,13,6,9,11,15,12,21,12,9,9,5,12,8,26,18,7,24,12,7
"243899",37,18,38,33,24,31,26,21,11,19,31,32,19,26,21,25,17,19,39,15,26,18,24,27
"2479367",32,39,26,15,17,36,17,26,17,24,19,22,20,31,29,21,27,29,32,20,7,18,26,17
"2487118",37,39,33,32,28,34,21,33,26,18,20,25,28,33,38,23,30,24,31,23,36,26,23,19
"2497436",39,25,23,27,20,13,19,28,19,11,20,11,14,11,16,22,16,20,20,14,22,17,23,21
"2776706",30,30,22,31,30,33,23,39,25,31,24,22,19,27,18,34,27,24,24,39,34,26,24,26
"2778550",18,39,12,22,35,24,21,17,24,39,14,23,9,15,16,23,23,14,23,23,16,16,24,21
"28125",34,39,31,26,21,38,14,20,11,24,11,30,5,19,17,13,25,13,21,15,17,20,20,25
"2913495",24,12,39,5,12,11,6,7,2,4,2,7,6,2,6,5,3,2,6,5,4,7,6,7
"292691",32,27,32,37,39,25,8,28,14,13,7,18,10,7,9,4,19,14,15,12,11,25,14,21
"29388",35,31,39,28,18,28,14,23,28,21,20,27,19,18,20,17,18,15,27,19,16,16,16,10
"2998077",25,31,35,30,39,27,22,21,12,8,26,24,10,11,27,13,29,12,29,21,8,26,12,29
"34020",39,29,21,21,16,27,14,21,7,12,12,27,3,12,13,3,21,3,25,7,19,17,10,27
"387092",36,20,24,28,36,39,15,30,19,23,12,17,11,15,18,14,29,15,20,22,17,27,27,27
"40269",32,26,24,30,36,25,21,25,19,15,27,20,7,19,15,17,39,7,37,18,13,28,14,14
"413403",39,31,36,32,31,29,17,34,12,24,19,38,25,10,19,12,19,22,31,16,22,27,22,19
"42858",37,24,39,19,39,31,15,19,17,11,14,13,12,12,23,10,16,11,18,11,8,30,18,12
"516075",26,21,24,39,36,34,10,22,20,15,14,25,13,18,14,10,20,6,25,17,19,16,25,26
"556287",39,32,20,32,29,33,19,18,11,23,21,14,15,23,27,16,17,17,29,17,18,13,12,13
"57665",33,32,27,17,28,39,15,30,25,21,15,21,14,24,17,19,14,22,21,17,14,15,15,33
"652716",39,27,34,27,25,24,12,23,19,11,15,24,7,19,15,10,19,7,23,10,20,18,13,26
"953",36,39,39,19,36,38,11,32,13,19,14,19,12,21,17,16,23,16,28,20,9,24,13,20
"1160721",35,30,24,22,27,38,22,22,25,20,21,22,15,25,20,23,26,13,26,11,14,25,14,22
"1173280",37,38,28,36,38,31,15,23,12,16,17,28,10,15,17,22,34,15,33,19,17,31,21,15
"1178540",38,18,16,19,10,11,12,8,14,16,7,11,7,18,4,4,12,6,15,8,12,11,15,7
"1255",28,32,30,37,28,21,24,19,28,21,15,29,11,18,11,21,38,22,30,20,18,17,18,21
"1283",29,32,25,30,38,29,11,23,18,9,8,22,5,11,18,17,22,17,18,19,21,26,9,27
"1295609",31,38,27,21,34,21,21,24,19,24,16,17,13,17,26,12,31,25,25,22,28,36,19,15
"140",20,38,18,23,16,27,7,21,8,6,3,18,6,1,3,1,17,5,12,3,8,20,6,10
"147212",38,31,32,33,24,23,19,26,18,20,20,17,12,8,24,32,30,15,20,24,12,25,20,12
"1577791",25,38,14,29,19,26,29,25,25,24,35,21,32,14,12,19,27,31,15,23,21,20,23,24
"1622",27,30,30,38,31,25,15,23,22,15,14,26,17,18,17,19,24,17,20,19,23,24,20,16
"1640",31,35,23,35,38,21,12,28,24,16,30,36,21,25,16,13,32,21,37,15,24,32,19,29
"1705394",38,27,33,21,27,24,14,26,13,11,14,25,14,19,16,14,16,11,18,18,15,22,16,22
"172045",27,26,13,6,27,38,14,21,14,5,8,20,3,8,10,18,16,9,23,9,6,16,7,16
"1849015",24,25,17,30,38,35,10,23,11,18,19,15,9,19,11,7,22,11,30,10,9,24,13,20
"1864622",4,2,0,38,1,0,1,1,0,1,0,0,0,0,0,0,1,1,9,0,0,0,0,0
"188710",31,37,29,32,19,31,28,29,25,23,16,19,17,36,13,26,25,24,19,24,14,35,38,28
"188711",38,32,25,19,30,31,24,22,26,21,18,27,19,16,23,23,18,14,13,17,16,21,22,21
"195",17,38,20,16,20,21,11,25,16,7,13,13,16,13,17,13,22,13,19,6,9,20,16,18
"2008440",28,28,33,38,26,20,22,31,29,18,27,24,24,24,17,18,33,28,21,33,22,22,34,20
"2018044",22,38,15,22,20,18,18,33,22,17,14,23,14,18,14,24,24,19,21,13,16,13,16,23
"206",38,32,11,15,25,22,13,24,15,13,8,15,11,9,12,9,15,5,19,11,17,17,21,14
"206042",32,32,30,21,23,26,9,28,16,26,13,32,16,18,26,10,38,18,21,17,13,25,24,21
"208226",38,31,34,36,31,33,13,25,29,14,24,27,20,19,25,15,29,20,21,22,15,29,16,22
"2320858",35,22,26,27,38,25,29,24,28,21,26,27,15,16,12,18,19,19,20,26,17,28,23,14
"236753",31,38,12,30,23,32,26,22,13,15,13,19,26,13,25,17,25,11,24,14,19,25,27,7
"2487276",38,32,28,16,35,30,23,28,18,21,12,30,11,13,14,17,20,13,25,21,6,19,14,25
"2689102",38,26,17,13,18,34,13,21,24,20,14,17,6,13,14,9,14,15,18,14,15,17,10,13
"2708117",29,33,32,32,32,38,18,34,16,10,25,30,12,16,10,20,20,24,31,14,18,33,12,20
"2709685",30,38,38,28,31,25,22,30,14,21,16,27,17,11,17,20,16,18,31,19,14,22,20,28
"2714110",37,38,34,37,28,38,22,33,26,20,19,33,13,28,13,15,32,22,35,10,23,27,15,26
"2715209",33,25,22,22,24,11,13,22,20,15,10,38,10,33,15,15,15,11,19,13,11,18,6,23
"2778052",38,32,28,30,25,31,18,31,17,32,22,28,22,16,15,16,18,18,22,30,14,28,23,24
"2806552",26,20,10,27,13,38,13,22,15,18,16,38,6,14,20,14,24,19,12,20,11,17,16,19
"28196",19,26,22,38,29,24,24,24,13,13,11,23,9,13,8,12,28,16,25,13,12,19,13,26
"285458",24,36,23,38,23,15,21,28,14,36,28,34,18,25,20,16,29,19,14,15,16,29,30,14
"2871688",25,11,38,14,15,7,8,6,4,1,8,18,4,6,6,5,6,6,8,8,1,8,3,5
"2892541",31,38,33,33,31,34,19,22,22,15,16,35,23,21,27,16,26,12,38,14,23,21,16,24
"2895488",30,38,26,33,30,35,22,25,28,19,22,20,16,17,17,19,29,23,16,29,25,21,17,24
"2904119",36,33,19,27,25,38,13,36,12,18,9,27,14,12,18,13,22,16,11,27,12,24,15,14
"2933778",28,32,23,30,37,31,24,26,16,22,38,24,18,22,24,21,11,20,25,17,17,22,19,22
"2955983",8,3,22,38,12,1,1,15,5,4,4,7,2,3,4,3,15,2,3,6,1,1,5,3
"2956393",38,0,13,8,2,3,1,9,1,2,0,4,1,1,0,0,2,1,6,2,0,1,0,0
"3026145",38,30,15,7,11,22,12,23,8,13,17,21,6,11,8,8,21,15,13,12,19,16,9,14
"3036126",21,30,27,33,25,38,17,13,18,20,18,21,9,17,16,12,13,11,20,12,12,24,28,20
"360911",34,32,19,25,23,27,27,24,13,26,11,38,17,32,21,11,19,15,13,25,20,16,30,12
"400065",31,38,21,21,26,22,18,24,18,20,20,13,12,17,11,20,22,6,24,18,14,21,10,23
"45851",38,26,21,18,28,22,25,28,21,17,25,25,19,14,16,28,30,15,16,15,18,34,11,22
"61635",38,33,17,32,28,31,12,14,11,16,17,22,11,7,16,13,14,21,18,15,8,15,17,33
"66821",38,31,28,21,24,16,14,17,14,13,17,17,2,13,9,13,24,10,24,15,14,17,14,23
"69328",38,26,35,18,23,23,25,18,20,16,13,16,27,22,15,9,12,14,31,10,11,18,16,12
"755175",34,30,38,17,15,21,14,26,18,15,22,28,25,14,15,13,31,26,22,17,20,32,20,19
"119394",29,24,31,30,34,37,25,16,14,27,15,26,22,22,22,14,22,20,14,25,14,28,26,20
"123824",37,30,19,33,26,24,27,22,23,19,20,34,19,22,19,9,21,18,25,11,20,25,23,32
"1247",30,37,24,18,24,33,19,28,14,11,13,14,11,12,9,15,21,19,22,11,12,30,21,17
"1318",31,35,21,28,28,37,17,37,17,15,20,17,10,14,15,28,28,13,20,18,12,19,14,33
"1334",37,30,19,19,33,28,11,25,10,17,13,13,14,15,13,11,26,14,18,22,20,13,20,23
"1498",35,31,25,30,34,26,25,34,23,19,21,22,22,24,21,13,16,19,24,21,17,19,18,37
"1519",37,30,25,26,33,31,25,36,18,26,26,26,14,25,20,13,29,15,26,17,23,30,24,20
"1542",16,23,37,20,18,24,9,18,12,13,9,18,6,13,9,11,14,6,11,10,6,9,18,19
"1609531",17,37,12,27,23,23,33,22,7,12,16,17,7,4,7,4,10,6,18,11,6,13,5,16
"170673",26,37,32,23,24,34,19,20,18,20,14,20,13,31,15,17,12,18,19,22,19,14,11,25
"1884915",17,28,19,26,23,36,23,26,15,17,17,37,21,23,21,18,10,24,14,30,15,18,24,9
"2005473",23,37,28,15,19,20,15,28,11,13,5,14,8,17,14,19,14,11,12,9,15,18,25,25
"2026188",37,34,33,29,35,32,13,15,13,14,15,19,15,15,8,14,14,15,16,11,12,21,13,22
"202950",36,37,26,23,37,21,17,20,17,20,13,15,21,12,18,13,27,20,20,16,21,18,18,21
"213121",28,24,15,25,20,24,11,24,22,17,15,26,10,25,9,20,37,14,15,12,11,17,11,12
"244787",37,19,21,17,23,28,20,21,10,10,14,20,22,13,15,11,12,21,13,12,4,15,26,11
"2613334",37,27,33,31,31,34,26,34,24,24,28,33,16,27,26,23,27,29,22,18,29,13,24,21
"2714929",37,26,15,22,28,23,12,22,23,18,10,14,11,15,16,18,15,11,21,22,19,24,16,17
"2734193",26,37,34,15,26,22,22,29,27,21,20,24,15,17,21,25,20,22,29,12,20,15,36,29
"2734196",22,37,24,25,19,20,29,16,20,29,18,22,21,18,26,18,18,19,24,28,21,18,22,18
"2748760",37,20,36,19,25,30,24,19,29,28,13,28,28,25,32,27,24,24,19,33,30,30,22,26
"2756",31,37,30,35,24,18,21,34,11,22,20,33,5,20,16,12,15,14,28,11,21,25,9,33
"2834819",31,35,25,37,36,29,21,26,17,27,19,34,14,22,18,10,21,18,34,20,14,29,22,24
"2843366",37,35,7,22,3,19,3,19,6,11,5,8,3,4,4,8,6,3,3,6,7,6,4,7
"2894202",37,24,25,34,30,27,23,18,24,20,27,13,26,26,27,17,16,19,27,16,26,21,14,19
"2931400",23,35,25,15,28,22,7,21,8,9,12,37,6,8,9,7,19,7,16,10,18,21,7,14
"29487",29,29,30,20,16,37,18,25,10,13,14,27,19,9,11,8,18,13,24,20,24,12,21,26
"3047866",37,21,15,20,17,19,14,18,8,19,5,18,17,12,10,7,8,14,21,11,14,24,28,12
"3050138",28,26,23,33,25,31,31,22,24,24,35,19,27,37,21,23,28,34,29,28,15,17,32,12
"3050637",37,26,28,36,36,27,18,19,15,25,19,23,17,20,14,22,31,18,24,16,16,21,19,14
"3051614",8,12,37,9,25,4,8,18,16,5,3,3,8,7,9,5,9,2,12,4,8,22,9,3
"3059076",31,30,22,33,21,37,15,27,16,13,12,28,6,14,15,8,15,12,28,10,9,37,9,18
"3061989",15,29,14,37,14,10,11,9,12,15,8,18,7,19,8,13,17,9,14,3,9,5,12,22
"33039",36,21,37,28,20,31,12,19,20,13,12,21,19,26,12,14,26,13,35,23,17,21,8,22
"337479",28,20,15,37,21,19,8,26,8,13,13,14,7,8,6,4,15,8,11,6,9,9,7,22
"39478",21,2,3,26,14,2,1,37,5,12,7,22,7,5,2,13,2,2,1,4,1,2,1,3
"55802",28,37,20,22,17,14,17,8,24,11,12,15,9,13,18,14,28,7,20,12,17,20,11,14
"623",32,28,19,24,17,34,18,32,20,16,26,25,19,12,22,21,31,12,13,18,30,21,21,37
"645292",36,26,37,25,22,29,34,26,13,18,31,27,24,9,19,18,23,23,20,24,28,20,25,24
"64895",20,29,15,17,16,37,11,24,6,10,5,19,11,9,10,9,13,14,14,11,7,15,4,14
"745",27,22,25,26,31,27,15,37,24,26,10,32,9,24,20,11,18,16,20,26,25,32,19,29
"93466",36,37,34,22,23,27,27,31,19,26,17,30,20,23,12,17,24,25,26,23,25,20,22,26
"1006576",31,36,36,18,18,22,13,25,26,23,22,20,15,18,16,11,22,8,15,18,24,27,17,23
"1109713",4,6,9,11,5,4,5,5,4,3,3,12,5,11,4,1,1,5,4,2,3,3,5,36
"118060",23,28,20,35,32,35,6,36,17,11,15,28,10,14,10,9,17,10,16,14,12,16,23,20
"1185412",28,30,22,30,36,21,14,27,13,14,17,31,18,16,22,18,22,18,17,22,16,22,15,29
"1273132",35,36,24,23,25,35,19,22,23,22,27,26,7,6,20,20,33,19,33,16,14,33,9,24
"1288",25,36,13,30,19,29,18,17,13,14,17,28,12,17,9,7,13,8,20,8,8,25,6,16
"1327989",36,26,19,20,14,26,29,26,25,20,17,25,22,24,17,18,14,13,13,25,15,26,19,20
"147322",31,26,18,31,36,34,23,27,20,15,10,19,3,14,10,16,12,17,17,10,13,15,22,18
"151081",36,28,28,16,24,25,18,16,13,8,9,18,20,22,15,20,9,16,17,18,15,17,10,14
"152331",36,24,23,29,22,31,20,22,15,24,20,20,21,17,9,26,27,23,27,12,22,15,28,17
"1542390",36,27,28,24,25,26,12,17,19,24,7,28,6,22,18,14,15,13,27,15,13,15,17,16
"158847",24,27,29,25,16,36,11,17,11,9,24,22,7,11,6,5,20,13,22,16,6,13,13,26
"1608473",34,13,20,22,25,29,16,36,16,10,11,14,8,9,4,10,9,8,23,6,15,15,6,20
"170861",24,17,27,28,27,20,24,31,32,23,14,27,10,22,26,13,26,10,27,14,21,36,17,26
"1796635",29,21,36,11,25,27,13,20,16,11,7,23,16,19,7,13,22,10,19,15,13,14,16,14
"1813182",30,31,22,20,21,28,30,33,15,15,15,7,23,22,20,26,18,26,26,19,30,23,36,17
"1982898",36,31,31,17,20,24,20,16,15,13,17,20,13,23,18,18,24,21,19,13,20,12,33,29
"2014541",36,19,23,19,27,19,16,19,13,19,10,15,17,12,14,15,21,8,18,18,8,19,11,11
"2014742",13,22,21,19,18,36,5,12,11,12,15,12,9,16,13,14,13,12,19,13,11,10,19,21
"202",36,18,18,26,15,11,12,19,12,8,10,16,13,15,13,8,10,5,18,13,15,25,12,11
"2203724",26,36,25,20,16,11,11,16,17,9,8,9,7,10,16,8,14,13,17,20,11,16,9,18
"228229",25,36,18,33,25,30,13,21,7,18,14,15,11,10,15,16,15,18,15,26,19,19,14,27
"2487928",36,11,16,15,25,18,3,12,9,9,12,15,14,5,2,5,14,7,9,9,7,12,11,14
"2565914",36,17,24,26,29,29,11,27,14,19,15,20,12,15,9,16,16,15,20,12,19,25,17,11
"256818",20,22,16,24,21,36,19,18,15,16,23,34,13,19,11,22,23,15,7,16,18,18,25,9
"2734194",19,12,21,16,36,14,13,18,18,19,23,11,13,16,8,17,21,19,20,17,16,24,11,15
"2738",23,29,21,24,12,36,13,12,19,10,14,11,9,9,19,12,15,11,21,12,11,15,11,15
"2762563",35,20,36,25,33,22,12,23,20,7,11,14,9,20,17,11,12,15,21,10,14,28,17,19
"2779363",24,36,30,24,24,25,14,26,13,19,18,25,16,15,17,26,14,21,23,19,12,22,13,31
"2781390",34,29,34,25,35,33,32,28,27,16,19,36,24,34,22,27,22,11,20,31,21,21,25,23
"2781599",23,34,27,34,28,19,18,25,25,19,14,36,10,22,22,9,28,8,20,18,11,17,22,14
"2820817",36,35,17,13,26,27,12,18,10,15,19,18,11,18,13,14,20,7,11,9,15,10,15,16
"2849641",26,35,22,34,23,34,20,24,9,17,14,36,12,18,18,19,31,30,30,12,20,20,15,20
"2849642",25,13,22,36,20,24,11,22,15,11,11,32,15,19,9,18,14,16,21,17,16,20,17,18
"2864210",32,31,30,36,26,34,25,29,18,19,18,33,12,14,12,12,22,21,19,18,15,19,14,18
"2930213",23,23,21,17,36,30,11,29,12,13,13,33,18,31,11,10,16,20,25,17,11,26,16,22
"3023090",30,27,28,36,34,30,19,19,14,12,22,17,14,22,13,12,33,14,32,14,17,16,14,17
"3035453",36,22,23,24,31,32,19,22,18,14,31,18,8,18,19,13,30,18,22,17,17,19,26,24
"326319",26,33,34,32,33,36,12,28,13,12,8,24,15,20,13,19,16,14,28,17,11,29,6,34
"326320",28,20,33,36,23,26,7,27,10,6,6,23,5,12,9,9,15,5,22,10,12,6,12,24
"39486",36,26,17,34,29,21,21,19,13,20,18,19,23,10,23,21,14,12,10,36,16,22,26,23
"409322",36,31,23,28,21,32,19,18,22,18,21,24,20,12,22,24,21,12,19,16,18,24,26,19
"46127",36,25,16,33,22,17,22,32,18,18,9,25,10,18,22,11,21,17,11,12,13,20,14,9
"47735",31,32,36,30,22,22,36,23,26,11,28,22,14,13,21,23,35,24,34,16,15,33,19,29
"529881",34,23,30,36,23,26,20,25,32,19,25,17,24,21,22,25,23,24,27,9,17,31,14,9
"58290",36,19,12,33,16,25,21,20,23,21,22,27,15,19,11,10,22,17,18,14,10,19,19,17
"603050",29,36,25,27,20,24,11,18,7,7,13,20,7,13,10,5,27,8,21,10,21,13,12,20
"621",32,29,25,34,22,28,23,36,29,15,13,27,20,23,14,20,27,17,21,25,18,15,24,22
"715451",21,36,35,30,20,19,7,25,16,14,18,18,10,15,18,14,14,19,22,12,23,15,16,20
"735",22,25,23,15,25,19,19,30,18,11,22,36,7,22,21,13,17,14,25,16,19,11,15,14
"85034",36,23,27,22,16,26,23,20,19,15,19,13,11,21,18,13,15,16,15,15,5,13,14,8
"859",34,36,20,27,29,32,12,20,13,20,23,11,15,6,13,13,13,12,13,16,10,14,15,17
"1196095",30,30,30,35,29,33,18,33,16,20,15,34,13,15,19,14,21,22,28,10,15,34,15,32
"1278212",7,35,12,15,17,25,4,14,8,7,6,12,1,7,7,5,9,9,8,7,13,9,10,10
"1379",27,21,15,25,19,31,9,12,20,20,12,16,4,13,16,5,35,12,19,14,13,22,8,7
"1402",35,26,27,25,34,19,24,19,29,17,17,27,18,24,14,20,24,27,22,27,23,20,19,25
"1462615",28,22,17,35,19,33,12,30,15,7,8,24,7,9,9,9,23,8,18,4,3,14,3,18
"1488",35,29,15,31,27,29,18,20,21,14,15,18,20,10,15,12,18,7,15,13,15,18,14,15
"1505652",25,30,33,32,35,23,20,18,18,21,32,18,26,29,33,23,20,28,34,29,19,18,19,25
"1514105",35,24,25,27,12,15,16,18,7,14,19,25,6,18,22,12,13,17,27,14,17,15,24,15
"1521",31,31,24,23,28,35,16,19,19,12,13,21,16,18,17,19,15,14,29,20,18,9,13,20
"1579506",21,29,22,35,29,26,21,31,15,11,9,25,23,22,22,11,29,21,23,14,20,27,19,19
"160798",24,20,25,23,31,23,24,20,20,13,18,35,19,13,23,19,8,16,13,12,12,11,23,17
"1633874",34,32,28,10,35,17,16,18,12,23,20,26,20,18,10,19,17,14,14,20,24,11,29,7
"1635327",33,21,24,27,27,35,10,30,10,20,14,21,19,14,19,9,18,21,19,21,13,23,23,18
"1656159",35,25,30,20,24,23,18,35,14,18,10,27,9,17,16,22,22,13,23,12,14,32,13,11
"167642",32,29,28,21,35,21,12,32,16,4,10,28,8,10,13,9,15,11,28,10,8,16,12,13
"173",34,30,23,35,34,27,20,34,17,14,17,19,11,20,20,15,25,17,18,22,12,18,21,20
"1734049",35,28,18,22,32,24,23,18,3,15,13,29,7,24,15,15,32,20,30,6,20,16,15,25
"173566",26,21,30,15,23,22,23,35,15,31,24,22,21,12,17,20,12,27,21,19,21,18,12,12
"1755811",33,27,25,27,18,28,13,26,22,21,17,19,17,17,17,15,29,19,15,17,22,26,24,35
"1778601",9,35,14,16,19,16,15,12,16,8,12,6,7,12,5,6,18,10,10,17,12,5,11,15
"190895",27,21,35,25,32,30,20,31,21,14,20,21,21,15,9,21,24,14,14,18,10,20,25,20
"2030797",35,28,20,20,18,25,18,26,19,14,22,27,14,15,24,13,14,14,33,15,12,17,18,18
"213116",14,35,22,18,26,24,20,31,14,15,20,29,17,17,18,20,29,26,18,19,18,29,17,22
"2163644",17,23,13,13,28,22,5,35,15,14,12,30,10,13,14,12,18,27,13,11,11,16,32,20
"240426",21,25,16,18,22,31,14,26,22,22,27,28,24,18,27,31,17,20,35,20,18,13,23,29
"254955",35,14,10,8,35,13,13,15,12,3,11,10,13,8,12,13,5,5,10,13,10,28,15,18
"2678256",35,18,27,16,27,15,13,11,10,17,11,8,17,9,11,8,11,9,23,9,9,18,10,4
"2701",34,27,23,17,35,29,14,30,17,18,14,28,19,32,20,22,32,18,18,14,21,23,32,21
"2749996",33,32,18,16,31,35,14,24,25,14,15,21,11,26,8,14,24,16,27,25,12,20,3,12
"2777577",31,20,27,35,26,27,12,14,13,9,10,19,12,18,16,15,17,21,17,15,7,20,13,18
"28110",29,33,29,27,22,35,12,21,10,16,15,16,6,13,18,14,19,7,24,19,12,15,23,21
"2829816",34,20,24,22,19,17,21,12,18,17,19,18,18,20,25,22,20,13,16,13,23,35,28,10
"2845591",23,10,26,35,34,7,3,34,8,1,2,33,3,10,10,7,10,4,21,5,5,27,3,5
"2855394",34,17,28,30,27,35,23,20,14,13,19,33,11,15,14,8,10,16,27,5,12,30,11,18
"2856556",26,30,35,29,18,22,16,22,21,17,14,18,17,21,16,18,13,17,19,13,17,17,17,20
"2866199",35,21,7,10,13,9,10,14,8,19,19,19,9,10,13,8,13,16,16,12,9,5,9,16
"2878098",22,35,20,18,17,20,17,16,14,11,5,19,7,17,10,7,15,6,14,21,10,11,18,17
"2921087",35,35,29,27,11,21,14,26,22,12,15,33,10,22,12,11,32,17,22,18,10,15,17,15
"2937985",28,35,17,17,16,29,12,24,24,24,7,31,11,17,16,14,16,20,25,22,16,16,17,23
"29419",23,14,23,31,31,15,17,21,20,24,19,35,16,21,17,10,22,19,15,22,13,18,17,12
"2955497",24,20,27,10,35,14,15,29,15,25,15,17,13,20,17,13,15,17,25,17,17,19,11,23
"2956317",33,29,15,35,26,30,22,26,16,21,35,16,25,25,23,19,28,23,25,20,21,21,22,23
"3050260",29,27,25,35,33,25,23,20,20,24,15,28,25,25,19,22,29,25,24,14,21,19,17,24
"367190",25,34,27,30,20,35,21,32,9,10,22,27,14,22,6,20,16,23,14,12,19,34,28,27
"45972",35,16,21,32,14,21,5,19,11,6,4,26,6,9,9,7,8,9,17,6,9,15,8,20
"591154",16,31,23,22,35,32,9,24,9,20,17,28,10,15,24,12,21,12,25,18,13,14,20,13
"659243",31,30,25,30,35,28,18,27,17,17,32,30,22,23,25,22,28,23,32,20,22,28,24,27
"708126",17,35,25,17,10,24,12,19,13,17,13,17,10,11,16,9,16,7,16,16,16,19,12,18
"71237",34,29,12,13,18,30,12,35,9,4,9,21,11,9,4,7,19,5,15,7,8,19,6,24
"715",35,15,22,18,32,21,22,33,22,20,14,19,17,19,12,15,24,12,19,30,15,12,28,15
"72293",25,20,13,21,21,20,22,26,17,16,35,6,11,14,15,17,18,12,9,14,19,13,13,16
"79206",26,35,31,22,24,16,14,20,19,15,10,21,13,17,8,21,24,19,17,25,19,31,29,27
"849",35,9,14,24,18,25,16,13,16,6,18,14,7,10,6,11,15,6,15,16,13,17,14,10
"89586",35,26,33,21,31,29,8,25,19,13,14,17,10,12,7,4,18,9,16,15,7,19,13,17
"948",33,35,22,29,26,18,17,26,13,11,10,24,16,17,18,14,14,24,29,22,8,10,24,12
"985762",33,33,35,25,14,23,10,16,13,11,13,13,10,12,12,18,12,10,26,20,16,18,28,17
"102862",34,14,9,19,10,18,8,19,3,8,8,11,1,4,6,6,11,8,7,6,9,6,4,8
"1050714",28,34,33,20,24,30,29,17,23,21,21,20,22,19,22,30,27,30,15,28,17,22,32,29
"1170711",32,23,22,22,21,30,14,18,17,23,21,34,21,23,20,19,22,17,19,12,17,15,10,16
"125316",31,31,34,22,25,34,20,20,18,19,25,25,21,14,18,12,30,22,25,22,33,30,26,16
"13076",15,26,34,22,11,23,12,14,18,22,16,25,11,10,26,11,15,9,18,12,27,25,17,25
"1310",31,30,16,28,27,28,25,24,17,21,16,33,16,17,24,24,22,18,18,26,18,34,23,30
"1335",10,34,32,28,18,18,8,22,12,16,16,14,8,11,9,18,23,12,19,11,11,24,19,22
"14",22,17,25,34,26,25,16,28,7,21,13,18,11,19,18,17,26,14,24,25,18,14,17,16
"1494",34,11,24,22,21,16,14,15,13,15,15,7,5,17,17,13,12,17,20,6,7,16,10,15
"1529069",18,26,34,32,21,27,7,32,7,12,4,13,2,9,8,6,18,1,15,1,3,17,13,23
"1574161",31,34,31,26,21,20,21,30,15,19,12,12,6,21,13,14,28,10,20,19,11,17,18,13
"1578720",28,20,18,13,21,34,14,16,16,12,19,14,15,16,20,18,23,21,13,10,14,14,20,20
"1603",20,34,14,18,21,17,17,32,24,17,19,23,13,23,23,13,13,16,11,8,20,23,31,18
"1623306",19,23,34,11,14,12,13,23,19,7,11,14,17,16,15,11,15,19,12,17,12,9,3,16
"1629",19,34,15,13,17,15,9,19,9,10,7,13,5,18,8,3,10,11,13,11,5,5,11,14
"170573",22,34,26,24,19,32,16,31,21,17,16,31,19,15,14,23,22,17,20,18,16,19,24,24
"1741",33,13,21,14,30,34,23,16,11,23,19,22,27,27,12,16,26,8,23,18,24,26,28,29
"1758179",16,34,16,19,13,15,20,14,14,11,12,21,14,5,8,14,10,7,12,8,9,17,6,6
"1778653",24,20,34,18,24,27,6,23,16,9,28,30,19,18,20,11,24,14,12,15,14,18,20,19
"1855646",34,15,11,20,19,12,9,13,13,14,6,10,8,9,6,5,14,17,22,10,9,18,10,14
"1866938",29,19,17,21,24,23,19,25,14,11,16,28,16,21,34,20,24,17,18,18,14,25,20,24
"1904463",34,18,17,33,16,21,13,24,20,14,11,12,14,6,11,6,11,6,15,9,9,15,10,14
"2003121",26,29,26,16,22,34,5,18,11,4,2,18,4,9,8,11,8,4,16,11,8,23,15,32
"201",26,34,24,26,21,30,8,27,19,16,11,16,7,20,9,7,15,12,28,12,9,22,10,20
"2115978",25,22,33,23,26,24,13,19,29,18,18,34,22,20,12,15,18,14,16,32,27,26,13,18
"2136182",33,32,24,23,25,29,14,34,17,23,9,25,17,32,25,10,12,18,26,18,11,32,20,13
"2267275",16,19,20,20,34,10,12,16,8,7,8,24,4,14,24,6,24,7,31,8,18,18,12,16
"227",31,29,30,23,29,34,9,17,10,13,9,30,15,12,10,14,21,11,18,14,18,21,13,29
"2483110",15,23,32,26,31,34,12,33,16,12,17,21,13,22,19,18,22,13,22,15,13,21,23,18
"2560359",31,26,21,12,34,28,22,34,18,10,10,14,8,10,8,15,11,11,21,12,14,16,13,9
"267889",34,31,21,10,20,27,6,14,7,9,15,19,10,12,11,10,10,6,25,7,21,20,13,14
"2763062",31,24,22,28,34,32,11,16,19,14,16,19,20,17,14,16,24,23,32,18,14,22,20,31
"2822846",27,24,34,20,29,27,17,17,19,12,16,19,6,16,12,19,19,22,20,8,23,13,16,22
"2846405",6,8,5,4,0,7,0,34,0,0,0,9,0,0,0,0,26,0,5,0,0,3,0,2
"2871094",25,34,26,22,14,24,13,29,28,21,23,14,28,24,12,18,17,20,18,27,15,16,19,15
"2894082",26,34,21,21,15,32,21,20,12,15,15,15,12,10,17,16,19,13,19,15,9,15,16,17
"2904121",23,31,34,17,22,13,7,16,26,9,15,30,9,17,11,8,18,14,14,6,10,15,8,7
"2904123",34,19,19,17,28,23,16,23,11,10,11,22,8,14,16,9,16,4,11,8,20,29,18,13
"290425",34,31,33,17,25,21,18,15,14,11,16,6,10,24,11,6,17,17,32,6,22,23,7,18
"291048",30,21,21,28,31,34,28,26,25,10,14,25,16,21,14,13,25,24,34,15,16,15,24,31
"2925782",29,23,34,26,15,32,14,18,15,16,8,22,6,18,13,4,21,10,25,14,15,11,18,29
"292833",14,34,14,11,12,17,9,14,10,7,6,17,7,9,10,12,16,9,17,10,12,12,10,4
"2943001",0,0,2,3,20,1,0,1,2,1,0,0,2,1,0,0,3,1,34,0,0,4,0,1
"294671",17,17,27,12,18,7,4,9,21,2,9,11,7,20,11,6,4,3,34,3,20,11,8,4
"2951137",23,19,10,23,21,26,7,8,14,9,16,14,11,14,16,4,23,9,19,11,13,34,15,15
"3003229",24,34,25,16,10,21,12,25,20,14,6,27,10,11,15,18,9,12,9,11,10,16,13,10
"300825",29,29,34,23,32,28,15,22,5,13,10,25,5,9,17,13,8,10,14,23,15,14,21,20
"305976",34,20,14,13,18,15,16,18,21,14,14,10,19,25,18,12,16,9,13,12,16,19,8,14
"437897",26,34,12,23,14,26,10,16,17,11,21,29,10,31,10,9,7,17,27,17,12,17,11,11
"553981",27,24,18,16,13,34,7,29,7,13,12,11,6,12,6,11,13,14,18,11,10,17,5,17
"589873",30,34,26,28,26,25,19,20,13,12,8,22,10,11,21,13,24,11,25,15,11,11,14,18
"64160",34,29,21,27,21,22,12,25,12,11,13,26,11,20,10,11,17,19,19,13,14,25,14,23
"658666",34,14,6,9,11,10,3,12,5,4,1,9,2,6,5,2,6,4,3,4,1,9,8,5
"71997",34,34,23,17,19,24,14,14,21,20,14,19,26,29,21,17,22,16,24,14,14,18,12,17
"931099",34,33,25,20,24,32,13,25,23,24,18,24,21,24,11,8,23,23,21,9,20,21,18,27
"1050655",19,30,25,16,19,33,12,32,12,14,7,11,10,23,18,12,14,18,17,19,10,17,21,17
"1293",33,16,18,15,19,21,6,20,9,6,9,9,5,4,12,4,21,8,17,6,12,14,7,15
"129728",21,25,31,33,15,16,23,22,26,23,15,21,18,23,23,14,11,19,17,12,16,16,9,14
"1308",28,32,16,23,15,16,21,29,7,14,12,26,9,19,17,20,23,10,18,13,14,33,17,23
"134375",23,13,15,7,33,10,0,13,0,5,0,11,1,1,2,6,4,0,32,6,2,21,3,2
"1346287",31,31,16,33,26,19,14,27,25,18,16,28,21,19,10,33,22,29,23,24,18,25,20,19
"1359",21,30,33,22,22,31,14,26,14,9,16,21,13,12,10,19,18,20,21,16,8,20,17,20
"148814",23,20,8,16,33,26,15,15,7,9,7,15,6,15,12,14,16,8,19,13,5,14,7,10
"1504",28,19,28,15,33,16,10,16,15,10,11,18,6,20,15,7,13,11,21,15,16,14,15,12
"1534743",32,29,22,33,28,24,12,14,14,19,11,23,11,13,7,16,18,14,18,13,14,32,17,24
"159",33,24,23,28,15,28,10,22,7,13,11,15,3,5,8,4,26,8,27,7,10,21,4,19
"1794699",33,29,20,24,25,23,22,28,15,14,12,15,24,15,11,18,16,15,12,16,16,27,16,13
"185588",29,28,25,21,27,28,33,25,23,20,24,12,28,12,31,22,22,19,33,14,15,23,21,24
"1870884",12,16,18,9,20,14,3,10,10,5,5,1,8,9,6,3,4,5,16,3,4,12,4,33
"2058135",33,18,27,14,30,20,8,27,12,9,8,16,10,16,14,9,9,12,31,9,11,16,12,14
"2210",17,24,14,30,28,24,13,20,24,21,19,17,11,23,33,15,19,13,26,14,14,19,33,20
"234827",18,33,24,15,20,21,11,16,8,6,11,20,24,19,16,15,14,9,19,15,7,23,12,24
"2370",11,20,27,22,33,20,9,17,11,12,17,28,12,13,14,10,15,20,22,16,13,17,10,15
"2419773",14,17,17,16,13,33,4,13,7,13,8,18,3,8,11,10,22,9,16,14,15,12,9,3
"2564099",27,33,19,16,22,20,16,20,20,10,4,22,13,20,8,10,25,21,24,19,16,11,19,13
"2704653",33,24,24,17,18,20,15,22,12,23,16,16,16,15,19,3,19,17,21,12,8,17,17,16
"2740404",33,17,15,8,19,20,9,17,9,4,19,17,4,5,15,3,13,3,11,10,23,11,11,18
"2785124",27,33,28,20,27,32,20,16,13,21,15,27,13,11,12,20,18,26,15,20,17,18,17,20
"286104",25,22,29,23,30,33,19,24,11,16,7,15,10,15,8,11,17,11,18,7,11,12,8,28
"2861280",25,23,24,27,17,20,16,23,12,28,18,18,18,16,13,12,18,17,33,20,7,18,16,25
"2916693",31,26,21,33,20,23,21,22,15,15,20,18,10,11,18,12,26,23,16,17,16,21,14,13
"29385",33,27,26,28,24,25,16,20,17,15,11,18,12,10,13,5,13,11,15,11,11,15,11,14
"2953809",28,33,14,17,17,22,12,18,15,21,10,17,19,14,8,21,19,14,16,10,14,22,17,24
"3059082",31,22,27,25,26,14,26,23,23,19,26,24,17,18,24,30,21,33,14,26,14,25,27,17
"32257",30,27,27,33,16,26,17,29,13,15,24,24,15,15,24,13,13,14,22,17,11,17,19,22
"33028",14,18,22,33,30,18,5,22,17,12,4,19,8,10,12,10,14,6,28,20,9,18,3,13
"334715",33,12,14,23,25,15,10,19,13,8,4,20,9,6,13,9,14,8,9,7,14,12,8,9
"34021",33,23,26,20,27,26,12,24,16,8,19,20,29,12,15,15,22,13,20,16,19,24,14,21
"342948",23,26,33,32,14,24,24,33,29,18,31,21,9,27,17,29,19,26,29,24,25,29,22,17
"39485",21,19,22,28,27,29,30,25,22,28,17,12,17,15,20,13,33,13,28,19,15,27,14,15
"411486",29,25,15,24,19,33,19,16,19,18,21,21,10,24,20,18,21,14,11,19,16,15,11,13
"505341",33,23,22,27,26,28,21,23,22,25,13,19,11,21,12,18,26,12,29,10,17,28,11,24
"51161",33,21,27,25,18,18,12,17,20,10,14,20,7,15,9,8,17,6,13,4,10,19,2,10
"53433",28,15,33,20,17,13,19,13,19,18,15,19,18,15,16,19,16,19,21,12,10,21,21,20
"54248",30,29,20,27,23,26,33,29,17,26,23,28,30,24,22,23,19,13,17,20,26,14,11,25
"658632",30,33,24,22,27,19,24,25,14,12,17,22,7,20,20,15,15,13,17,10,15,23,18,18
"71188",25,27,10,24,10,33,15,15,10,13,10,14,23,14,12,20,20,24,7,14,4,3,27,22
"753",17,27,33,21,24,22,12,23,9,16,19,29,13,8,13,16,18,9,21,13,13,23,13,18
"774",18,25,14,14,12,26,21,26,20,17,13,20,7,17,11,16,23,18,16,15,13,33,21,19
"813",24,33,20,13,16,28,17,14,13,9,12,16,13,13,8,14,16,12,11,10,6,14,16,11
"851",29,25,15,33,14,25,6,26,10,7,13,24,9,13,9,11,15,10,15,11,5,19,18,15
"89059",29,22,17,20,19,23,23,33,14,13,16,20,9,19,13,25,31,12,15,14,13,27,16,16
"10279",16,22,14,16,12,12,32,29,19,15,16,11,12,22,11,14,17,11,10,23,11,16,19,11
"114186",21,28,16,10,15,32,8,14,15,6,5,7,3,8,10,8,16,5,7,13,10,10,6,15
"1152",29,32,26,23,12,29,15,11,21,18,17,17,12,15,11,19,9,21,20,21,7,17,12,20
"115782",24,21,23,20,20,22,16,25,18,11,18,10,18,17,16,16,32,18,17,23,16,17,18,17
"1269201",32,28,19,21,27,27,27,17,20,26,23,21,10,15,16,22,28,24,23,18,19,16,24,16
"1284",22,19,26,30,20,20,12,18,18,11,11,15,15,11,8,15,10,10,32,7,10,21,11,26
"134813",32,24,20,26,22,17,22,19,23,24,22,23,22,19,16,14,15,23,17,20,20,17,10,19
"1410383",20,32,13,15,18,12,7,10,10,7,14,12,5,10,23,10,14,9,12,12,7,11,14,8
"159191",21,21,32,28,17,30,9,25,21,19,11,20,13,17,15,24,30,17,18,26,19,10,10,28
"1811193",32,25,14,23,24,22,19,24,6,18,4,17,7,12,18,15,26,16,21,7,12,19,20,16
"1868794",10,4,8,8,32,0,1,3,8,3,3,4,2,15,5,1,4,1,7,4,20,27,5,2
"1870984",13,20,21,18,21,22,16,32,14,14,15,10,12,12,18,19,18,13,15,18,16,17,22,7
"1929246",32,26,31,24,24,24,15,28,21,13,16,17,18,20,16,13,22,16,18,21,18,13,23,21
"2002831",23,20,32,20,23,19,17,28,26,19,22,15,9,21,15,14,11,29,12,21,10,25,17,24
"2006115",22,32,19,27,24,29,20,26,8,12,17,32,19,13,17,12,15,12,17,14,10,27,14,23
"2102",26,19,12,25,32,23,7,27,11,12,10,4,9,10,7,6,13,11,8,9,11,12,9,17
"213",28,31,20,23,26,32,14,19,7,9,13,13,18,7,15,12,23,16,22,18,11,20,23,19
"2325",23,32,21,25,24,15,8,23,16,17,11,26,7,10,11,11,15,12,18,17,15,15,16,24
"247481",32,18,19,17,12,19,13,19,5,15,15,19,8,6,11,13,13,7,19,7,8,18,4,11
"2483366",25,27,32,26,21,31,23,24,12,11,14,17,14,14,18,13,23,18,28,26,23,15,17,20
"252967",25,29,32,30,26,25,16,27,15,5,12,19,20,20,12,21,31,15,15,19,9,21,16,25
"2560251",31,17,23,30,20,32,23,19,28,21,25,19,15,19,23,19,20,23,18,24,23,28,20,16
"2590551",32,27,27,14,22,24,17,20,15,11,11,23,16,12,17,10,27,5,12,9,21,16,16,11
"2599308",23,28,26,32,26,31,17,16,15,21,13,15,13,14,19,15,28,10,18,17,15,28,22,19
"2666127",7,5,28,8,32,4,5,3,18,2,2,5,4,10,16,2,6,6,18,3,24,22,2,5
"2768165",23,16,32,11,15,21,13,21,27,18,24,25,17,15,13,19,29,21,22,13,11,12,17,23
"2785331",32,16,26,18,20,29,10,20,9,15,13,21,12,16,11,10,19,6,21,12,15,25,9,15
"2841264",7,12,16,8,32,18,9,15,10,8,11,15,8,9,6,7,13,3,10,9,5,20,3,6
"2864101",32,23,24,9,15,14,21,24,11,15,15,12,10,12,12,13,14,19,18,10,9,17,24,18
"2940302",19,32,25,19,11,25,17,20,10,9,16,21,14,19,6,14,15,13,12,13,7,11,10,10
"2956463",17,15,18,24,23,32,28,17,14,21,19,20,14,14,20,26,15,20,21,21,19,12,19,16
"2983836",27,32,19,17,21,20,28,20,7,25,26,25,12,10,25,13,28,17,15,20,15,22,17,11
"3040675",32,23,14,26,17,21,23,16,22,20,13,21,31,18,20,16,25,27,17,16,21,13,21,30
"3049084",19,25,30,4,17,22,17,11,8,9,12,14,10,8,6,12,13,5,32,10,7,17,6,9
"305899",17,30,16,11,11,32,11,25,12,14,11,14,11,12,7,16,16,14,10,13,10,9,3,6
"3074145",21,32,16,13,24,11,7,15,4,7,2,12,5,4,7,4,16,6,15,4,2,9,4,8
"336988",26,29,22,17,23,32,9,15,14,16,11,17,14,19,19,17,29,13,17,26,14,24,31,19
"347208",32,6,8,10,20,3,15,7,6,4,5,17,3,6,2,3,1,5,20,0,4,8,4,2
"36835",26,21,22,31,12,31,10,12,9,12,9,32,13,7,11,15,19,14,26,11,16,19,8,20
"375175",30,31,15,28,18,32,15,18,14,18,20,25,12,16,32,15,20,19,26,19,13,28,17,26
"394958",27,28,24,31,16,32,12,22,21,11,12,14,17,7,14,5,19,17,7,13,11,22,17,12
"470150",14,9,18,11,10,32,10,15,7,7,6,15,7,5,5,11,7,11,13,7,6,7,9,5
"480520",32,22,23,12,21,29,5,23,9,7,7,18,3,5,13,11,16,10,24,10,5,6,5,21
"489910",32,28,25,25,16,15,24,21,21,13,15,10,10,30,15,10,20,10,13,10,14,18,22,18
"507763",23,32,13,19,18,23,20,19,9,9,13,14,20,7,12,13,16,8,14,17,12,12,15,25
"511746",27,32,26,32,32,19,12,25,20,18,18,22,26,27,7,17,27,12,22,14,16,25,26,28
"54261",27,22,25,23,22,22,21,26,24,22,19,16,15,22,12,27,22,29,24,18,15,21,32,19
"56877",24,27,24,17,28,31,16,32,20,16,16,18,15,24,10,8,13,10,21,12,15,18,22,21
"57037",32,17,17,7,17,15,10,17,26,16,11,14,5,21,18,12,13,9,9,6,21,21,18,10
"57705",20,22,32,32,19,24,18,21,12,22,25,22,27,19,24,29,24,19,21,15,20,14,21,18
"77021",23,23,18,10,15,17,18,32,6,16,9,20,8,17,17,8,16,12,19,9,12,14,12,15
"82348",16,32,21,19,23,17,15,26,15,11,17,27,11,17,10,8,23,9,21,18,17,14,13,15
"868131",10,19,14,19,11,20,19,18,16,19,8,11,17,14,3,5,17,9,12,10,8,32,9,22
"103690",31,23,25,21,19,18,6,12,21,12,16,18,10,18,13,10,28,22,18,20,12,26,18,13
"109472",31,23,11,19,19,24,13,20,8,7,6,12,6,12,9,10,6,9,6,13,8,9,9,19
"114527",17,24,24,23,11,31,9,20,12,10,13,17,10,15,9,11,24,11,17,11,17,17,11,31
"1182",31,18,17,24,26,26,26,28,20,16,22,31,9,16,24,23,21,20,7,22,12,9,12,26
"1302376",31,21,28,28,18,26,15,13,10,15,10,19,14,12,19,14,23,12,20,15,11,31,9,16
"1345",31,25,28,15,24,27,13,24,10,15,11,21,10,15,17,13,19,17,14,19,17,25,18,28
"1381597",27,30,22,21,23,25,15,20,11,10,7,27,16,17,18,9,13,8,15,11,16,31,21,18
"138563",19,27,17,19,20,31,6,14,7,13,14,10,11,6,5,17,12,4,11,17,10,12,19,13
"1470540",19,22,22,31,28,12,7,21,17,20,15,13,8,11,16,10,11,12,23,10,22,22,11,14
"1476",20,15,31,23,24,19,9,12,14,2,15,6,7,10,17,10,6,9,16,10,12,28,10,9
"1591088",22,17,24,31,20,20,10,18,9,21,13,29,10,16,12,14,27,20,7,18,12,18,18,19
"1623280",23,17,15,23,9,31,20,16,12,18,13,18,16,13,20,16,23,16,7,8,20,22,23,6
"169402",10,27,12,22,17,19,11,31,10,11,13,12,10,5,6,8,16,12,16,9,10,25,11,13
"1699624",16,22,22,13,25,22,22,20,13,15,11,18,10,12,5,11,28,14,10,14,11,31,23,6
"1702250",30,27,19,18,20,31,13,20,13,15,9,29,17,13,14,13,14,12,24,18,15,21,12,9
"1706372",29,31,17,20,16,10,19,19,12,13,15,14,8,8,9,10,9,7,12,12,8,17,12,12
"1720083",17,31,24,22,12,25,20,17,21,10,19,20,22,13,27,21,14,16,20,14,17,16,15,22
"1778262",26,28,29,12,25,23,23,21,16,16,17,31,17,14,15,15,21,16,17,13,12,19,22,18
"1821960",30,31,25,30,21,26,24,19,21,29,15,18,14,25,16,21,24,22,17,30,24,16,24,21
"189834",31,21,14,18,25,8,8,19,6,7,9,20,10,6,11,10,12,9,10,6,7,17,11,17
"1911586",26,25,22,15,21,31,8,9,14,6,15,16,5,10,7,2,14,9,9,14,20,14,12,6
"1933929",31,23,27,31,27,25,17,20,13,12,12,21,19,11,19,17,17,21,13,14,10,11,19,12
"198",21,31,30,20,26,16,13,19,19,17,21,14,14,18,24,9,16,15,21,25,15,17,14,27
"1982880",14,31,23,22,20,13,15,15,11,15,15,14,14,16,13,24,10,15,15,23,14,16,22,19
"2033438",26,31,18,20,26,22,14,22,15,26,19,22,12,25,18,22,31,13,12,15,10,17,16,15
"2068654",17,31,27,16,22,26,23,18,15,13,20,19,19,16,18,29,11,22,21,21,19,24,17,16
"214473",20,21,19,28,31,12,7,21,13,11,4,21,11,7,7,13,16,7,11,7,15,12,16,15
"2169658",28,24,27,24,31,27,19,21,11,19,13,30,24,8,11,20,24,20,24,18,18,27,24,19
"2358187",22,23,31,17,28,16,16,14,9,17,20,17,12,9,16,21,17,23,21,11,8,13,16,22
"2490855",31,19,14,11,12,30,8,13,13,10,15,11,12,9,10,11,19,10,18,13,10,21,14,18
"2588535",19,27,29,24,27,23,19,17,19,24,18,25,9,31,20,11,21,12,25,17,11,14,22,16
"2589990",19,31,15,20,17,20,7,6,19,9,16,16,9,18,12,7,20,9,22,19,11,19,22,17
"2704654",19,21,16,19,23,31,18,15,16,11,9,15,5,13,5,11,13,12,13,13,3,16,11,15
"2704655",21,9,13,23,24,21,5,31,9,15,6,15,10,14,6,3,15,10,16,7,18,9,18,12
"2709304",23,18,21,21,17,31,18,19,10,15,18,24,13,16,10,22,25,18,19,18,24,17,15,17
"2762286",11,31,26,21,22,21,8,19,7,9,6,13,5,6,15,4,15,3,18,4,17,16,4,16
"2764325",31,26,18,23,25,27,11,26,15,18,16,29,9,23,10,11,16,6,28,20,9,22,13,19
"2764326",26,29,31,17,20,25,8,16,13,11,8,5,8,8,12,8,10,5,18,11,8,15,10,24
"2772254",21,24,31,30,27,31,19,29,20,13,8,23,16,20,18,27,17,19,13,15,23,18,13,10
"2773264",23,31,23,15,15,18,9,16,16,16,18,16,13,17,15,11,15,19,16,21,11,10,18,13
"2778053",22,18,15,31,9,14,10,12,6,10,7,16,8,12,7,9,15,7,8,10,10,8,14,14
"2782231",26,25,29,19,23,12,11,31,7,11,5,20,5,6,4,3,8,3,19,8,14,21,15,18
"2866282",21,21,31,20,23,18,22,17,23,17,11,12,11,12,10,13,19,10,20,13,10,13,10,7
"2885981",2,31,11,13,14,8,10,16,11,9,12,18,17,5,8,6,8,8,10,7,14,9,12,3
"2890406",18,18,28,16,5,24,11,31,6,11,12,17,14,8,17,16,17,16,20,14,16,19,15,21
"290335",21,31,16,12,21,21,12,21,9,9,6,19,8,7,6,4,9,14,7,11,10,8,12,17
"2908211",21,31,18,13,16,29,16,14,22,11,9,22,10,15,9,10,24,10,13,17,10,22,18,14
"2919598",16,19,12,12,12,18,5,31,8,17,17,23,10,10,11,10,20,14,17,11,13,13,12,16
"2931922",28,31,30,23,17,23,3,13,12,7,7,16,11,14,7,11,21,13,26,14,12,24,15,17
"2939731",31,26,16,16,29,18,7,10,14,19,14,20,16,6,12,9,10,6,15,18,18,13,8,20
"2955843",21,7,3,9,8,31,0,3,0,0,0,2,0,1,0,0,0,0,1,0,1,3,0,0
"2983215",30,18,27,17,20,31,12,20,5,8,13,19,5,13,15,14,18,11,25,11,13,11,7,20
"3015165",27,31,14,12,18,16,24,19,8,14,16,7,15,18,24,14,4,14,13,17,7,18,12,10
"302167",20,20,31,13,27,14,12,18,11,10,12,16,6,15,17,18,12,6,27,7,5,20,12,10
"3050243",31,23,15,16,20,14,22,15,11,17,15,13,7,24,15,17,18,14,13,8,10,17,16,5
"3050271",19,31,22,22,20,26,21,25,12,18,23,20,19,19,11,19,18,13,19,18,15,18,14,12
"3050324",19,23,31,28,26,18,29,15,25,26,17,18,19,20,30,29,30,18,22,19,24,20,12,24
"3059081",19,31,20,17,18,26,24,13,31,23,20,23,19,16,22,31,13,23,16,20,20,21,22,17
"3072977",23,27,31,25,22,25,27,26,25,18,14,19,18,23,23,20,18,15,23,27,24,26,12,20
"33046",21,22,13,19,15,18,11,19,13,9,15,15,6,21,15,16,11,13,19,18,5,31,10,18
"33056",21,23,14,31,12,17,14,22,10,12,22,12,17,18,14,10,12,11,14,11,19,16,17,18
"33926",25,31,30,20,19,21,17,16,15,10,11,12,11,10,14,9,18,17,13,16,16,23,11,18
"33936",31,22,17,5,22,13,11,13,15,8,11,13,5,11,14,7,17,5,12,11,12,18,6,15
"33989",18,26,31,20,12,23,7,12,16,11,12,20,16,15,19,9,20,8,10,7,6,13,13,16
"470933",16,24,31,24,26,27,16,18,18,16,16,26,14,19,10,17,25,22,23,15,18,19,19,17
"489",23,21,17,24,31,20,14,18,13,14,13,18,18,21,8,15,9,17,21,6,17,19,14,18
"54005",31,14,16,19,20,18,3,12,10,7,8,14,10,6,5,7,18,8,11,9,7,10,14,15
"54254",20,31,25,25,9,14,14,17,15,21,20,29,20,30,19,18,15,19,23,14,17,25,23,15
"762833",24,22,27,16,28,22,14,24,19,17,8,31,15,14,14,7,21,16,18,15,16,19,12,20
"795748",20,24,15,28,23,16,18,15,10,17,20,13,7,18,14,27,18,17,14,23,18,16,31,6
"856",31,24,28,19,21,20,4,14,13,6,15,10,7,13,10,6,14,13,11,6,10,14,13,18
"946435",31,19,14,25,19,18,14,10,15,12,9,15,13,11,8,16,17,15,16,8,17,19,10,8
"10258",9,30,5,12,9,11,14,9,13,10,8,8,12,9,17,11,9,12,9,14,4,9,19,5
"106649",19,18,27,30,19,12,16,10,7,14,5,19,9,7,13,6,13,10,10,7,10,16,20,17
"1101",27,25,25,22,30,22,11,20,20,15,20,19,15,15,14,8,20,12,23,18,11,0,10,11
"1113728",30,19,19,15,24,15,9,20,16,13,7,12,7,16,16,15,20,9,15,15,12,23,13,11
"111770",24,30,13,9,21,20,21,23,13,19,19,14,11,10,18,13,12,17,10,12,21,20,22,20
"1129",16,29,30,19,18,12,23,19,15,27,16,28,20,15,18,21,19,16,15,19,19,19,16,17
"129727",16,26,24,22,30,25,19,19,22,20,11,20,18,14,20,13,12,18,15,10,12,14,19,17
"1501662",30,26,16,23,22,27,22,23,15,7,17,18,13,16,13,12,16,16,19,14,11,18,18,19
"152267",30,15,14,11,12,13,10,15,12,15,11,13,5,12,23,13,23,13,13,16,13,21,19,20
"157687",30,21,13,15,15,30,14,11,12,10,9,16,10,11,10,3,15,3,12,10,7,12,8,22
"1623281",20,27,24,19,30,17,18,29,15,24,18,21,14,20,21,15,18,14,23,13,25,28,25,28
"1650",23,30,22,12,19,22,13,16,15,21,20,21,14,9,10,23,26,13,20,22,10,26,8,18
"1817405",11,30,10,10,5,22,6,23,11,9,3,13,9,9,7,11,9,5,16,6,16,18,5,18
"1868734",17,18,18,15,30,9,3,12,18,8,10,11,8,11,13,18,12,12,15,14,8,13,12,4
"187452",10,15,12,13,30,16,8,16,12,8,11,7,5,10,8,10,14,6,12,9,8,6,4,17
"1920752",30,2,2,3,1,0,2,0,2,1,2,0,0,0,1,0,0,0,2,3,0,0,0,1
"1977865",20,28,30,19,22,30,13,23,9,18,7,22,17,14,9,10,15,17,25,11,8,28,19,14
"1982900",30,16,16,21,22,8,13,14,15,9,12,10,11,12,10,7,19,12,12,10,21,19,11,10
"2066483",22,18,16,13,24,30,13,17,11,4,7,24,8,10,15,7,11,14,15,12,6,28,14,28
"2148",22,28,19,16,29,20,16,30,5,11,9,11,11,12,10,11,16,7,15,7,9,17,4,12
"2223",22,26,18,30,16,18,13,21,14,14,15,14,5,11,3,14,16,13,19,10,9,29,18,15
"2319",18,16,26,20,26,26,21,26,22,16,18,18,30,17,10,26,25,18,10,21,20,13,25,21
"2322",30,30,21,22,21,18,20,18,18,16,12,19,24,21,16,8,15,8,10,7,8,14,8,8
"2560848",15,8,9,9,30,18,8,5,1,6,5,4,6,4,7,3,7,9,18,4,11,8,12,3
"2575699",28,30,24,16,24,25,15,26,6,11,8,23,10,9,10,9,29,9,24,9,6,16,14,19
"2579791",18,16,22,24,12,25,19,24,30,12,17,13,14,16,22,17,12,17,16,14,13,17,18,12
"2587529",15,25,13,30,22,15,18,16,17,6,18,17,10,17,18,14,27,19,20,13,9,12,11,14
"2587843",23,30,14,19,29,18,15,27,13,14,9,27,7,17,8,17,24,25,16,14,15,13,21,25
"2594042",22,16,21,28,24,29,15,23,11,20,5,30,12,15,11,11,17,8,28,14,13,20,7,16
"2675713",17,12,10,11,9,30,6,5,10,9,9,8,8,10,11,12,13,7,5,15,5,6,2,10
"2695882",9,14,21,14,14,16,15,10,16,9,12,16,15,10,11,9,15,10,22,14,12,30,9,9
"2734195",18,21,16,23,19,28,19,28,30,16,19,24,14,18,17,14,13,16,23,16,14,17,14,10
"2773709",29,30,28,22,18,16,10,21,20,10,16,17,9,9,9,13,25,16,29,13,10,17,10,18
"2778060",26,20,25,21,18,30,9,24,17,6,18,21,13,24,12,21,14,9,17,11,8,28,14,21
"2778066",20,25,28,30,10,20,10,16,21,12,17,9,19,14,8,20,17,13,11,11,14,15,14,7
"2778067",16,30,6,14,12,7,10,7,7,3,8,5,4,6,7,8,2,13,9,4,10,12,6,7
"2818469",18,11,11,12,30,14,9,14,10,19,8,25,9,5,11,3,8,7,14,3,8,16,4,8
"2831890",30,24,18,23,21,12,11,19,23,21,10,16,17,13,17,8,23,15,13,13,13,16,15,10
"2841063",28,24,19,17,30,28,12,16,15,17,14,9,15,12,7,8,8,13,16,9,16,11,14,6
"2864103",26,24,24,30,21,21,21,22,27,25,28,14,26,23,21,22,21,16,15,16,17,10,19,25
"2937909",23,28,22,20,30,23,17,16,16,11,15,18,11,26,13,18,17,24,20,25,14,17,14,17
"2940299",25,30,14,21,25,23,16,19,26,17,18,19,21,14,11,21,21,14,16,24,12,22,17,16
"2948708",30,27,21,24,16,24,12,11,9,21,17,18,15,20,14,17,9,15,10,20,14,12,10,16
"29562",26,25,27,25,19,30,16,28,26,15,8,19,19,15,14,18,26,11,30,13,16,25,15,16
"3034674",15,25,10,18,12,26,24,10,8,11,18,30,13,7,9,9,20,15,16,11,6,16,10,12
"3040201",30,27,28,22,15,18,20,12,15,16,11,27,8,6,18,16,27,14,15,18,22,14,23,18
"3072978",14,23,23,23,28,21,12,13,22,12,9,21,12,22,15,13,17,16,30,22,28,29,9,12
"46541",28,29,30,17,22,12,12,7,16,11,6,12,9,7,8,9,11,14,15,12,11,15,5,12
"511435",30,29,30,23,21,30,11,22,10,9,15,26,7,11,10,10,30,8,18,11,15,28,8,10
"56193",25,14,11,30,19,12,7,25,8,12,14,13,13,9,8,11,6,8,29,13,8,18,15,11
"59195",11,24,22,21,16,26,5,30,14,15,11,19,10,18,13,20,17,14,16,17,15,22,28,14
"658641",28,30,24,24,23,16,20,9,19,14,9,26,9,11,18,13,25,17,15,6,21,20,15,28
"68288",22,30,18,11,17,19,6,15,9,6,11,16,3,9,6,3,19,8,21,7,4,11,16,21
"70255",30,22,29,24,21,14,13,23,19,14,13,22,4,15,16,9,15,12,12,11,7,23,8,5
"70258",30,14,18,26,13,14,17,30,27,19,17,15,11,22,19,6,17,10,27,17,7,20,14,14
"751585",30,26,14,17,11,30,17,22,17,7,11,18,5,14,15,11,22,9,24,17,9,9,10,19
"76936",19,30,15,13,19,16,11,10,6,6,17,13,13,16,13,11,7,12,19,17,11,13,8,16
"77022",18,17,15,12,24,17,18,17,10,15,11,30,7,15,12,8,16,9,12,21,12,15,19,18
"850",30,21,11,20,11,18,8,17,5,10,5,12,6,9,10,10,8,9,16,3,13,10,2,19
"93929",25,22,26,21,13,12,13,30,16,13,9,23,10,16,17,15,12,14,11,18,10,14,24,15
"1076626",28,18,20,25,26,22,15,19,10,15,16,29,12,15,14,15,18,18,25,10,22,18,15,16
"1096856",17,13,11,13,11,17,9,26,21,11,29,5,7,11,14,15,8,14,16,17,8,15,9,14
"1136535",22,26,13,27,11,22,8,29,11,4,5,12,7,17,13,6,13,6,6,8,9,9,14,10
"1148157",20,7,29,5,21,7,2,1,6,3,1,8,1,2,0,7,3,2,5,4,5,4,1,6
"1163",17,29,14,17,19,23,20,20,12,21,10,26,25,13,10,27,24,22,14,26,14,10,18,12
"120212",20,24,18,26,25,29,10,13,23,19,16,18,17,20,20,12,23,11,21,13,5,28,9,12
"1222016",29,24,20,19,26,25,16,18,23,14,24,16,18,15,6,7,21,16,16,17,23,8,12,19
"1309",29,22,26,23,15,25,18,25,10,10,13,17,13,9,9,11,20,11,11,13,9,21,16,12
"132604",17,10,17,14,17,18,25,16,18,29,19,16,13,15,10,12,15,11,7,17,18,15,16,21
"1388755",16,25,16,7,17,23,10,17,10,7,10,29,9,3,6,6,15,9,11,7,4,15,12,10
"1424653",18,19,16,24,29,13,15,13,12,15,15,16,9,15,10,12,14,11,12,6,10,11,13,11
"1452732",29,25,19,18,24,28,10,17,13,14,10,16,6,16,9,9,20,7,11,12,4,12,8,13
"1522127",14,18,17,18,29,9,12,12,12,11,1,9,8,9,6,4,14,9,20,7,4,15,13,8
"155085",26,22,20,23,29,21,12,18,13,8,8,17,5,17,13,16,16,11,11,21,15,11,23,25
"1560339",17,15,24,24,18,29,17,20,11,16,18,12,6,16,14,9,20,15,15,17,10,12,10,18
"1573704",29,24,19,20,27,22,10,15,12,17,10,19,11,10,15,16,6,8,21,8,10,19,11,11
"1600",27,18,29,22,15,18,13,9,25,12,9,21,15,14,16,20,21,14,8,12,19,11,14,26
"1605",29,19,19,17,8,29,12,14,9,19,9,8,12,19,11,15,18,10,18,18,15,11,6,6
"1643",29,15,16,11,19,16,15,15,6,16,14,17,15,8,9,11,19,4,10,10,7,22,11,9
"1749074",22,24,29,19,18,24,10,22,13,18,7,13,13,15,8,8,26,6,21,15,10,13,15,18
"176102",23,26,21,18,12,29,12,13,10,17,13,15,7,16,12,13,22,11,7,17,9,11,29,23
"1871109",13,29,10,17,9,26,14,17,8,12,9,12,11,18,9,14,21,11,22,21,9,9,11,18
"1927128",22,27,7,14,15,22,21,23,6,10,13,15,12,7,15,14,29,8,16,13,8,14,19,18
"1965231",26,26,18,29,14,28,16,14,13,18,14,20,8,16,5,9,14,3,10,12,5,17,13,21
"2036037",22,18,24,25,25,12,23,29,22,26,18,16,17,19,21,23,18,11,10,9,18,11,14,16
"2042961",27,15,18,22,19,16,15,29,7,14,12,11,8,6,8,8,10,7,16,2,7,14,11,8
"2204145",20,25,17,15,28,29,14,21,14,26,11,19,20,17,17,23,13,19,20,20,23,22,10,25
"221027",20,16,26,18,12,29,8,15,18,13,8,19,13,9,19,12,26,8,16,23,16,10,25,15
"2419841",17,13,29,26,14,21,12,15,12,10,9,19,8,11,2,14,10,9,14,12,16,14,10,21
"254839",23,10,17,14,27,29,14,8,15,9,11,22,13,14,15,17,15,8,20,17,7,13,10,12
"2724469",23,19,29,12,27,12,23,24,16,17,14,14,13,13,16,13,17,11,10,8,16,15,14,11
"2726954",26,29,21,16,21,16,11,16,14,4,16,21,9,11,3,7,21,10,15,10,11,12,14,17
"2734238",2,1,29,3,3,4,3,4,2,5,5,3,2,4,5,3,4,4,8,6,6,7,1,1
"2745512",27,29,23,28,23,20,18,23,20,18,13,13,11,16,21,16,18,8,22,13,13,17,17,10
"2748316",16,29,25,11,16,24,15,2,8,1,13,14,6,5,9,6,12,10,11,19,7,17,10,13
"2787629",16,29,23,17,27,28,13,12,16,17,13,21,7,12,8,8,23,10,10,17,13,22,17,15
"2795384",20,29,24,19,16,24,17,24,9,7,17,19,13,7,16,10,13,13,24,8,7,19,18,22
"28035",29,16,26,22,28,18,16,17,13,12,14,23,9,14,9,5,15,11,16,12,8,20,6,16
"2805750",29,23,19,22,11,10,17,25,9,13,10,13,15,7,12,11,10,7,14,17,14,10,14,17
"28107",25,27,19,29,20,20,15,28,15,14,9,27,11,7,16,20,20,18,20,16,21,18,15,19
"2903099",26,9,20,22,21,11,12,22,21,1,12,16,29,9,13,21,11,6,13,8,9,22,11,15
"2929512",11,25,5,6,3,29,1,6,5,3,5,8,5,3,3,8,8,6,4,7,5,9,1,4
"29348",18,29,19,16,17,12,3,10,9,11,9,4,3,11,10,1,9,9,7,4,10,18,5,17
"2948789",19,14,14,16,29,15,16,9,20,10,18,15,22,14,11,16,14,17,11,3,5,13,12,13
"2953752",25,21,16,20,27,24,29,21,10,19,24,17,13,12,13,15,15,13,17,18,16,24,15,19
"2956470",15,29,15,8,10,25,8,18,16,13,5,13,16,9,13,13,12,13,10,9,13,16,10,6
"3050252",14,21,15,15,19,23,16,13,29,25,15,14,17,11,14,17,14,13,15,15,16,9,12,10
"3050322",27,14,20,23,19,22,15,21,19,24,11,25,18,21,29,23,21,27,19,24,16,20,12,22
"3050336",29,29,26,10,13,14,17,7,17,18,20,11,14,19,17,16,13,18,7,23,13,18,19,14
"308354",22,29,24,20,18,18,9,19,3,7,10,12,7,13,7,10,20,7,9,17,5,21,11,13
"317658",19,23,23,11,26,29,10,22,8,14,8,14,7,11,10,13,13,9,9,13,15,17,14,21
"33043",29,24,17,9,12,25,11,21,16,11,11,25,13,18,16,25,17,12,18,10,16,15,14,12
"417368",25,17,16,12,29,14,12,22,8,8,9,25,8,16,11,5,12,7,21,7,14,11,6,10
"41980",29,8,19,18,12,13,16,17,7,9,11,19,11,9,10,5,11,11,21,6,5,13,14,10
"53344",17,25,27,14,20,29,9,23,11,16,5,23,12,15,10,13,24,13,17,9,9,18,18,15
"589437",19,26,16,16,29,22,14,12,16,11,7,11,6,10,3,4,25,7,12,6,7,12,9,20
"637",15,26,21,23,26,15,13,23,15,6,9,16,10,15,13,13,12,13,27,8,14,19,8,29
"70348",29,21,10,20,28,26,18,27,11,13,10,26,9,11,19,17,16,8,21,8,13,25,15,23
"762",29,21,15,27,25,18,11,20,15,13,11,25,14,13,12,10,20,20,21,9,9,12,14,7
"770",27,27,21,28,29,19,20,23,16,15,18,20,17,27,17,13,22,21,18,18,19,10,11,18
"82688",15,22,27,25,19,29,19,21,13,13,3,15,2,19,10,8,21,7,12,6,4,5,13,20
"861914",29,8,11,12,14,16,4,11,7,9,8,9,2,5,4,7,13,3,17,4,8,15,9,8
"97138",26,13,17,29,18,27,12,23,13,12,18,29,15,12,3,16,20,7,26,11,5,20,9,22
"985782",23,25,17,23,22,29,10,17,9,11,4,14,7,9,14,2,7,10,15,9,8,11,20,12
"10294",26,17,11,28,19,24,12,12,21,11,12,12,13,9,13,12,22,12,24,11,16,17,15,18
"1054033",10,17,9,12,14,13,14,9,9,5,9,8,6,7,4,6,12,2,28,3,8,6,12,10
"114528",28,22,17,17,20,24,10,22,7,14,11,21,7,10,12,7,21,13,20,9,12,17,19,10
"1240404",22,21,18,19,17,18,18,18,23,19,28,20,12,14,15,15,12,25,16,10,11,17,11,11
"1267021",20,21,4,16,16,18,7,27,8,11,14,21,8,7,7,12,28,9,20,7,13,13,12,11
"1328",18,15,10,19,14,21,13,28,9,10,13,13,11,12,9,13,21,11,14,14,5,10,7,18
"1415657",21,15,27,26,28,17,7,18,9,7,10,16,9,11,8,14,13,9,10,9,5,19,13,14
"1623295",16,28,12,12,13,19,16,14,11,16,11,18,4,10,8,10,11,14,9,10,6,7,16,13
"164451",7,11,7,28,11,15,13,12,12,12,10,12,4,12,15,12,17,7,6,15,3,8,13,9
"166935",27,21,19,21,28,27,19,16,10,16,18,26,7,15,14,10,28,10,16,12,15,21,9,27
"185008",28,14,24,9,26,16,17,23,20,13,14,17,16,20,13,21,21,21,21,19,14,16,14,15
"1896175",28,16,17,17,18,21,7,21,7,3,4,15,4,3,9,7,16,6,23,4,5,16,7,22
"1921582",20,16,18,18,28,19,13,13,16,20,15,15,14,19,21,19,20,25,15,14,14,19,15,18
"195498",19,16,20,28,9,15,10,11,13,16,16,7,14,18,9,7,13,13,9,16,5,12,17,13
"1982152",18,2,14,8,26,15,4,23,1,2,6,28,0,2,3,2,6,0,14,1,2,11,0,5
"2093",13,25,14,7,20,28,6,11,10,8,11,12,3,13,13,10,19,12,14,11,12,12,10,13
"2202",22,28,5,10,10,13,12,9,6,9,9,12,9,22,8,13,24,9,12,10,12,18,20,14
"2496265",25,18,22,14,28,24,23,18,13,15,9,15,8,11,7,7,13,7,19,18,24,21,13,8
"2579250",19,28,26,21,23,21,25,18,14,26,9,20,12,11,20,11,22,14,15,15,9,17,19,22
"2583452",22,19,15,15,19,20,7,28,9,8,3,16,3,6,5,11,17,11,10,9,5,15,14,15
"2584467",23,26,27,15,25,23,19,17,28,18,14,25,14,17,20,17,24,24,15,13,12,20,21,12
"2593672",19,20,16,11,15,28,5,15,5,9,9,17,6,14,9,12,8,11,14,11,7,19,8,20
"2601575",24,18,22,28,14,18,15,10,18,5,13,5,11,11,10,7,15,12,14,18,13,11,13,12
"2607911",28,7,10,7,12,7,6,10,10,4,7,13,6,9,6,2,5,3,18,8,4,14,7,11
"2652721",27,28,22,10,18,21,14,11,10,16,16,22,8,8,12,14,15,16,12,17,11,20,12,24
"2703794",24,22,28,20,17,17,20,15,16,12,20,18,13,14,15,10,12,15,16,6,12,15,11,13
"2767879",17,24,17,13,19,28,10,9,8,12,13,7,4,15,15,6,12,8,15,8,7,25,10,19
"2770636",26,22,28,13,23,23,14,15,22,10,6,25,5,13,20,11,19,14,14,15,9,12,8,14
"2815361",5,14,14,21,15,16,28,28,17,13,24,12,19,9,15,23,15,7,14,20,19,12,9,10
"2856522",28,25,11,15,20,6,4,26,6,3,4,17,4,3,6,11,5,1,12,7,4,22,4,11
"2916816",14,7,15,1,9,12,6,28,11,6,5,13,9,13,7,3,13,7,12,6,11,2,6,5
"2929489",25,28,26,22,26,27,28,24,23,13,23,22,24,23,19,23,19,17,20,22,23,19,12,22
"29378",17,19,21,18,10,28,9,20,13,3,11,8,10,6,16,16,18,15,20,6,11,16,16,16
"29382",14,17,16,13,28,28,11,22,5,17,4,18,12,9,8,9,15,6,19,7,9,11,9,11
"2940300",20,28,15,15,19,12,19,14,6,16,26,11,14,16,7,10,18,19,6,13,12,18,24,17
"2956529",23,13,28,10,19,26,21,10,16,24,10,17,10,14,15,17,14,26,8,13,11,15,19,16
"2991054",16,17,23,21,26,17,9,17,16,24,14,28,7,14,12,12,15,6,18,20,13,22,10,20
"3025665",14,19,13,14,10,18,13,5,12,10,15,7,4,6,9,13,8,6,9,2,13,16,11,28
"3031993",26,28,11,18,20,16,9,15,13,23,22,25,16,10,5,17,7,12,21,9,9,26,16,15
"3070656",28,24,15,13,13,27,6,15,11,8,16,18,2,10,5,13,13,9,28,23,7,16,13,19
"319318",8,19,28,18,8,15,10,14,16,6,13,15,13,17,17,13,9,6,13,16,7,12,13,16
"33962",14,26,19,17,21,28,14,18,14,15,12,21,15,17,8,11,18,11,19,14,20,22,19,14
"39441",28,15,20,13,19,20,5,19,8,13,14,8,7,14,9,6,12,10,14,5,6,12,9,15
"39496",21,11,20,19,28,26,16,21,16,13,9,10,12,13,8,9,9,10,15,12,10,8,7,12
"39669",8,23,23,28,10,23,14,14,15,14,19,13,21,17,26,16,10,4,25,15,16,13,17,16
"400060",18,19,28,18,18,17,11,10,20,11,10,16,4,9,8,21,15,15,17,12,19,17,11,16
"43080",20,14,12,28,21,13,16,8,5,10,13,18,9,11,8,7,6,6,10,8,6,13,7,11
"446372",21,28,17,13,20,19,11,9,8,16,14,9,16,18,10,17,22,15,17,11,24,13,13,9
"45498",28,14,20,10,8,14,7,15,3,12,9,18,8,12,12,3,9,6,4,10,7,4,7,6
"46124",28,17,28,12,12,26,17,24,12,19,19,22,8,27,15,16,19,14,16,16,11,21,14,19
"484",22,22,16,24,28,20,26,17,15,13,23,25,11,20,24,14,19,19,9,21,14,14,11,21
"513050",16,14,22,26,28,14,17,21,11,7,10,7,9,14,4,8,14,9,10,21,10,4,16,12
"51668",20,14,12,28,10,20,7,10,15,11,9,22,16,8,12,14,11,10,11,15,10,11,8,12
"586733",28,13,8,7,20,12,9,13,5,3,8,11,5,4,7,3,10,12,12,9,10,8,4,8
"64898",25,28,27,19,27,23,12,18,18,17,21,18,10,11,12,12,14,11,13,16,15,15,19,19
"69499",28,13,20,26,19,7,14,9,17,8,13,11,10,10,11,17,19,19,12,13,15,8,18,13
"718217",19,27,15,28,17,21,18,13,14,11,19,18,19,19,12,7,19,11,7,14,20,21,7,19
"76517",21,8,16,15,28,17,6,10,9,6,10,12,6,15,11,9,13,7,11,9,6,5,7,10
"877455",23,11,28,24,23,16,7,26,17,10,15,7,20,17,10,1,14,6,16,14,9,12,19,16
"1032072",22,18,22,21,10,25,10,15,18,11,17,19,5,13,15,8,13,6,16,10,12,27,8,7
"10702",14,12,26,12,27,25,13,17,9,20,14,16,10,14,13,14,13,8,13,13,6,11,15,9
"1080223",18,27,5,18,6,19,8,12,3,4,6,7,4,11,4,4,7,4,4,3,6,11,2,14
"1190813",23,24,17,26,26,27,18,26,14,19,17,18,10,21,11,14,18,10,18,7,10,13,13,11
"129726",27,8,12,13,18,11,12,25,11,17,8,14,18,12,8,22,10,16,17,9,9,11,4,8
"1322",24,26,19,16,23,27,13,18,14,12,4,17,9,10,8,14,21,19,14,10,13,27,19,17
"1341",25,27,13,16,14,14,16,14,18,12,9,25,8,16,19,14,21,8,23,12,12,17,15,9
"1443036",9,27,16,16,14,22,7,14,11,6,10,15,7,9,12,16,6,5,22,9,9,18,5,12
"151781",15,14,15,18,13,27,17,11,12,19,9,15,6,10,19,9,11,9,10,16,13,12,17,9
"157692",22,18,14,15,10,27,9,11,9,6,11,15,4,9,7,4,5,8,8,10,9,9,10,14
"1628248",27,17,15,12,26,20,5,17,10,9,3,10,3,8,9,3,17,4,6,6,3,24,5,7
"1676142",27,16,25,17,16,27,17,19,14,17,11,23,16,9,12,8,23,9,8,16,7,13,11,13
"182262",21,16,19,13,24,22,9,18,12,6,7,18,11,20,14,11,18,9,27,14,15,16,9,11
"1982626",27,19,12,16,27,21,14,13,12,9,8,13,5,6,9,4,17,8,13,7,13,19,6,8
"2007306",7,10,9,6,4,5,4,27,6,5,2,10,2,1,5,4,4,3,3,11,2,11,4,6
"2018305",26,20,21,25,12,18,11,8,8,7,16,16,10,10,11,5,20,16,11,10,4,27,12,16
"2053287",15,23,18,20,15,18,13,14,11,6,12,15,3,10,21,13,19,6,14,11,27,13,13,16
"2160",24,27,23,25,15,27,12,19,14,17,16,18,16,23,7,5,21,17,17,18,16,14,13,25
"2187",27,10,11,24,16,22,27,20,22,13,20,13,19,15,12,5,15,13,11,12,13,22,24,16
"2234087",27,27,12,16,17,19,10,16,14,8,13,15,13,15,16,15,21,11,23,10,15,16,13,10
"2261",12,19,12,27,14,14,11,13,20,8,13,8,11,11,17,5,14,12,9,13,16,12,5,17
"233181",12,11,14,22,11,10,8,19,12,6,9,12,9,10,7,4,27,5,12,5,8,9,10,12
"235",13,25,27,26,27,19,20,19,17,9,19,15,12,20,8,16,16,15,20,15,9,16,21,24
"2500132",27,20,9,23,14,9,5,11,10,4,6,8,8,4,6,7,14,11,9,7,10,13,13,14
"2509341",25,21,15,24,20,27,15,21,17,17,20,27,13,18,14,16,10,18,24,10,10,12,9,16
"2557993",19,27,22,27,17,20,18,14,11,10,11,12,13,7,17,10,22,7,9,9,11,14,6,17
"2563896",24,27,17,25,18,24,15,23,13,9,10,12,6,12,17,10,14,11,22,12,16,12,8,15
"2662362",18,18,17,27,23,26,14,26,14,9,16,23,12,20,9,20,12,14,15,14,13,14,9,19
"2714928",27,15,25,11,12,13,4,20,6,3,6,12,5,7,3,7,8,6,13,3,5,8,5,4
"2734277",10,4,10,8,19,4,4,27,3,4,7,2,1,6,4,1,3,3,11,1,0,5,0,3
"2735436",24,22,16,24,16,27,13,15,17,12,14,13,14,13,13,15,11,13,21,15,12,23,8,14
"2748",26,27,20,17,13,25,16,17,16,9,9,26,13,14,12,11,21,17,20,8,17,23,11,25
"2755338",26,24,18,16,12,19,15,13,6,17,8,19,9,14,23,11,21,7,27,14,11,16,15,24
"2844671",10,1,7,3,2,0,3,9,0,2,1,27,0,1,3,0,1,0,3,0,2,10,0,0
"2866570",22,15,17,6,27,13,8,8,12,6,3,12,5,13,10,11,11,5,8,7,13,15,17,15
"2929481",22,19,17,14,27,18,9,22,17,17,12,13,17,11,19,12,13,9,24,8,5,11,11,14
"2955327",12,12,10,14,19,27,12,17,15,15,5,10,14,6,8,15,6,7,8,15,7,11,8,9
"2956386",27,21,9,14,8,11,11,17,13,14,9,17,12,7,14,20,14,10,11,15,10,4,14,12
"303541",27,21,18,11,16,24,6,10,15,10,8,24,6,9,6,7,11,11,14,8,5,14,17,4
"3050334",26,20,24,20,20,10,19,17,25,27,14,23,13,21,18,11,18,21,15,26,15,14,11,17
"33923",19,17,17,23,12,27,6,16,3,4,10,15,1,14,4,5,9,9,6,7,10,7,7,10
"34019",27,19,26,27,21,22,22,18,22,17,23,22,14,16,14,22,13,10,25,16,16,18,16,16
"472834",20,19,14,17,11,27,3,10,4,3,7,22,2,9,14,6,7,3,10,5,6,14,14,3
"56812",16,17,27,19,19,16,12,20,10,20,6,17,18,10,18,10,18,14,25,15,10,13,16,9
"574697",15,22,17,13,27,19,12,21,9,9,11,23,7,17,11,2,14,6,10,18,8,16,10,14
"643214",21,17,14,22,27,18,20,22,10,16,19,8,8,12,12,15,18,13,22,12,18,24,22,22
"650378",19,19,19,14,25,27,7,18,6,8,12,17,3,7,7,9,23,5,19,7,10,19,8,11
"69966",17,17,23,24,26,16,14,27,12,11,12,19,9,16,2,11,23,14,15,11,9,27,13,19
"76634",20,15,18,10,16,17,11,8,12,11,7,27,9,15,9,13,17,10,12,15,5,9,15,12
"89093",20,15,12,23,16,15,13,12,7,13,16,7,3,13,10,6,18,12,17,13,9,10,27,6
"929509",14,27,16,6,25,11,5,9,9,4,8,6,2,4,3,7,2,5,22,1,4,22,12,16
"985043",16,21,16,20,27,22,3,20,7,8,4,14,3,18,6,9,18,6,12,5,11,17,8,18
"104204",11,9,26,16,12,12,14,11,9,12,21,10,17,17,7,7,11,12,10,14,14,3,13,20
"104955",24,15,25,26,14,12,16,15,18,13,13,13,5,14,15,4,18,8,12,12,10,9,9,8
"1244531",16,16,5,8,12,19,7,12,10,3,11,26,11,5,4,7,8,5,17,5,4,15,4,16
"1292",26,13,13,12,11,10,8,8,8,4,7,8,8,8,11,6,12,3,7,8,5,9,3,8
"1338",21,26,15,10,13,10,8,16,19,6,13,16,5,10,9,7,12,5,13,8,10,12,14,2
"1469144",13,12,18,17,18,9,12,10,15,15,17,10,17,10,12,17,13,7,10,17,26,17,10,7
"1547",20,21,18,17,15,26,14,22,19,11,9,18,11,13,13,14,10,5,10,13,14,16,17,17
"1647",25,14,11,13,26,8,6,13,9,8,7,9,7,11,4,12,19,8,11,8,3,14,8,10
"176292",26,26,18,19,20,23,11,9,10,13,13,18,9,14,24,6,17,13,24,19,19,21,20,17
"182141",24,17,17,11,14,26,5,8,10,11,5,13,8,15,6,5,19,10,9,11,8,17,14,14
"1982895",12,21,15,16,17,18,6,20,9,3,9,19,4,9,6,4,24,4,16,5,6,26,4,14
"2021971",14,26,14,19,15,7,8,16,15,9,12,9,3,8,11,13,9,11,10,11,8,9,11,10
"2025808",11,25,6,10,24,15,11,13,13,8,8,16,6,7,6,13,26,7,9,12,12,10,17,10
"2115968",18,22,26,11,9,10,9,8,4,6,5,17,5,7,8,4,9,8,13,8,8,15,10,14
"213421",5,19,20,26,12,13,16,13,9,17,16,13,9,14,11,9,5,14,8,9,17,12,14,6
"2275",26,22,19,16,18,15,11,24,14,19,17,15,19,7,15,15,18,12,16,12,17,9,8,16
"2479393",8,10,26,3,7,1,4,9,6,6,3,7,3,4,6,9,7,3,4,2,4,8,4,4
"2482769",19,12,16,19,23,14,26,18,18,12,26,18,20,14,15,20,18,12,17,14,14,24,19,26
"2508687",26,18,22,18,13,14,10,9,10,11,4,12,6,12,9,5,15,5,13,9,10,17,16,19
"2560150",26,8,6,14,25,1,2,21,3,5,4,6,0,2,0,4,0,1,13,4,1,6,1,2
"2560778",8,15,7,7,7,9,8,6,2,7,3,19,3,8,3,7,2,6,26,14,7,9,7,3
"2560783",17,1,26,2,20,0,0,15,0,4,2,6,0,4,0,0,2,2,9,0,0,8,0,1
"2571750",15,26,13,17,10,15,11,10,8,9,14,15,12,7,8,13,11,9,7,3,11,13,8,9
"2594495",26,15,19,14,9,13,12,10,10,13,7,10,8,8,8,10,6,8,18,9,10,25,9,10
"2614801",12,25,22,10,9,26,13,13,10,15,12,13,12,14,14,11,10,8,6,10,12,10,11,15
"267818",24,16,13,22,22,26,14,14,8,8,14,13,11,13,16,20,18,12,7,11,7,21,15,14
"2720720",21,26,10,13,10,12,6,21,9,11,7,7,3,8,4,5,10,6,8,9,6,20,11,5
"2734292",19,15,18,19,13,17,20,17,12,18,22,14,16,11,8,16,26,23,17,21,15,12,11,15
"2751179",18,16,24,15,26,12,9,22,9,8,14,13,13,12,13,4,12,10,21,9,10,13,12,16
"2775245",15,9,4,26,8,17,2,7,5,7,8,5,5,1,5,6,4,6,1,4,9,2,5,13
"2778063",17,22,15,21,19,21,18,20,13,19,14,26,9,20,10,14,18,13,7,13,14,10,12,13
"2781774",9,26,8,8,9,23,6,11,4,9,4,6,3,2,6,7,7,6,9,5,9,8,1,18
"2817385",20,26,16,12,24,24,12,21,14,12,9,9,15,18,11,12,17,13,14,23,10,15,19,12
"2840180",21,12,21,12,26,9,7,20,8,12,8,11,10,22,10,14,13,9,12,6,9,8,6,7
"2871175",26,9,7,5,6,4,2,1,2,6,5,7,0,5,3,4,3,2,10,3,7,6,8,10
"2893572",21,11,12,14,16,26,7,15,10,9,9,9,14,11,8,13,24,8,10,11,6,10,10,10
"2940301",23,19,19,12,26,17,10,17,14,13,8,15,7,12,13,17,19,11,10,16,14,15,16,18
"29461",21,25,8,14,25,26,11,20,22,16,15,24,10,6,5,14,11,26,23,18,18,12,17,14
"2948788",18,12,26,14,10,25,13,8,15,14,19,20,12,10,11,14,12,15,8,11,8,10,24,9
"2995171",26,19,18,17,18,25,12,24,10,15,24,24,7,15,26,11,16,10,17,12,15,17,23,8
"3003601",15,24,9,12,14,26,1,11,5,7,4,13,5,8,10,5,9,3,8,4,7,18,3,16
"3015160",25,16,13,18,13,19,15,14,18,18,26,16,18,9,17,18,14,12,10,17,18,19,8,12
"3036300",24,24,26,22,21,17,14,18,10,15,8,24,14,13,18,20,23,9,18,19,19,15,10,13
"3038653",26,15,16,11,12,17,6,13,12,6,14,17,9,11,8,13,11,10,13,11,15,13,11,6
"322019",26,15,6,25,13,14,2,22,1,3,6,18,2,3,7,6,16,3,15,6,6,8,4,14
"33045",16,26,15,11,15,12,5,16,7,7,7,12,6,3,2,3,11,10,13,6,10,18,8,16
"33970",16,24,17,16,15,17,8,19,10,9,8,13,8,8,15,6,11,10,14,6,0,24,10,26
"33990",6,26,14,5,11,13,7,14,5,7,4,8,5,6,8,5,9,8,6,5,8,6,12,4
"386487",25,12,14,11,24,5,12,16,6,23,10,26,9,5,11,11,10,6,9,11,10,20,10,15
"392332",20,21,10,26,21,22,18,9,6,12,21,9,11,9,18,8,11,18,11,14,13,19,11,9
"41997",18,13,14,16,13,26,9,5,9,6,5,6,7,11,5,6,7,5,11,7,9,6,8,10
"51663",20,14,19,26,16,11,15,13,11,13,6,20,4,15,9,7,6,13,10,6,11,14,6,15
"52133",24,25,22,26,20,17,20,17,24,14,10,17,8,13,12,15,16,13,16,13,14,20,13,10
"526944",14,20,13,16,14,16,13,26,4,8,10,15,9,12,6,6,26,8,10,9,10,17,9,17
"556259",18,11,26,15,15,12,23,14,8,5,7,16,6,5,6,5,13,2,16,7,10,13,8,18
"558314",19,14,9,15,10,11,14,15,6,13,9,8,9,5,6,6,10,7,8,26,3,4,5,7
"65553",12,18,21,19,18,14,14,21,13,13,3,15,7,26,14,5,17,8,11,10,5,12,14,14
"712357",26,9,17,23,13,13,9,10,10,10,9,25,7,11,16,17,8,7,21,8,8,17,12,21
"730",26,22,15,13,19,25,9,21,7,11,10,25,7,10,5,12,8,11,20,13,5,9,14,7
"747548",14,14,15,20,23,14,10,26,9,7,9,17,4,7,9,4,11,13,14,5,5,6,6,7
"788",18,20,12,15,26,20,10,22,6,20,8,19,4,8,6,9,6,12,20,10,8,9,11,6
"803",24,17,25,17,16,26,17,26,6,21,11,14,8,17,18,18,17,23,20,17,10,25,13,19
"877500",26,22,24,21,15,24,19,16,7,12,11,13,4,14,11,13,14,8,8,16,5,8,9,11
"1032623",25,18,14,13,18,16,7,13,7,2,9,10,6,7,5,2,8,6,9,6,7,12,4,8
"1151742",17,11,9,12,4,25,11,16,5,11,11,6,13,9,7,8,17,7,6,14,8,10,9,11
"1231049",25,22,21,15,14,11,13,10,6,7,11,7,9,12,8,6,18,14,19,8,12,11,13,16
"1249",16,19,20,24,14,11,8,9,11,9,14,25,11,13,15,6,15,12,18,13,7,13,15,8
"1287055",12,14,9,13,14,25,6,5,5,1,11,11,1,4,6,5,14,13,10,1,6,11,11,4
"1300",25,24,21,24,14,8,13,18,12,10,11,11,10,8,8,17,12,8,21,8,11,18,12,11
"1303590",25,20,8,17,15,15,9,18,8,3,1,6,8,6,9,8,14,8,21,8,12,6,9,11
"1340",25,13,16,16,17,11,7,22,14,6,5,18,8,4,7,6,7,4,10,11,7,13,16,18
"1349",25,13,25,10,14,19,14,18,8,8,9,14,7,9,7,12,15,5,18,16,8,15,13,17
"1390185",9,11,19,18,7,14,8,10,7,12,3,5,13,12,6,6,25,13,6,12,7,8,10,9
"1408194",14,19,13,18,20,23,16,11,12,17,14,20,7,15,15,19,23,17,25,17,12,22,16,20
"1547445",14,15,8,25,11,19,9,15,6,10,8,14,4,10,2,4,14,7,9,8,10,12,7,12
"1604335",23,25,16,23,22,15,18,19,10,10,12,15,10,11,5,14,10,8,17,19,16,16,14,20
"1636608",22,16,18,15,24,9,14,23,25,9,14,14,11,13,11,6,9,13,19,18,11,12,7,11
"164393",12,19,17,25,14,22,8,20,6,16,15,22,16,18,15,14,15,15,21,12,23,19,12,21
"1647476",16,25,17,8,16,12,12,19,7,19,20,19,15,14,17,14,18,19,17,14,7,12,16,12
"1755100",19,18,20,25,12,12,15,9,12,2,6,11,8,8,10,8,12,6,7,9,6,4,7,12
"1761895",17,13,14,14,7,25,5,15,10,12,8,7,7,9,3,6,11,7,10,8,13,6,6,8
"1888195",10,14,8,9,6,11,7,14,4,4,9,25,4,7,5,8,8,4,14,10,4,10,4,10
"1891280",22,23,21,25,14,15,15,19,16,7,14,10,10,14,12,12,4,15,16,12,12,15,12,13
"191301",25,22,23,15,23,19,10,16,14,8,19,14,10,10,16,11,15,19,6,19,21,12,17,12
"197482",25,12,8,6,8,14,10,14,8,7,15,11,8,7,5,9,13,5,12,9,6,10,6,10
"1982151",15,12,13,11,14,3,25,6,13,18,11,9,10,16,9,5,6,6,7,14,9,6,18,15
"2004650",23,17,11,5,25,15,7,12,6,7,12,13,6,10,7,8,15,3,8,6,6,12,8,10
"2014347",25,2,5,3,13,7,2,9,0,0,2,18,0,0,0,0,6,0,2,0,0,7,0,2
"2024614",25,10,9,10,11,9,13,6,9,7,13,13,11,12,7,10,13,9,6,12,11,23,2,9
"213419",14,13,14,13,19,21,12,13,6,8,12,10,15,21,9,16,15,10,14,8,8,25,11,13
"218144",25,19,11,11,10,19,15,14,16,8,6,11,14,9,5,11,10,3,9,7,11,21,21,18
"2186",21,15,25,18,10,11,18,15,10,11,13,15,4,11,5,7,6,11,5,3,10,12,5,5
"2277",23,19,14,13,24,10,12,16,18,20,8,15,9,17,14,13,11,10,25,22,15,19,18,9
"2330",25,15,11,14,19,10,5,11,15,14,13,14,8,17,10,11,17,8,13,13,7,17,17,7
"246432",12,20,8,23,25,15,3,7,8,6,7,6,7,7,11,4,9,7,16,13,9,24,7,15
"2479767",15,25,14,20,18,18,23,25,9,12,11,24,5,11,13,14,20,19,10,13,10,24,17,11
"2560407",8,10,11,9,11,8,15,9,8,14,12,4,8,8,14,11,25,7,6,8,9,5,4,4
"2708340",15,25,20,21,18,13,12,8,17,9,6,15,7,10,6,13,16,13,11,17,11,10,15,13
"2719988",25,11,20,14,11,14,12,6,10,10,5,17,6,8,7,3,12,17,21,12,5,10,5,16
"272774",22,12,24,21,11,10,4,25,14,6,11,22,15,10,12,8,10,12,10,12,12,18,8,12
"2733933",1,0,1,0,0,0,0,0,0,0,0,0,0,0,0,0,0,0,2,0,0,25,0,0
"2734215",19,25,14,13,17,9,11,21,13,16,5,12,7,13,14,13,8,19,9,13,16,6,14,22
"2734266",17,16,11,25,18,6,13,7,21,13,9,11,9,11,9,12,14,9,15,11,16,7,8,9
"2738979",22,16,20,25,20,25,24,17,14,20,22,13,22,20,13,23,20,16,20,17,21,16,22,18
"2812025",13,15,16,23,25,19,16,17,9,14,12,16,18,12,19,18,19,9,22,17,11,12,17,22
"2866211",18,22,14,18,19,17,10,19,8,20,6,17,14,15,22,15,9,15,25,16,9,22,25,10
"2890407",13,25,11,18,18,16,13,17,10,12,9,23,8,8,19,10,17,17,17,14,20,12,3,14
"29360",7,20,12,17,24,25,6,11,13,13,7,17,16,8,17,14,12,22,10,16,16,19,10,24
"2939494",15,16,16,25,21,14,7,21,8,11,5,16,9,15,7,14,5,6,22,8,13,16,21,11
"2948772",24,24,11,14,9,18,22,19,20,20,19,25,25,14,15,19,25,25,17,15,18,11,21,23
"2948800",11,15,16,15,20,13,15,14,12,17,11,15,11,23,16,17,16,17,12,9,18,16,25,17
"29552",9,12,25,16,21,22,18,22,11,6,6,17,14,11,5,14,11,12,11,9,3,21,12,16
"2955990",21,25,15,23,10,17,8,15,4,10,14,10,8,12,9,9,18,17,8,20,9,22,19,10
"2963940",18,10,16,14,15,9,17,25,6,5,7,13,15,8,10,8,11,9,16,8,12,6,10,22
"2969431",15,10,18,25,14,21,4,16,2,14,13,14,7,5,8,12,7,4,10,6,7,17,17,15
"301953",16,14,25,24,9,17,6,15,6,10,7,23,9,14,11,9,20,17,11,7,14,16,12,25
"312539",25,18,15,20,12,11,14,15,13,8,7,14,9,15,7,5,11,9,17,14,9,7,4,9
"31899",22,21,14,16,10,25,9,10,9,9,6,13,7,12,10,9,17,8,3,18,7,10,19,15
"32049",19,15,24,22,24,21,25,12,15,16,8,16,11,19,8,12,19,23,23,17,7,16,12,14
"332101",9,19,23,22,18,25,7,21,11,9,10,14,7,11,10,6,17,2,9,9,14,14,7,9
"391290",12,25,16,19,19,22,10,12,10,1,6,13,12,15,10,15,10,9,11,9,11,14,11,17
"394751",25,22,16,17,24,21,15,23,16,22,10,21,7,16,14,18,20,10,12,8,13,17,10,18
"39766",15,10,4,17,9,15,3,15,9,4,5,9,4,7,5,5,9,7,25,2,7,17,11,9
"39777",20,25,14,11,10,15,23,19,5,8,12,11,12,10,12,10,4,16,6,15,9,14,18,13
"419257",12,22,18,16,18,16,17,25,9,11,15,16,11,18,18,12,20,21,6,10,20,12,16,12
"468911",9,25,7,11,13,16,9,12,5,10,7,9,10,9,12,11,15,7,15,13,7,14,6,12
"529731",11,23,23,18,14,25,10,6,8,12,9,15,7,12,11,17,15,9,9,15,10,12,16,9
"59512",14,9,9,21,17,14,13,25,21,17,9,14,9,9,12,14,11,10,3,10,7,4,8,16
"59754",17,11,13,25,18,8,8,17,13,6,16,20,16,11,11,11,15,12,15,17,9,10,17,9
"632",19,20,20,12,25,12,11,22,9,9,6,12,8,12,11,12,11,23,8,13,5,12,15,16
"76832",25,13,18,13,17,15,0,18,6,5,5,12,4,7,7,8,7,2,4,5,6,11,8,11
"827",14,11,25,10,5,19,9,11,10,8,11,11,12,10,5,8,10,9,15,8,6,17,5,4
"86332",19,25,15,23,22,22,22,22,23,20,22,17,15,17,11,14,23,7,15,16,17,21,19,13
"913109",9,7,15,15,10,25,6,17,5,9,10,10,3,9,6,2,10,9,8,5,2,16,6,4
"1002672",19,18,14,12,15,16,10,9,8,20,14,13,11,4,22,12,20,14,14,10,9,13,24,10
"1032243",22,18,20,10,10,24,14,11,5,9,13,5,7,9,2,4,10,6,10,9,9,9,8,5
"109328",18,24,20,17,23,17,8,9,13,3,5,15,4,10,5,5,22,8,12,8,10,12,6,5
"1156568",24,16,16,9,18,22,18,17,11,13,17,17,15,18,21,15,20,15,13,21,12,17,15,17
"1193095",23,15,23,20,14,24,5,12,8,8,7,10,9,14,8,13,17,7,8,13,12,3,20,14
"1235990",21,19,7,17,12,17,13,18,13,8,11,21,9,11,3,6,12,12,16,11,13,24,14,11
"12914",16,8,24,10,11,9,14,14,14,4,12,9,3,9,7,6,5,7,10,9,8,5,2,2
"1318743",22,20,20,24,13,21,13,23,11,8,15,23,10,11,7,15,6,16,21,16,18,12,22,8
"1395624",23,24,18,16,16,16,16,16,8,7,6,12,7,8,8,6,16,8,17,5,5,22,7,12
"1516159",16,4,10,12,19,18,12,18,7,13,3,24,16,5,7,8,21,9,19,13,14,11,13,18
"1548",23,15,17,23,12,17,14,17,5,16,5,17,5,11,8,12,17,15,21,13,15,24,16,14
"1550241",8,17,14,14,11,11,16,12,17,13,9,24,9,13,8,16,14,4,10,16,9,13,20,18
"1579",14,6,21,8,12,5,8,10,5,4,7,10,7,13,2,14,24,5,14,10,11,16,9,14
"1583098",20,17,16,17,20,24,5,15,7,2,8,10,7,10,8,8,9,3,16,5,5,12,8,4
"1618",17,13,17,16,24,17,10,18,15,14,18,13,6,8,13,9,4,9,15,5,6,14,11,18
"1636720",22,13,24,15,15,17,11,19,17,8,8,6,8,13,8,5,5,13,7,5,12,14,9,11
"172049",24,23,18,13,17,12,13,6,5,5,13,18,7,9,6,10,8,9,14,10,9,13,10,6
"1750535",21,9,9,24,11,14,12,16,9,12,13,24,10,7,11,5,7,5,13,6,13,11,14,16
"1763363",17,14,17,22,14,14,9,15,15,14,16,16,9,12,14,5,14,11,11,14,16,24,15,15
"1778263",15,16,12,6,21,19,8,22,5,16,15,18,11,8,8,6,13,7,19,14,20,13,17,24
"1843491",14,15,18,8,15,14,10,13,21,13,6,24,16,13,15,13,8,10,12,14,13,11,16,14
"1915310",24,16,10,14,18,8,9,10,4,6,9,14,10,7,5,2,6,6,11,7,9,12,8,8
"1920750",24,1,1,0,1,0,0,0,0,0,0,0,0,0,0,1,1,0,2,0,2,0,1,2
"198251",11,8,9,7,5,11,8,7,6,8,1,11,2,4,4,2,8,6,15,8,2,24,5,12
"2004644",24,24,9,10,16,7,12,12,5,7,9,10,5,5,5,11,10,7,10,11,4,9,12,10
"2004646",24,12,22,15,13,9,8,13,14,9,6,18,6,9,7,13,12,4,15,11,7,8,10,8
"2026187",24,10,7,9,17,8,5,6,5,9,4,7,6,1,5,0,12,2,15,2,2,9,6,14
"2191",18,11,13,11,12,16,18,24,15,6,22,23,12,18,15,9,19,8,15,8,15,11,12,9
"2206",24,9,15,5,10,14,10,8,8,11,8,2,5,17,7,3,7,3,13,8,5,11,7,9
"2276",13,17,12,24,16,18,10,13,14,13,12,8,15,7,9,16,9,13,12,14,11,8,10,8
"2304606",12,14,24,17,7,12,5,20,6,3,9,11,4,10,12,9,11,2,11,8,8,10,4,6
"231992",5,1,0,24,6,0,2,6,3,4,6,4,3,0,0,1,1,1,2,0,2,3,4,1
"2321114",17,24,17,12,16,15,8,7,9,9,12,6,7,11,8,10,16,4,10,14,9,8,5,14
"2364272",16,24,23,21,21,20,15,18,18,11,18,12,20,18,14,20,24,16,8,22,12,19,12,24
"2424",22,17,20,16,16,7,10,18,12,11,9,11,11,7,9,5,6,11,13,8,10,17,24,7
"2517362",24,24,14,9,8,23,10,6,11,5,5,10,6,14,7,14,8,16,8,11,14,8,13,16
"2560591",13,3,15,4,24,3,2,16,1,4,2,8,1,2,5,4,1,1,9,5,2,5,3,3
"2662034",24,14,11,10,13,8,14,8,7,12,7,13,6,4,5,11,3,7,16,6,9,10,7,4
"2682810",21,24,18,9,8,20,16,11,15,7,10,15,11,12,11,3,15,8,7,4,8,13,9,4
"2714949",19,19,4,18,15,24,10,12,7,8,9,11,5,9,10,9,5,6,10,6,6,10,4,9
"2732593",17,16,9,14,17,24,6,14,6,7,11,18,5,2,12,7,12,9,4,8,6,12,9,13
"2778916",17,24,17,22,15,13,5,11,12,11,10,4,7,9,10,4,9,12,8,9,8,6,13,11
"28080",15,20,12,7,13,13,13,7,6,6,8,24,4,9,6,13,17,4,13,10,12,11,8,11
"2823904",24,8,8,6,9,13,4,9,9,8,4,9,7,3,6,6,3,4,9,3,3,7,7,4
"2825845",12,15,6,5,24,6,4,9,5,2,6,11,2,6,8,4,5,3,10,5,1,12,3,7
"2831894",13,18,15,11,24,23,12,14,6,17,12,23,10,10,11,14,7,9,16,11,12,7,14,12
"2893471",22,8,13,15,21,24,16,11,7,9,7,11,12,6,10,7,14,6,11,8,14,16,13,19
"2911526",19,24,14,13,8,14,8,4,2,5,9,16,9,7,3,7,11,9,10,7,6,6,5,8
"2925830",24,13,15,12,21,20,12,12,5,14,12,13,17,9,12,13,18,14,9,10,12,15,2,14
"29292",24,15,22,22,10,9,18,20,16,20,15,22,11,20,7,13,18,13,18,17,14,5,19,16
"293388",24,7,11,9,10,2,4,10,5,2,1,1,1,3,4,5,8,3,6,3,0,1,4,5
"2935858",6,8,9,4,24,5,4,23,1,7,3,3,1,4,4,9,6,1,6,5,6,7,4,3
"29384",10,11,14,17,24,13,11,17,11,9,4,17,3,16,3,4,24,6,11,15,9,17,15,12
"2940297",5,24,12,11,17,13,11,10,8,7,12,4,9,11,11,7,10,8,17,8,15,10,18,8
"2943497",24,20,21,12,19,21,15,23,3,13,6,3,4,13,10,18,12,11,15,10,9,7,6,16
"2944252",24,9,11,21,15,13,8,19,21,5,16,14,11,6,12,7,17,7,8,12,19,12,11,7
"2954089",23,17,22,17,24,16,22,19,17,16,6,19,14,11,17,12,15,10,11,18,14,17,6,17
"29553",9,7,5,6,11,12,2,8,5,3,6,24,2,2,4,6,4,3,9,6,6,8,2,9
"2956376",19,17,24,15,8,17,12,10,20,18,19,11,13,13,20,11,19,9,13,5,18,8,9,16
"2961895",24,17,13,15,11,21,15,11,9,6,7,15,7,7,14,10,16,9,18,15,9,11,10,6
"2972775",24,16,19,15,13,14,12,17,15,12,10,20,9,14,13,11,17,13,9,8,10,10,13,9
"2976343",21,18,22,22,17,24,9,16,16,10,9,21,9,13,12,14,20,9,19,19,5,13,10,21
"2983299",17,13,5,16,7,11,7,24,7,10,5,8,16,6,5,4,12,1,4,6,4,7,10,6
"2991418",12,9,17,11,24,18,5,9,5,4,3,8,2,12,9,7,3,8,14,6,5,10,2,8
"3002962",21,15,14,14,21,17,14,16,13,10,5,19,6,10,13,19,17,8,24,5,17,22,12,18
"3050256",14,12,24,17,13,14,9,5,18,5,7,14,9,12,10,8,11,13,7,13,11,17,11,16
"3050348",8,14,13,16,11,7,6,6,7,4,10,10,6,10,2,3,7,10,12,11,5,11,24,11
"3060017",14,24,10,16,15,13,14,11,8,9,7,10,9,4,8,7,5,6,16,10,11,10,6,12
"33865",19,13,17,16,14,9,6,12,8,10,16,10,9,13,7,8,7,7,6,11,10,22,24,9
"395631",23,24,19,20,22,16,14,19,8,12,13,10,16,10,10,13,18,13,12,15,15,14,14,18
"40091",16,21,15,20,16,16,11,15,13,12,17,15,10,21,6,10,16,14,12,15,16,24,11,13
"5763",6,24,5,2,5,12,0,5,0,0,0,2,1,0,1,2,13,0,2,0,0,0,0,0
"617123",17,23,12,24,20,10,17,13,4,12,7,16,8,14,8,8,12,9,14,6,12,11,9,14
"648802",21,19,16,21,24,15,8,21,12,9,18,11,10,10,9,9,12,6,13,11,12,20,10,16
"698776",17,15,9,14,22,21,12,24,20,8,13,15,4,9,15,13,13,9,19,8,5,19,11,22
"74349",14,21,19,15,10,17,9,9,13,18,7,18,5,4,11,2,24,7,11,7,13,10,5,9
"83559",17,19,24,7,24,14,11,17,13,13,16,23,7,11,11,14,14,7,16,7,15,16,19,17
"84378",21,17,11,14,18,24,8,10,14,5,11,11,16,8,4,8,8,12,14,10,6,14,9,10
"1138822",15,14,19,7,23,13,15,9,5,7,5,12,5,3,5,10,6,9,10,2,4,11,5,9
"1324350",20,21,23,17,22,22,7,17,6,14,18,13,6,14,16,5,20,17,15,9,12,18,12,5
"1325083",18,19,21,10,23,10,15,13,16,20,12,12,10,10,14,4,16,12,23,19,10,15,16,14
"1329",12,15,23,9,9,12,13,14,7,12,2,13,12,11,7,3,9,11,19,14,9,11,14,8
"134287",9,11,12,10,14,7,18,10,4,3,11,23,4,9,4,5,5,8,8,8,6,10,11,16
"1348",11,18,20,17,17,23,7,12,7,8,7,15,7,8,18,8,5,3,11,6,7,12,10,14
"1365176",16,22,13,23,7,23,10,15,13,13,9,10,6,12,11,6,14,15,17,11,10,15,13,8
"1406512",21,17,16,14,18,16,11,10,21,19,23,11,8,10,17,20,16,13,10,11,9,18,22,9
"1581011",16,21,13,7,13,14,6,11,10,8,8,13,12,11,6,7,23,9,21,15,11,11,6,7
"1659192",12,13,9,18,10,12,6,15,10,12,6,8,11,7,4,11,23,7,5,12,10,6,14,12
"1699622",13,17,13,14,19,14,10,16,16,19,10,11,10,10,18,10,16,8,23,9,8,23,13,7
"1702097",15,7,21,23,8,9,9,14,16,12,9,6,12,11,8,9,6,6,8,9,10,13,3,5
"1780362",12,13,17,10,14,20,7,23,12,4,7,17,4,14,14,12,11,10,12,8,9,12,10,10
"184064",19,18,14,17,14,19,11,10,12,13,9,20,13,10,23,11,17,11,10,16,9,14,7,18
"1841651",19,18,13,13,23,14,10,20,10,14,13,21,8,9,9,8,8,9,12,5,12,14,11,11
"1882662",10,19,21,14,13,19,11,21,18,11,21,23,14,17,13,12,9,10,8,15,10,10,6,14
"1884916",9,21,17,23,16,10,14,17,12,4,9,14,17,9,12,13,20,12,8,8,7,15,11,8
"1940621",22,21,23,14,22,14,18,16,13,9,13,17,20,20,10,14,15,18,11,9,17,17,14,9
"2039639",3,21,23,5,13,11,9,9,11,15,10,12,11,12,10,7,11,7,10,13,4,11,16,6
"2083051",21,20,17,10,23,15,11,6,10,5,10,8,9,14,9,11,14,17,7,10,11,10,14,8
"2099789",19,23,21,15,9,21,13,14,13,13,13,9,16,19,6,12,11,16,11,15,13,17,18,11
"2126985",23,3,4,11,7,15,5,8,0,6,1,8,4,6,2,0,7,1,9,6,6,2,5,7
"214",20,13,14,15,14,20,23,15,21,17,7,14,11,19,17,8,5,9,19,15,10,17,13,11
"2141",7,20,11,18,12,23,6,9,8,7,7,12,3,14,7,13,22,13,21,16,6,16,5,22
"2173",7,15,23,14,11,12,11,5,21,3,4,7,2,13,16,2,6,7,11,2,4,8,4,7
"227945",23,5,11,11,9,11,4,14,7,9,4,6,3,6,3,2,10,5,6,5,5,14,15,6
"2289",17,18,11,12,19,23,8,13,14,17,7,21,6,5,17,12,19,17,13,14,7,23,17,10
"2303",22,23,16,16,12,19,16,16,21,14,23,11,12,14,12,13,14,17,21,12,8,16,10,15
"249402",14,17,16,16,23,11,6,14,10,4,11,11,4,3,6,7,5,2,16,8,18,14,2,11
"2583989",9,16,13,15,23,8,11,4,8,2,8,5,1,8,4,6,6,6,9,2,9,8,3,7
"267",11,19,5,22,13,20,10,16,11,8,8,6,15,10,1,14,10,23,8,7,16,17,13,7
"2675710",16,7,19,20,14,14,11,15,9,7,8,12,9,16,17,11,10,11,23,13,12,13,16,22
"2681309",20,18,12,17,7,11,8,10,7,10,11,12,4,9,17,10,11,9,15,20,9,23,11,11
"2726434",23,17,12,15,15,14,16,12,19,15,12,14,6,5,6,2,16,10,11,10,8,11,3,9
"2731220",8,17,14,5,5,21,8,8,9,9,4,23,4,13,6,4,7,7,11,6,8,12,6,9
"2732590",23,17,14,10,9,14,7,10,17,17,9,20,14,11,11,13,17,6,9,16,11,8,12,8
"2733194",12,8,14,11,16,7,11,23,7,12,14,15,10,9,13,8,5,4,10,1,7,11,9,5
"2734229",12,23,12,11,18,9,19,12,7,12,15,4,9,8,8,19,15,10,10,3,10,15,8,9
"2734268",23,19,15,20,15,10,16,10,8,9,6,13,15,4,16,11,16,13,16,19,9,14,10,14
"2738852",13,9,8,9,19,23,14,9,7,4,7,20,6,5,4,2,13,1,12,8,9,3,5,11
"2745560",11,17,23,17,11,15,10,22,8,3,7,9,9,11,8,10,10,5,15,7,10,7,9,20
"2746231",23,14,15,16,19,16,6,10,8,11,11,14,16,6,5,8,14,12,4,12,14,16,6,8
"2778051",14,21,18,21,11,8,18,23,13,8,8,10,17,18,7,12,10,20,10,12,7,13,7,7
"28199",20,14,22,21,19,17,6,15,8,5,0,10,5,7,6,5,10,8,20,14,11,12,7,23
"2845593",16,5,4,9,15,7,3,23,2,3,0,1,3,2,0,0,2,0,6,2,2,9,0,3
"2878390",23,11,16,13,14,22,15,23,13,10,11,7,8,19,9,7,14,14,11,10,9,11,9,8
"2925838",17,7,23,13,4,21,7,15,14,18,7,5,13,14,6,6,6,2,15,3,13,10,7,14
"2948610",13,23,13,9,5,6,19,17,9,11,14,16,4,14,14,10,8,14,8,6,9,17,10,12
"2948963",8,10,13,15,13,15,15,23,10,17,10,11,12,9,13,15,10,8,7,13,8,4,18,9
"295596",13,12,12,10,23,16,11,11,1,8,2,8,10,3,5,3,10,7,15,7,6,15,6,4
"2956059",8,23,10,9,2,7,2,7,3,2,8,4,4,7,3,8,10,4,4,6,3,11,5,7
"3040676",5,15,11,23,4,10,6,4,11,5,12,2,4,7,6,5,3,7,3,5,11,6,5,2
"3050323",16,16,7,23,15,9,6,18,7,15,5,10,4,14,12,12,19,8,11,7,13,11,9,9
"3052090",9,14,23,13,14,12,10,13,4,8,8,10,5,4,6,14,7,7,13,8,15,9,3,7
"32025",17,23,8,16,8,19,3,15,7,6,5,6,5,11,8,8,3,5,5,7,12,8,9,7
"34105",17,23,11,18,10,15,10,10,8,11,7,10,3,2,3,9,9,5,5,3,2,7,5,8
"364102",22,9,7,10,11,8,3,11,3,15,14,17,6,6,4,5,12,23,16,13,7,2,9,14
"37372",13,13,22,23,14,14,7,11,9,12,18,8,5,15,13,11,10,15,11,7,7,9,9,11
"43990",19,17,6,9,11,12,8,11,7,14,6,11,4,9,12,11,23,9,9,19,3,12,12,14
"44009",20,10,15,15,11,23,6,12,12,12,13,16,8,8,5,10,16,9,15,7,9,14,10,9
"51229",13,21,12,15,16,23,11,14,15,10,13,15,12,15,14,8,16,7,15,7,12,10,7,15
"522262",23,18,21,15,16,12,5,17,19,15,9,10,2,12,9,8,14,13,11,5,13,22,9,6
"594679",21,14,19,18,23,13,13,8,8,7,16,14,14,12,17,5,14,11,23,14,11,19,6,18
"644281",23,16,21,15,15,17,5,11,5,6,11,10,10,12,13,7,9,3,11,13,8,16,17,10
"76857",23,21,19,18,20,18,7,21,9,8,7,13,17,5,17,2,13,4,19,6,10,14,13,12
"836",4,14,8,9,17,18,5,12,5,1,9,9,7,3,10,10,6,2,11,6,6,10,8,23
"893",12,8,13,10,11,23,4,7,3,5,6,10,5,10,7,10,10,4,8,4,4,9,9,13
"912801",15,14,20,14,10,23,9,13,11,5,13,10,16,7,15,13,17,8,11,15,13,4,17,17
"931101",17,23,19,17,15,12,15,9,12,7,2,10,9,16,9,7,16,19,12,17,19,11,7,17
"985002",18,10,17,10,18,8,11,6,11,9,6,12,8,11,10,4,9,4,23,4,7,5,4,12
"10",21,13,22,18,18,19,12,11,11,13,5,21,18,8,8,5,17,12,18,9,11,18,9,7
"106648",22,15,11,15,13,14,9,4,4,2,8,20,6,8,10,4,15,8,13,7,9,18,7,6
"1155388",22,16,14,17,9,20,12,12,15,13,8,14,9,14,10,4,11,6,12,13,8,9,5,13
"118969",21,22,17,20,14,8,5,22,13,5,8,8,4,10,11,12,11,11,6,9,2,19,11,14
"1281",22,16,20,12,21,18,15,22,7,9,12,19,8,16,15,8,15,9,11,8,9,17,10,17
"128944",20,21,18,16,10,12,19,12,5,8,19,22,7,5,11,9,14,17,14,14,9,14,14,5
"1292359",16,11,12,17,15,16,10,14,19,4,10,22,13,10,10,9,6,7,2,12,11,6,11,7
"133448",6,22,10,5,13,15,6,3,5,6,7,9,2,4,2,5,5,11,8,4,4,6,11,3
"1338689",22,21,18,13,12,13,8,7,10,7,9,20,13,11,8,5,10,16,16,11,10,12,8,18
"1406197",8,13,12,13,14,19,22,8,9,10,19,6,6,11,7,9,11,8,8,4,4,16,9,6
"1471399",22,14,14,15,11,15,2,13,7,6,7,11,2,4,5,5,6,4,18,4,5,14,2,7
"1476901",22,11,12,10,17,14,8,12,7,8,10,6,3,3,10,7,13,6,16,20,10,13,3,11
"149016",9,17,15,18,10,9,2,7,2,0,5,22,0,2,8,3,8,3,18,11,3,7,3,14
"1542963",21,22,18,11,18,17,13,17,12,12,16,13,6,9,15,9,11,9,11,7,14,11,5,6
"1598147",12,22,8,6,15,7,4,14,5,8,7,12,5,12,8,4,8,10,6,9,6,10,3,7
"1623284",22,13,7,8,9,13,9,7,5,8,13,11,9,6,9,4,7,6,9,6,5,10,5,6
"1623285",19,21,4,15,13,20,12,4,11,22,9,11,13,7,9,9,13,9,16,9,4,15,13,16
"1660063",16,22,14,10,11,20,9,16,7,5,10,7,5,5,10,8,17,5,13,6,14,12,14,10
"1690818",17,10,8,22,8,8,9,7,1,4,5,8,6,12,10,9,6,4,7,6,5,5,3,8
"174587",20,11,15,15,11,20,5,18,9,6,7,11,11,13,5,5,12,7,22,8,6,15,16,7
"1756993",19,18,20,20,17,20,17,22,11,9,11,18,7,13,17,5,16,16,14,18,11,13,7,10
"1840283",8,22,5,7,15,14,15,10,8,15,9,10,16,15,11,5,11,16,12,13,10,8,16,14
"1847728",22,10,10,11,8,13,11,10,8,8,9,6,7,5,8,4,8,8,13,10,6,12,8,8
"1859475",7,22,11,20,12,16,9,13,12,8,8,15,3,9,4,5,11,5,12,4,9,9,12,12
"1872114",22,5,9,16,6,13,14,5,9,8,4,8,6,6,11,6,11,7,15,4,8,5,6,14
"188913",19,21,18,14,16,13,12,18,19,15,16,19,13,22,12,6,14,12,18,14,18,16,15,16
"1932669",18,22,14,12,6,16,6,7,1,4,5,2,1,3,4,7,8,0,16,5,6,9,3,17
"195248",19,22,13,11,11,13,8,13,12,10,6,14,12,5,4,5,9,14,10,7,10,8,15,6
"1955013",15,10,16,6,10,14,10,11,7,8,14,16,4,5,13,4,10,8,22,1,9,8,3,8
"1982358",17,8,13,20,18,21,15,17,22,22,8,10,8,9,13,8,9,6,11,9,21,16,13,10
"1982369",9,5,8,7,14,1,1,12,2,1,3,22,2,3,0,0,3,0,3,0,4,10,0,1
"1982899",12,15,15,5,16,16,15,15,15,16,9,22,9,8,13,11,12,10,8,10,11,9,12,5
"198832",22,13,20,19,21,11,13,17,18,10,17,6,16,9,10,11,15,15,17,7,19,17,9,16
"2003316",20,20,17,16,20,22,6,19,13,10,13,11,8,4,7,5,17,11,16,10,7,17,10,17
"2004647",21,19,21,18,21,4,10,22,11,17,6,15,15,14,6,15,8,3,9,12,8,11,4,15
"2024608",22,13,13,6,14,18,4,11,3,6,5,13,5,4,8,7,6,5,14,3,12,7,5,9
"2024979",20,14,14,20,22,9,10,19,7,4,5,8,6,13,11,8,10,6,9,6,6,15,6,6
"2066024",12,16,15,22,10,13,16,15,13,12,4,16,9,11,14,15,12,10,12,8,4,14,18,8
"208596",20,16,15,20,13,19,10,20,10,6,8,22,4,6,9,7,12,7,9,11,6,13,11,14
"217",15,16,17,12,22,16,8,15,8,13,11,15,7,19,8,9,19,16,12,7,14,16,11,16
"2180",21,14,5,19,11,22,3,17,15,8,9,19,3,10,8,4,7,5,15,5,7,19,7,9
"225148",11,10,14,14,13,22,9,13,4,5,7,15,5,6,12,7,17,1,12,7,5,7,9,18
"2268451",14,20,9,2,22,8,5,9,6,8,5,10,8,6,5,2,11,3,11,7,8,10,6,2
"2287",14,22,8,12,1,12,11,11,6,20,4,7,10,2,7,9,13,18,7,12,12,9,8,7
"2421",22,19,20,8,15,13,7,10,4,8,7,12,11,11,8,10,10,6,14,8,6,16,17,11
"255507",19,22,14,11,11,22,9,10,6,5,10,12,6,8,4,5,9,9,8,6,3,6,2,11
"2560590",14,3,14,9,22,0,2,11,0,0,1,2,0,1,0,0,2,0,18,4,4,11,0,4
"2560611",9,16,6,10,9,6,4,8,14,7,5,4,5,4,4,3,5,4,22,4,4,1,5,4
"2575361",15,13,6,5,12,22,6,8,6,9,7,4,5,9,4,8,12,1,10,10,5,7,5,10
"2601646",13,22,10,7,10,14,12,15,5,7,7,9,3,7,6,13,17,7,8,7,7,5,4,12
"2601668",22,6,16,8,12,10,8,13,7,14,8,13,4,13,8,6,14,5,13,3,2,9,2,7
"2609418",19,12,11,14,8,9,8,12,8,11,5,22,12,3,12,4,5,12,13,10,5,3,14,8
"2686014",19,8,13,22,8,11,10,15,11,15,15,9,5,8,7,12,14,5,12,14,10,10,11,10
"2725994",13,13,10,16,4,20,2,10,1,10,8,7,9,10,9,9,20,11,14,7,8,22,9,10
"2732587",21,22,15,15,17,9,3,15,12,12,5,17,14,10,5,4,11,0,12,4,14,10,11,7
"2817969",14,17,22,19,8,21,5,19,8,1,12,12,8,11,5,8,15,9,12,12,7,5,11,11
"2845816",18,21,19,14,22,19,19,14,10,13,18,15,6,12,14,12,18,22,13,17,9,15,8,8
"2862870",16,9,11,13,15,16,8,14,12,7,9,15,13,12,8,10,9,2,22,16,12,15,20,13
"2892440",15,14,2,18,19,16,7,16,12,10,14,13,10,6,5,10,17,13,14,12,11,22,5,14
"2923364",18,13,16,22,14,20,12,18,4,11,6,10,4,11,12,4,6,5,11,9,11,15,14,12
"2940491",7,1,6,6,22,3,4,7,1,0,0,2,0,2,3,1,8,1,3,0,0,3,1,0
"2948917",13,12,22,11,8,9,10,17,11,13,9,7,14,6,7,8,4,8,19,10,8,11,8,8
"2954097",19,11,19,10,15,9,1,9,9,4,1,2,4,5,5,4,9,9,9,3,7,22,0,9
"2955329",9,15,22,16,8,18,16,12,12,9,16,10,8,12,13,8,8,8,7,12,13,9,9,7
"2955340",5,14,10,19,16,14,18,22,14,16,11,9,16,6,13,10,11,13,12,10,13,13,13,8
"2956123",12,22,8,12,6,9,9,18,13,6,10,11,6,6,19,10,15,19,7,9,7,12,7,18
"299568",19,16,7,9,4,22,8,8,7,10,7,10,4,8,8,12,6,12,11,5,6,12,12,2
"3024576",22,16,9,13,21,21,8,13,0,7,5,9,6,9,3,9,8,5,16,12,7,16,14,7
"3035452",12,12,6,22,6,4,8,4,5,5,10,18,7,8,11,6,8,13,9,5,7,10,3,7
"3048188",6,22,7,11,11,12,9,14,14,5,12,4,13,8,9,6,9,15,7,12,11,17,6,12
"3056647",17,15,7,10,12,21,12,6,12,11,22,14,7,9,13,12,10,9,3,20,4,13,14,6
"333965",5,6,11,6,22,7,10,12,5,4,10,10,5,5,7,3,5,3,8,7,10,9,5,3
"35795",12,16,6,22,13,21,6,12,5,3,7,12,5,7,4,2,8,5,6,2,7,5,2,10
"35818",22,12,11,15,13,15,17,13,13,4,8,11,6,4,11,13,7,9,7,8,9,6,7,10
"38323",14,22,14,18,13,21,12,21,13,20,9,16,8,6,15,6,11,18,9,15,10,17,10,21
"393005",18,22,18,12,13,15,1,9,2,3,2,11,3,3,2,3,10,8,9,2,7,7,9,12
"399320",11,13,11,14,10,12,7,22,8,6,6,7,6,8,13,6,7,9,3,7,2,7,8,6
"39950",13,8,13,11,17,15,6,15,9,7,7,9,7,9,3,8,14,5,12,11,12,14,22,6
"44011",17,19,8,16,17,18,20,13,16,13,5,18,8,20,12,9,18,17,10,14,15,22,8,14
"44674",16,18,19,20,10,11,15,17,15,6,8,16,11,11,12,16,19,8,12,12,8,22,13,16
"448181",4,11,6,8,22,14,2,6,10,4,5,1,6,7,5,6,4,4,1,4,4,5,6,4
"47466",7,15,4,8,21,22,7,14,12,11,5,10,7,6,18,5,16,9,6,11,10,7,9,8
"487686",19,22,10,17,11,17,13,18,7,9,13,9,9,11,12,15,11,12,4,5,12,6,17,14
"488142",21,13,19,13,17,21,8,12,7,8,12,22,4,8,8,14,12,10,14,18,5,8,17,13
"519472",10,8,9,22,13,11,6,11,7,7,9,17,8,6,9,8,6,5,4,3,16,11,3,7
"52764",17,18,8,12,8,10,10,16,7,5,9,22,7,8,11,11,13,3,16,11,10,13,3,9
"549298",2,20,10,7,11,10,6,13,8,9,3,8,1,5,16,3,2,5,22,3,4,18,8,9
"55205",14,9,12,22,12,8,17,14,9,7,11,5,5,10,10,9,13,9,11,10,9,13,7,12
"663364",13,22,20,10,11,16,6,10,9,7,5,15,1,7,3,4,6,2,13,8,6,9,9,4
"691437",15,14,22,20,16,15,11,14,13,12,12,6,3,11,13,10,17,5,12,6,12,15,9,12
"754",18,13,17,13,15,22,5,18,5,10,9,18,9,7,4,10,20,9,12,14,7,18,3,9
"75658",17,10,10,9,7,22,8,9,6,7,7,9,5,6,19,3,14,5,8,6,7,10,10,10
"769",18,20,10,18,17,22,10,13,17,10,14,7,15,20,8,10,13,5,10,8,22,18,14,11
"93973",16,12,6,22,13,19,12,8,14,8,7,4,10,17,7,10,12,16,10,12,7,8,11,5
"971279",20,13,13,12,10,12,13,17,11,10,22,4,8,4,10,12,7,9,6,5,6,14,6,14
"102115",14,18,10,21,15,20,7,15,14,12,15,8,11,8,6,11,13,10,6,8,10,2,11,19
"1070130",17,21,14,8,8,17,10,13,7,5,6,6,4,6,9,5,6,12,9,8,4,5,10,8
"1329899",18,17,11,16,9,13,16,13,13,7,14,21,11,6,15,15,9,14,10,4,13,15,10,13
"1564138",17,10,2,9,4,18,6,21,1,3,9,12,3,3,6,2,5,1,3,6,6,7,4,7
"1612",17,16,9,21,21,17,11,14,10,5,10,19,5,7,9,4,8,7,14,7,4,14,3,6
"1623288",12,11,12,16,2,18,14,18,14,14,15,13,12,18,9,20,9,21,8,5,7,13,9,12
"1623292",17,9,9,11,10,11,13,10,10,9,12,11,14,16,12,9,15,10,9,15,9,4,21,17
"1643949",18,13,8,12,10,3,11,6,8,9,9,11,4,14,10,5,11,7,21,10,11,20,5,10
"1660078",17,21,14,13,9,12,16,6,9,15,7,4,12,10,7,6,16,6,7,3,9,14,15,11
"1720323",14,11,6,21,12,3,5,5,4,5,6,6,6,7,10,7,7,16,2,9,11,11,5,7
"1779134",8,10,12,13,14,21,8,11,3,3,7,18,6,4,9,9,18,17,10,10,10,16,11,15
"1902580",13,9,21,10,6,11,7,9,5,3,10,7,5,5,18,7,14,7,3,5,5,11,4,5
"191291",21,13,10,17,12,16,8,10,6,6,5,12,1,4,6,10,9,9,6,14,7,3,11,7
"1917158",8,21,18,8,17,11,10,10,6,4,6,12,5,4,19,13,10,9,17,7,7,8,2,11
"1933904",21,15,10,11,11,14,10,15,11,7,11,18,11,12,3,11,14,3,10,12,8,5,12,11
"1970093",15,16,12,21,8,12,6,7,6,14,9,10,8,7,9,0,3,7,14,3,4,14,10,11
"1982745",9,9,11,2,9,3,3,3,7,2,4,2,7,5,5,1,6,1,21,4,5,15,2,4
"200415",13,10,17,14,15,16,18,21,20,4,11,13,8,18,18,8,10,6,18,8,9,13,10,8
"2027290",15,15,13,10,19,14,7,14,1,8,16,13,12,9,10,10,21,10,8,9,5,11,12,9
"203491",2,3,7,6,4,6,1,2,1,3,3,21,2,1,1,7,4,3,11,2,7,2,3,2
"2098",16,20,12,20,5,11,9,4,9,8,4,9,9,4,8,6,21,3,17,8,7,7,4,10
"212663",16,6,20,6,13,14,12,13,11,10,9,7,3,8,12,15,15,11,7,8,9,13,9,21
"227942",12,14,14,8,21,17,14,14,9,12,5,15,6,9,6,12,17,7,17,16,9,16,13,12
"2315",18,18,21,13,17,13,6,18,16,12,7,11,10,7,4,4,8,8,14,12,11,11,7,11
"235888",18,19,5,8,17,16,18,10,21,16,16,9,12,17,10,11,7,9,16,12,14,11,16,17
"236",18,19,13,18,13,21,13,11,12,7,2,12,7,9,13,12,17,11,8,6,15,14,16,6
"2419",15,18,13,12,10,21,4,9,13,12,20,9,10,9,14,21,8,7,8,10,9,10,7,14
"2420",7,21,15,9,3,14,6,4,14,10,12,5,5,8,5,8,9,14,5,6,6,7,13,4
"2560484",11,14,21,13,7,15,12,10,9,5,12,10,6,11,12,8,5,10,10,9,12,15,7,6
"2560588",21,7,4,7,9,4,6,5,7,4,7,7,4,11,7,11,11,5,9,10,6,7,6,5
"2560596",11,3,7,8,21,3,1,15,1,1,3,4,0,0,0,1,0,2,7,0,1,6,3,0
"2582914",7,19,12,7,13,11,13,20,10,4,9,4,16,4,7,4,14,11,20,16,5,13,4,21
"2588449",21,16,12,6,12,11,2,14,7,4,8,6,9,5,11,5,11,10,8,7,10,10,6,12
"2590022",14,13,21,14,18,14,8,15,7,8,13,13,4,14,13,6,19,13,11,10,4,7,3,9
"2672570",17,17,13,21,17,16,7,11,6,13,13,13,4,8,8,9,5,8,14,8,5,15,6,15
"2714930",13,10,8,15,21,15,6,15,9,8,8,7,6,14,7,5,18,10,8,9,11,10,9,13
"2714947",18,21,10,10,9,18,4,17,6,6,11,10,4,6,5,10,6,10,16,7,5,16,9,8
"2733202",12,15,15,8,17,7,16,21,10,9,5,10,4,16,11,7,7,9,10,4,4,4,5,8
"2734239",11,13,8,12,16,10,9,11,14,6,4,12,19,9,10,14,21,10,8,7,8,11,4,10
"2738399",18,14,14,16,16,14,15,11,8,15,9,13,8,9,7,12,9,15,6,11,11,21,5,15
"2740405",21,15,18,6,6,14,10,13,6,8,9,6,5,7,13,7,6,7,11,8,10,16,7,15
"2767358",14,21,12,12,15,9,9,13,5,9,11,9,5,5,5,10,11,6,6,7,6,5,11,7
"2770780",8,4,10,7,8,9,4,8,8,4,2,7,11,7,6,7,6,6,12,9,9,12,14,21
"2778057",9,21,11,20,10,19,15,9,9,11,15,14,10,8,8,14,10,12,5,18,12,10,16,10
"2792084",19,16,7,10,4,21,8,5,7,4,1,11,6,5,2,4,13,7,6,4,4,3,9,10
"28227",18,3,16,5,17,8,3,9,0,8,0,20,3,2,5,4,12,5,21,3,8,3,9,15
"2846047",13,11,1,21,2,2,3,12,2,1,6,2,2,1,2,2,1,0,1,3,0,0,4,0
"2866200",13,12,18,21,19,9,8,18,20,7,13,9,12,13,10,7,11,13,16,8,8,13,10,8
"2910589",9,10,16,8,16,11,6,9,7,7,9,11,8,9,5,8,21,13,12,5,7,12,14,9
"2912228",17,12,21,13,17,12,4,12,6,4,4,5,2,11,4,3,4,5,10,10,2,18,8,15
"2928154",21,12,12,11,16,17,8,2,12,9,8,9,5,10,9,4,11,8,13,15,4,8,8,14
"2929488",21,9,17,9,11,11,8,14,7,7,12,12,10,6,9,15,12,7,18,8,4,8,5,9
"2956015",12,21,11,19,19,19,12,12,17,19,16,14,21,6,14,18,9,14,6,9,10,11,16,2
"2956110",10,10,3,6,21,6,10,5,9,16,9,6,10,12,6,5,12,9,11,12,10,6,5,20
"2956353",11,8,3,18,17,10,13,20,8,12,17,21,16,14,14,16,11,14,12,13,6,15,13,9
"3033384",13,19,13,21,20,12,12,13,15,15,13,11,12,20,11,4,9,10,19,17,13,16,8,11
"3068305",11,16,21,17,5,17,9,16,4,6,7,21,11,9,5,15,8,9,16,15,5,10,2,12
"33941",20,21,20,20,12,16,13,14,18,17,17,15,16,13,18,18,20,15,13,12,15,18,9,12
"36853",14,21,11,15,7,21,8,9,12,8,7,10,14,14,15,5,16,10,13,16,9,7,18,12
"405041",12,15,21,14,4,9,16,5,6,15,6,6,4,10,10,7,2,8,4,11,8,7,3,7
"40542",20,21,12,16,16,20,14,14,9,11,6,10,7,9,10,6,8,6,7,7,13,15,7,7
"423477",14,16,10,20,8,21,10,15,9,14,11,8,9,7,7,7,12,11,13,10,7,12,7,15
"458197",21,16,9,5,9,12,4,13,2,9,7,9,5,3,9,10,5,7,6,7,5,9,5,3
"498846",8,10,9,6,3,21,11,6,18,10,11,10,6,9,8,6,9,4,6,9,6,8,4,6
"51664",19,21,14,12,7,19,12,17,10,8,5,8,3,8,4,8,9,3,9,10,5,7,4,17
"550542",21,18,19,14,11,18,11,19,15,9,13,13,8,7,9,15,18,18,15,7,12,13,9,12
"573570",21,11,17,12,17,8,10,10,8,5,6,13,6,3,7,7,10,5,12,3,9,5,5,6
"700220",21,19,17,12,17,16,10,13,5,7,5,13,6,11,12,5,13,9,14,3,12,14,8,9
"785",11,13,21,11,20,11,3,16,7,7,5,9,6,7,8,7,6,7,10,9,6,13,7,16
"841",21,13,11,9,14,21,5,16,11,7,6,10,7,11,6,10,8,6,7,6,6,8,11,8
"90322",4,4,2,1,1,0,15,0,1,3,3,1,3,1,0,6,0,12,2,3,1,0,21,0
"981330",16,7,21,15,18,16,18,12,13,15,10,17,8,7,12,14,15,6,12,18,15,9,15,14
"1007676",11,13,7,15,14,16,9,4,5,15,15,13,8,13,9,10,20,6,12,9,6,11,6,12
"104628",7,18,12,6,9,8,11,7,4,8,4,8,8,8,10,9,8,6,8,7,2,9,20,7
"1071080",11,20,18,13,11,19,11,16,9,18,12,15,9,11,15,10,9,11,20,8,12,17,13,14
"1073987",15,17,20,14,14,14,9,12,10,14,13,7,11,14,13,16,16,16,15,10,11,8,12,12
"110163",8,20,10,11,6,3,5,9,0,7,3,11,5,8,3,8,8,6,7,7,4,8,6,6
"114090",18,17,8,9,5,20,8,13,7,13,18,16,6,11,8,11,8,8,14,8,6,11,11,4
"118062",20,9,9,18,12,13,16,12,9,4,9,5,3,9,7,4,3,10,7,6,5,9,13,12
"1220717",18,17,20,8,12,13,13,15,12,14,5,10,8,10,7,5,9,8,14,9,8,14,4,11
"1295",17,20,15,12,17,13,8,11,3,7,9,11,9,7,6,8,8,10,9,5,4,13,5,6
"1316941",16,10,5,11,11,15,20,7,9,6,8,16,7,9,4,18,17,6,11,20,10,7,12,16
"1355374",17,12,13,18,20,9,12,11,5,12,4,10,8,9,3,9,8,2,13,5,2,10,3,10
"1435347",8,7,5,5,7,9,4,20,7,2,5,6,4,6,6,3,2,1,5,6,4,2,10,3
"1457141",6,20,4,12,7,3,4,11,5,8,12,2,2,11,6,4,4,5,8,1,6,6,3,9
"1643950",10,16,20,7,12,10,3,4,7,7,6,9,6,8,5,9,7,8,3,10,6,6,7,5
"165779",20,19,14,9,17,20,12,17,6,7,9,16,10,9,5,9,14,9,4,13,12,17,4,14
"1785996",20,10,14,16,10,6,12,13,7,12,4,8,4,9,7,6,10,5,7,12,10,3,4,9
"1789762",13,11,20,7,17,14,4,16,6,6,12,5,8,10,3,5,4,2,14,7,11,12,5,9
"1812115",5,20,11,9,13,18,9,12,5,5,6,10,5,4,5,1,3,5,5,9,4,6,13,3
"187101",20,14,10,10,13,9,6,16,5,4,9,4,3,8,8,4,14,4,5,8,5,10,3,5
"1903434",20,1,2,3,2,2,1,17,0,0,1,0,1,1,1,1,0,0,0,0,1,0,2,2
"194195",8,8,14,8,13,20,9,14,12,5,6,14,5,8,0,12,4,4,13,8,8,7,7,13
"1980936",20,8,11,9,16,7,7,9,10,8,5,10,5,9,2,9,2,10,4,6,4,10,6,9
"2081051",11,20,10,7,5,2,7,10,3,4,8,11,5,2,5,3,12,2,5,1,8,6,6,7
"212790",10,20,14,9,14,14,5,11,9,12,14,8,3,7,10,8,7,11,15,9,8,13,15,17
"2170239",7,14,10,9,4,12,10,11,7,6,4,11,5,5,20,8,6,2,6,10,6,6,1,4
"222136",14,19,20,18,6,17,6,13,3,5,10,10,2,10,6,15,7,11,11,11,9,19,8,12
"224027",20,13,11,10,6,10,9,8,3,12,13,8,8,6,6,8,12,9,9,8,6,6,10,15
"225084",18,9,18,12,7,14,2,13,8,6,4,10,5,7,6,10,10,6,15,8,8,6,4,20
"2285",20,15,10,9,13,15,7,9,7,7,5,7,2,8,7,9,7,3,12,6,5,7,2,9
"2286",12,11,9,8,10,20,3,9,3,3,12,16,3,3,5,6,6,1,11,2,2,4,5,15
"2382161",14,13,20,3,7,8,9,5,9,9,13,10,4,6,5,3,7,5,10,7,2,13,13,11
"241244",16,19,15,14,16,16,7,16,7,10,13,20,8,19,19,10,13,7,16,5,6,14,13,11
"246875",15,15,13,20,12,11,3,14,7,4,2,6,5,8,8,5,3,5,10,3,6,9,2,8
"2485839",20,8,7,7,10,4,5,3,5,4,6,5,0,8,10,5,3,10,6,5,2,1,3,2
"254785",6,20,13,17,6,15,10,13,6,4,8,9,11,7,8,9,5,13,12,12,8,8,8,12
"2561898",9,13,6,15,13,13,12,7,4,14,15,13,5,9,8,3,5,6,11,13,20,7,15,11
"2681987",20,20,7,15,12,7,13,14,7,6,12,11,5,13,11,4,19,7,15,9,12,10,11,12
"269259",7,9,20,8,15,17,8,12,9,6,5,14,7,5,5,9,3,5,10,6,10,11,9,10
"2742598",15,16,17,17,19,11,11,13,17,14,13,14,16,16,7,13,13,16,20,12,14,14,20,11
"2759660",13,11,12,16,19,11,7,8,13,2,10,11,3,5,0,4,5,6,20,5,5,5,6,10
"2806205",20,17,13,17,8,12,14,13,9,6,12,7,2,9,7,2,11,10,8,13,8,11,9,13
"2824673",6,11,20,6,8,11,13,3,12,12,5,7,11,10,4,7,12,14,6,12,6,17,5,5
"2843722",18,3,6,2,11,5,10,7,6,13,3,8,4,12,10,9,20,5,6,9,5,8,10,5
"2844673",4,0,1,1,2,0,0,6,0,0,0,20,0,0,0,1,0,2,0,0,0,0,0,1
"2894593",16,12,15,20,7,18,6,13,13,10,13,11,3,5,15,8,11,15,17,11,12,15,10,4
"2925318",20,12,6,10,7,7,6,13,5,5,6,5,3,4,2,5,5,8,9,5,2,9,7,6
"29291",16,14,9,6,20,19,4,13,11,7,10,10,6,17,5,5,11,8,10,14,7,18,13,10
"2929515",20,19,17,8,10,5,6,18,12,7,6,11,7,5,6,9,12,5,8,15,3,4,8,13
"2931039",9,20,8,10,18,17,8,5,2,7,8,12,10,8,7,8,12,8,8,14,9,9,5,9
"29389",15,11,17,6,9,10,12,7,5,3,13,6,5,3,14,5,7,6,9,6,9,20,6,6
"2948679",15,15,12,10,8,20,15,15,15,8,15,13,10,7,7,15,4,7,10,9,8,6,9,12
"2951085",16,9,19,20,11,15,11,20,11,10,14,18,14,9,12,5,8,8,12,5,11,12,3,17
"2955344",18,18,11,16,15,20,14,11,18,17,14,10,15,12,8,12,11,7,10,14,13,11,12,17
"2955573",10,1,3,7,20,8,4,15,1,1,2,14,1,3,3,1,5,2,6,4,2,7,1,5
"2956352",16,13,9,11,20,8,17,8,15,13,14,9,17,7,10,15,11,9,11,4,18,14,18,9
"3021405",14,11,10,8,13,6,6,3,11,10,16,6,3,8,10,6,11,5,7,5,11,20,4,10
"3047865",20,13,20,11,17,9,8,13,3,6,7,9,3,3,6,7,11,9,15,5,8,12,8,12
"3050249",7,10,20,11,8,10,10,11,16,4,12,8,7,9,10,8,13,11,3,10,9,4,7,13
"309868",15,14,20,18,15,13,12,13,8,6,4,18,15,7,11,7,12,13,17,7,3,16,9,17
"361101",16,14,13,19,12,20,10,11,7,5,3,17,5,9,8,8,19,15,15,10,2,19,8,9
"374982",20,13,11,14,14,15,17,7,11,12,6,20,10,13,13,11,8,17,13,18,10,19,11,12
"41673",13,17,7,20,14,11,8,6,6,5,8,11,9,11,8,8,9,10,7,7,3,18,8,4
"44001",18,20,13,8,12,12,6,12,4,8,5,6,6,16,8,2,8,3,8,7,10,9,10,7
"447467",6,8,8,20,9,9,8,9,6,6,11,3,5,10,7,14,10,14,12,7,6,13,8,5
"51049",14,19,12,11,18,16,13,11,12,7,8,12,18,9,5,10,8,5,13,7,9,6,15,20
"53953",10,8,7,20,4,17,7,10,18,7,6,13,12,7,5,12,11,7,12,7,7,12,3,9
"548914",10,15,8,17,16,16,5,7,20,7,9,6,12,7,11,8,10,7,8,15,7,8,10,2
"58050",20,15,5,9,13,11,4,13,3,5,7,5,7,11,7,6,6,7,11,6,7,8,10,9
"60519",20,12,13,6,11,10,4,17,14,5,5,4,5,6,3,8,6,7,5,5,3,8,10,3
"74706",19,19,13,15,9,20,2,8,5,5,9,12,7,16,6,5,9,7,14,8,4,10,4,5
"766224",17,17,12,8,13,20,8,13,9,9,5,6,5,8,5,5,11,9,8,11,18,7,8,5
"84156",20,11,12,12,10,17,9,10,8,7,10,14,11,14,8,10,7,6,6,7,8,13,15,11
"84377",16,19,17,20,14,20,7,13,4,7,11,9,7,6,6,3,16,4,18,5,9,3,10,11
"85108",20,14,16,14,10,12,8,11,10,10,7,11,6,10,10,7,13,8,9,11,11,8,5,7
"85991",14,20,10,13,14,16,10,13,5,10,9,10,9,7,9,8,11,6,12,16,6,13,7,17
"86331",13,10,8,16,12,14,7,8,11,4,14,13,9,7,9,9,20,6,12,4,11,6,7,6
"102886",19,13,9,15,8,12,18,15,9,2,4,6,5,10,2,8,10,3,6,7,3,9,11,7
"1074467",12,10,14,15,12,10,5,5,10,7,5,14,7,7,5,4,8,3,19,9,10,16,9,9
"1094892",19,19,15,17,10,13,5,15,4,7,5,15,9,4,4,5,6,7,7,8,2,11,4,10
"1109712",6,14,19,15,8,5,9,6,10,7,8,11,6,9,8,7,9,3,11,5,12,12,8,4
"1177216",13,15,13,19,10,13,2,10,11,11,11,15,5,10,12,8,15,10,9,7,6,6,10,7
"123841",15,13,17,11,16,8,15,19,10,5,7,8,6,6,5,5,17,5,11,12,9,5,17,10
"1244",12,14,13,17,12,18,5,7,8,8,5,9,7,11,6,4,11,15,19,3,8,6,13,13
"1299429",16,6,3,2,4,7,9,8,7,2,4,7,6,5,3,4,6,19,3,9,3,13,13,1
"1326",19,8,9,14,13,18,1,16,4,2,3,7,3,9,7,9,8,5,8,6,4,6,5,9
"1329200",13,8,8,12,9,4,5,3,9,2,1,5,10,4,4,3,6,2,7,5,2,19,2,3
"144",9,5,7,19,4,7,9,6,7,1,8,3,5,6,4,8,10,7,5,1,9,6,6,9
"1495331",6,7,1,5,0,1,1,1,6,2,0,3,2,1,0,2,0,2,19,1,0,4,6,2
"1499987",11,13,11,15,5,19,6,14,2,3,7,7,2,8,6,1,4,3,5,3,4,5,2,3
"157268",9,13,7,7,9,19,2,12,6,3,4,3,1,5,4,1,9,4,6,4,6,7,9,5
"1574269",8,16,16,10,14,19,6,8,4,5,3,7,6,6,10,3,6,1,10,1,6,16,4,4
"1582",15,8,12,10,7,19,12,5,4,2,4,7,5,3,15,3,11,7,2,13,3,7,6,3
"1625",19,6,4,14,14,13,4,5,8,8,7,12,3,6,7,7,9,1,12,6,5,10,6,9
"1660079",10,13,16,7,11,19,1,10,10,6,8,12,4,2,0,0,9,3,11,5,2,6,4,11
"168169",12,14,19,2,10,14,5,8,6,19,9,8,8,5,5,3,6,5,7,10,7,13,4,8
"1737405",12,19,17,17,10,11,5,10,5,5,9,6,3,13,5,11,8,8,6,14,10,15,4,15
"1805431",13,11,15,7,8,17,4,19,12,4,5,12,3,5,9,10,9,13,7,3,6,7,11,9
"1884634",10,18,9,8,19,16,9,10,8,10,14,14,13,9,8,13,8,6,9,10,14,5,3,7
"1930546",17,19,12,13,7,17,13,11,15,13,10,13,14,9,5,8,12,7,19,5,3,17,14,16
"1930764",15,19,12,7,8,7,6,8,8,10,4,10,4,3,1,12,11,7,15,3,6,12,9,5
"1945657",10,19,12,9,15,10,5,13,11,2,3,8,3,3,5,5,6,5,11,1,5,9,1,11
"2003370",8,17,17,16,13,19,10,9,4,18,7,8,12,12,16,6,11,6,13,12,8,16,15,18
"201828",13,10,14,7,12,11,8,8,7,4,6,5,8,9,8,5,9,4,6,2,5,2,19,14
"2024974",16,16,12,7,15,14,5,17,14,5,14,19,6,8,6,13,18,6,15,7,11,19,10,9
"2044912",9,18,9,14,9,8,0,19,8,8,10,4,1,11,6,4,5,5,10,4,7,13,9,8
"2123",19,2,7,5,5,8,3,6,1,0,2,5,0,0,1,3,5,1,4,5,2,2,1,7
"2282148",18,4,4,11,6,5,10,6,6,9,13,10,5,10,8,4,6,15,8,6,6,19,4,7
"246273",4,12,6,7,19,16,4,9,1,2,1,12,3,10,3,2,0,2,6,3,5,8,4,2
"251540",10,16,12,15,11,12,9,18,10,10,8,10,7,11,8,3,7,6,10,6,7,14,6,19
"2560509",5,9,17,9,17,11,19,15,10,12,8,11,14,8,11,10,11,7,15,4,7,7,10,7
"2590895",15,15,19,15,11,13,13,18,7,6,7,15,10,17,12,5,2,3,15,5,12,6,5,12
"2592653",19,17,14,10,14,13,10,15,14,9,10,13,4,8,7,2,9,5,8,9,4,10,6,9
"2675726",10,10,12,12,13,10,8,10,19,8,14,9,5,6,6,11,12,10,13,13,8,9,12,9
"2681469",7,5,6,10,11,19,1,7,4,7,5,12,5,0,3,0,7,9,8,6,7,9,2,11
"2681986",12,12,8,15,11,17,1,7,8,9,6,6,4,3,4,4,19,5,3,13,4,4,8,8
"269258",10,16,19,16,4,15,8,13,12,5,12,9,1,11,11,6,15,8,9,15,9,8,11,9
"2714946",19,13,13,15,18,8,8,10,6,10,5,7,4,10,5,2,9,6,12,5,4,10,11,10
"2724470",13,14,19,7,13,14,7,13,13,9,7,12,11,8,6,7,10,8,9,8,10,4,8,10
"2733866",12,7,7,14,14,9,16,16,3,12,6,9,8,5,7,11,2,7,11,12,6,7,18,19
"2734261",8,12,12,4,19,6,1,15,1,3,3,3,4,1,5,4,1,3,8,1,1,4,0,3
"2734264",6,16,14,13,12,8,13,7,8,8,15,3,6,6,4,10,7,6,19,16,7,7,7,5
"2751176",15,19,12,10,14,14,6,11,3,8,2,11,6,8,15,5,14,14,6,8,8,11,6,7
"2751177",14,14,18,10,14,5,3,19,6,2,9,11,6,5,5,6,14,8,6,6,3,12,5,7
"2767353",12,19,10,14,13,16,6,12,3,9,7,12,7,3,13,8,17,8,5,8,4,18,13,8
"2767886",3,11,12,7,18,15,4,10,5,6,3,12,6,3,6,11,19,12,6,11,7,11,5,9
"2768133",6,10,14,8,19,10,7,11,5,5,8,16,4,6,10,3,14,7,6,6,3,11,6,6
"2776868",9,11,2,11,19,9,9,10,10,8,9,6,7,3,8,5,8,7,8,5,6,5,8,14
"2792978",19,7,11,10,5,4,7,8,7,3,7,4,5,6,9,9,5,7,8,8,1,11,2,6
"2795389",9,14,13,9,3,11,13,13,5,9,4,15,6,5,4,5,19,5,16,6,10,7,11,3
"28200",14,7,10,4,10,11,6,19,4,2,2,8,4,4,5,4,7,3,8,8,2,5,1,6
"2823905",15,11,13,15,5,6,2,19,3,3,3,7,4,2,1,5,8,11,4,7,8,5,5,7
"2827233",19,17,17,16,16,18,9,10,12,6,4,15,10,13,17,6,14,5,10,3,5,12,5,13
"28898",13,16,12,16,10,19,8,18,7,11,18,10,9,8,9,12,10,17,15,4,10,11,13,8
"2892396",6,14,16,19,6,16,10,13,10,4,10,14,15,9,7,17,12,15,9,15,10,13,7,3
"2910755",17,6,19,4,10,14,3,8,9,4,11,9,6,10,8,4,6,7,14,4,8,8,2,2
"2911527",19,13,10,7,9,6,6,11,9,4,3,6,3,8,0,5,6,4,6,5,9,12,8,3
"2944914",11,17,14,16,14,12,5,17,6,12,10,11,4,7,6,6,9,9,13,7,8,19,12,13
"2948573",9,19,13,10,16,7,11,8,11,9,4,12,2,8,9,6,11,3,14,6,6,7,9,10
"2948936",16,19,17,11,16,19,13,17,10,11,14,18,6,10,14,9,19,13,19,11,16,16,9,14
"2955565",7,19,1,6,8,6,4,4,2,5,2,3,5,5,1,8,6,1,4,2,5,2,1,10
"2955604",13,19,17,10,18,13,10,19,16,12,7,8,11,8,12,15,18,6,15,6,6,9,9,6
"2955710",6,11,14,8,2,5,8,14,4,7,8,19,6,5,6,7,2,3,4,7,2,3,5,5
"2961520",19,7,16,10,13,9,8,14,6,9,7,10,3,10,8,3,15,4,19,6,4,14,4,8
"2962659",16,9,12,18,15,15,9,19,9,5,9,14,4,8,4,6,2,11,10,11,3,19,4,10
"2979331",5,8,9,17,12,17,8,19,6,5,1,4,3,4,8,4,7,3,8,12,8,3,4,11
"2991499",19,16,11,16,15,12,5,14,6,6,6,7,1,6,2,6,11,5,15,4,6,12,2,7
"2993455",19,10,7,5,7,8,10,11,3,2,6,8,3,6,7,0,3,1,15,6,4,3,2,6
"2993618",13,18,9,5,8,8,19,9,18,5,5,7,9,11,8,4,6,14,9,10,15,15,16,11
"3050333",10,18,10,4,8,10,12,7,11,14,15,4,9,7,7,5,6,5,6,8,8,19,7,12
"33042",8,8,5,10,7,13,11,11,6,9,6,12,6,5,11,1,10,19,9,5,13,8,13,4
"39778",10,19,12,5,7,13,8,4,10,9,5,16,8,11,9,9,9,11,5,3,6,13,9,16
"40222",16,7,7,19,16,9,4,8,9,4,6,5,5,5,6,7,7,10,16,6,6,10,2,6
"404582",15,13,14,14,18,10,11,11,5,7,11,15,6,11,9,17,16,16,16,19,13,13,16,6
"41675",14,11,19,10,10,11,7,16,14,9,10,12,10,6,9,6,11,9,13,4,6,7,2,10
"447032",19,10,11,13,10,3,3,9,12,8,5,14,7,6,9,2,3,7,11,2,10,3,3,7
"505249",14,12,10,10,5,8,7,19,4,4,0,13,3,2,3,1,8,5,6,2,5,4,6,4
"51367",10,14,16,19,19,17,5,15,11,11,8,11,10,10,10,12,12,11,12,9,8,12,12,15
"51637",4,19,3,0,4,13,0,13,0,0,0,2,0,1,0,0,8,1,1,0,0,1,0,0
"558016",10,19,11,8,4,12,8,4,9,11,8,14,8,5,8,6,15,9,9,7,7,2,17,9
"563177",19,14,7,17,5,10,6,7,9,8,10,8,7,13,4,8,16,4,5,6,1,6,4,5
"56426",10,12,5,13,19,15,8,10,9,5,9,19,9,11,2,8,8,7,11,6,10,3,13,4
"595671",16,14,9,14,17,15,9,13,14,6,17,13,7,12,13,16,19,12,12,7,9,12,12,16
"621376",10,5,5,13,7,12,14,14,6,10,9,4,13,5,7,19,4,7,13,9,17,8,3,6
"644524",12,19,11,4,8,8,13,11,11,4,7,10,7,10,1,3,4,13,4,9,7,11,9,2
"712150",8,8,9,9,19,6,0,17,4,4,7,11,6,4,4,0,9,8,12,6,5,10,8,7
"712368",18,13,19,11,11,12,8,17,6,4,8,8,12,1,6,4,11,7,10,3,6,10,5,10
"76629",14,12,12,11,12,9,3,8,9,8,10,19,8,3,2,4,12,7,8,5,4,5,2,12
"79601",16,11,13,9,19,10,12,7,8,9,11,13,10,4,9,8,12,8,5,8,4,11,15,4
"809",19,5,10,11,5,16,4,6,11,8,7,6,12,9,3,17,7,7,17,11,4,11,11,5
"84107",13,10,5,7,15,15,13,6,11,5,5,7,6,11,11,7,10,11,13,12,6,19,16,17
"938155",19,14,15,11,13,8,9,10,9,6,2,7,2,1,9,1,10,2,11,10,11,6,3,7
"944",11,12,11,15,17,8,14,11,15,15,11,19,1,10,10,6,13,6,12,13,6,9,10,14
"985052",7,16,16,16,17,19,10,7,17,19,17,8,15,4,4,14,18,10,6,12,15,16,9,11
"994695",19,13,11,13,13,10,7,12,4,8,7,14,3,6,13,5,7,4,6,5,11,11,9,14
"1041504",15,13,18,8,6,5,3,17,7,5,5,8,6,4,6,4,6,10,4,7,3,10,6,7
"1051138",18,0,4,10,10,0,0,11,0,1,0,6,0,0,0,1,0,0,6,0,1,2,0,1
"10704",15,6,11,2,16,0,3,7,17,1,1,1,3,11,11,0,1,1,18,6,6,7,1,10
"1081",9,7,5,8,3,18,3,7,4,5,12,10,5,6,14,7,11,8,7,3,10,9,9,3
"111955",11,4,18,10,11,6,13,5,5,5,4,11,6,7,5,0,1,2,10,6,3,12,3,9
"113107",10,9,12,8,18,7,9,5,9,7,7,10,5,4,6,7,6,8,7,10,3,13,11,6
"1162633",18,11,13,10,14,14,8,3,9,4,6,11,5,3,3,6,3,9,6,12,10,6,5,8
"1164882",5,18,5,2,0,9,6,6,4,4,6,2,8,3,6,9,3,4,4,7,4,5,8,4
"1184396",8,12,7,18,10,13,6,10,6,4,6,15,3,9,5,3,17,14,13,9,13,10,9,6
"1188795",6,4,11,3,18,10,7,5,7,7,3,2,4,5,5,4,7,7,10,8,7,7,7,7
"1194427",13,16,13,7,15,8,11,18,9,8,4,6,7,11,13,6,6,13,12,7,9,8,14,11
"1296540",8,18,5,15,11,10,6,9,12,8,5,14,9,6,10,3,14,9,4,10,4,6,12,15
"135735",12,14,12,3,18,8,2,7,4,0,2,2,2,4,2,5,4,2,3,1,4,6,3,5
"141",17,11,7,18,5,15,10,4,7,6,5,4,10,3,5,6,7,5,8,8,3,14,8,6
"1449781",10,13,13,5,11,4,2,7,3,5,2,3,1,7,1,5,2,1,2,1,3,5,6,18
"149715",14,10,6,6,13,15,8,4,8,6,4,18,3,10,2,2,7,1,9,6,1,11,4,5
"1524882",13,11,14,11,17,11,2,13,4,1,0,14,2,1,2,0,3,3,14,1,5,9,0,18
"155863",9,10,12,18,6,14,9,15,13,13,11,8,12,15,10,11,15,3,6,18,8,8,10,4
"1631871",12,16,6,6,10,15,4,9,7,10,5,10,8,5,11,4,18,8,7,15,7,4,7,11
"164514",12,8,15,9,18,11,6,15,8,3,4,6,8,6,8,6,10,7,10,9,5,10,6,7
"171284",14,14,18,16,11,15,9,7,9,18,5,5,10,11,10,7,5,8,9,6,6,12,8,7
"1740",13,12,9,2,9,11,3,5,3,6,10,10,3,3,11,6,7,11,6,3,6,18,4,10
"1806891",9,6,10,3,3,8,4,5,7,5,5,4,2,6,8,9,18,1,10,8,7,8,3,7
"182709",10,6,18,11,16,10,3,7,18,6,5,8,9,6,10,5,13,5,8,6,7,18,6,6
"1912871",12,9,11,18,11,8,8,6,9,3,12,13,3,7,10,2,8,6,7,5,6,8,6,10
"196118",13,7,10,18,8,4,6,4,1,3,7,3,5,8,5,4,11,3,6,2,15,1,2,8
"1963360",13,17,8,10,15,13,6,18,9,3,5,8,9,16,7,9,13,12,7,8,14,12,7,11
"1983110",13,3,8,18,12,9,10,8,12,6,10,11,9,12,8,9,11,10,11,16,7,7,11,8
"1983734",10,18,10,15,11,10,13,12,13,14,9,14,3,9,12,15,16,12,7,7,14,11,8,14
"1983750",7,7,6,13,18,8,2,8,1,4,5,11,0,5,3,2,3,2,11,5,2,4,3,5
"2025360",7,7,1,2,5,11,1,8,0,1,1,18,0,1,0,0,6,3,5,3,1,0,2,4
"202747",13,17,15,15,8,18,9,12,4,6,4,14,4,5,17,3,14,2,14,3,4,16,15,11
"207244",13,9,16,9,12,12,15,4,10,8,18,14,12,10,12,9,7,11,11,11,6,11,7,7
"2083300",3,3,1,18,3,1,2,1,1,1,0,0,3,1,3,3,6,3,0,0,0,2,1,5
"2099788",16,16,15,12,10,12,16,18,8,4,7,14,5,5,5,8,13,9,14,16,11,9,16,11
"2133",18,10,6,2,4,6,0,2,2,2,4,3,0,7,0,2,7,3,8,2,3,7,4,1
"2138",14,12,9,7,18,10,6,9,11,4,2,6,9,4,2,2,18,4,8,7,1,1,10,12
"2162",12,17,12,4,18,12,7,10,9,5,7,5,14,11,8,6,10,9,8,4,5,6,9,1
"2172",5,9,6,1,13,4,2,6,14,3,2,6,4,8,7,1,9,3,7,7,18,2,1,8
"2283",18,12,8,14,12,14,8,0,5,5,7,13,11,8,10,10,8,5,4,11,8,1,4,6
"233316",18,10,12,13,8,13,8,13,3,17,8,9,2,10,6,11,11,10,11,9,13,10,7,9
"2545800",16,12,17,12,14,4,11,18,5,6,3,11,10,2,12,9,10,6,10,8,5,15,13,5
"2560360",12,5,5,7,6,3,4,7,13,5,7,3,2,6,5,3,2,1,18,1,6,13,2,6
"261963",11,18,16,12,12,13,10,18,10,5,6,13,8,15,7,7,12,10,17,8,12,16,11,14
"264691",11,8,3,5,8,18,3,8,6,4,10,5,4,5,4,5,8,14,7,6,3,1,6,5
"2656551",9,3,4,6,8,9,12,5,5,16,18,4,9,14,9,6,7,9,11,8,8,8,4,7
"2686229",16,15,15,15,5,16,9,11,13,10,18,4,11,8,8,9,7,9,13,5,14,8,18,7
"2725268",14,9,12,17,12,18,6,14,10,5,13,11,8,13,9,8,7,5,11,5,10,13,9,13
"2734217",11,5,5,9,18,4,8,5,8,7,4,8,6,1,4,3,14,10,3,4,9,10,6,1
"2734242",18,7,15,16,7,2,8,5,10,5,11,11,3,4,8,10,12,6,4,2,4,9,6,4
"2734279",4,7,5,2,8,7,10,18,6,6,4,13,5,4,14,6,4,3,0,4,10,7,9,2
"2778055",13,14,4,17,11,7,8,11,5,18,12,18,5,7,16,6,11,10,8,7,11,9,17,11
"2785630",5,6,9,14,13,11,15,9,5,12,7,5,10,4,7,6,9,4,18,5,1,8,11,9
"2789208",18,7,8,3,10,8,2,5,1,1,1,4,2,5,2,1,3,2,9,2,1,2,1,2
"2802577",14,9,13,18,2,11,6,4,7,4,5,11,4,4,5,6,9,9,6,7,5,5,7,4
"2811778",17,11,18,16,4,8,2,14,4,6,13,5,7,12,6,9,16,10,6,6,7,11,12,9
"282132",10,18,7,6,4,10,5,3,9,1,5,9,3,2,1,4,3,0,6,8,3,10,1,10
"282676",12,13,12,14,16,18,14,7,16,6,8,8,10,17,9,9,13,8,11,10,9,11,6,11
"2845969",18,1,6,1,9,0,2,4,3,2,5,7,2,4,1,1,0,3,3,3,2,5,3,1
"2846392",1,1,0,1,0,2,0,2,0,0,2,1,0,3,1,0,2,0,18,0,3,4,0,1
"2851540",11,7,9,13,9,8,7,13,16,5,10,10,8,7,5,7,11,5,9,13,11,5,18,10
"2885951",11,17,11,6,10,16,5,11,18,9,8,11,8,10,7,9,7,11,8,7,10,9,6,6
"2930198",13,16,11,9,18,9,8,12,11,7,3,12,6,5,9,7,13,6,9,13,6,13,7,7
"293371",12,15,15,13,18,16,13,5,8,10,11,10,8,8,10,5,6,5,9,5,8,16,9,6
"2942452",18,5,12,13,17,6,14,7,7,5,4,8,3,7,8,9,12,4,16,8,5,1,8,12
"2943016",18,9,6,9,5,7,7,13,4,4,3,8,2,3,5,0,2,4,10,4,12,5,0,7
"29433",13,9,7,9,7,7,6,11,6,6,1,10,2,11,3,6,3,7,7,12,3,18,3,2
"2946794",7,14,18,12,15,9,16,8,15,7,16,15,6,9,6,15,11,7,17,15,7,10,7,12
"2946815",11,10,10,7,8,14,5,6,14,11,7,13,11,8,7,10,18,8,8,10,14,11,7,12
"2948726",6,4,4,3,18,3,1,2,0,5,2,5,3,2,8,5,6,4,6,7,4,2,3,4
"2948939",18,4,4,4,3,6,12,8,7,8,6,2,3,7,4,5,5,9,5,5,5,7,2,4
"2955413",8,9,14,10,6,8,10,10,6,18,2,4,10,9,5,10,7,8,8,6,5,10,4,8
"2955597",17,12,18,5,10,7,10,5,16,15,8,8,8,10,10,3,12,9,12,16,5,8,8,7
"2956318",1,8,4,2,4,18,4,9,6,9,6,9,4,7,2,7,2,3,2,4,5,15,3,0
"2956575",12,12,9,18,4,11,7,9,8,10,6,4,3,7,12,7,4,8,9,7,9,12,7,11
"2979330",12,18,14,7,13,7,2,11,17,4,9,5,4,5,6,6,9,10,4,17,3,7,17,6
"2983210",5,18,4,14,9,17,8,11,8,5,6,15,1,14,3,8,12,7,11,8,13,14,6,11
"3004105",18,15,13,17,9,14,11,14,9,6,4,7,2,9,8,11,9,10,4,8,4,9,8,11
"3015169",8,16,18,15,13,12,12,16,9,4,9,13,3,11,7,4,13,12,9,5,6,15,6,10
"3041619",18,7,14,13,15,13,6,10,8,2,9,12,7,10,10,7,6,14,10,5,8,9,10,6
"3050131",18,11,16,4,5,9,3,7,4,1,8,4,2,8,10,1,8,2,17,4,2,15,3,7
"3050259",2,7,2,18,7,8,3,11,3,8,11,8,2,6,3,10,2,5,4,8,2,4,8,6
"31984",16,16,8,6,14,18,11,11,0,6,7,17,6,7,4,7,12,11,7,7,7,15,8,15
"33034",14,15,15,9,9,11,4,7,5,6,11,12,10,6,7,8,8,7,18,10,13,13,11,14
"365348",18,13,12,13,11,7,6,8,6,6,7,11,7,7,8,4,8,4,9,5,5,5,6,11
"379547",13,14,4,12,6,8,11,5,18,7,11,12,8,18,13,8,10,5,11,8,15,15,8,8
"46632",11,18,12,9,8,6,7,4,7,8,6,9,8,6,3,4,6,3,7,7,9,7,4,6
"596095",12,12,13,7,12,15,7,11,6,3,8,15,5,8,4,6,10,7,14,10,8,12,7,18
"83560",18,12,1,4,5,5,7,5,2,5,3,10,1,6,4,4,6,7,2,9,7,9,4,7
"83683",8,16,8,12,9,18,4,14,6,13,5,17,4,16,9,14,14,5,10,11,16,13,13,15
"92758",16,12,7,10,10,10,2,9,5,2,6,10,4,5,10,1,4,2,2,5,10,12,8,18
"938288",13,18,12,16,5,10,2,10,13,5,11,15,9,11,3,10,9,1,7,9,7,9,10,9
"94694",18,14,10,16,11,14,11,11,12,7,16,13,6,6,7,8,8,14,7,6,13,13,14,8
"954",9,11,11,11,17,17,8,12,9,4,1,7,5,4,4,4,10,1,18,6,3,10,10,7
"1054034",11,17,15,4,15,12,7,13,2,3,10,10,9,3,5,3,8,8,13,7,4,3,11,15
"1071078",16,7,12,8,14,11,11,17,14,16,13,10,13,17,12,8,10,5,12,3,6,12,5,15
"111844",15,10,15,8,14,12,7,16,9,4,9,12,5,2,9,6,7,6,14,4,6,17,3,9
"1179777",8,13,13,12,16,15,8,7,9,6,7,17,11,3,8,9,5,1,9,6,11,14,5,8
"1183412",17,9,12,7,12,11,8,7,5,5,2,4,5,7,5,6,11,1,9,11,7,8,4,6
"1218493",7,11,8,10,8,17,4,9,7,10,7,7,9,2,9,10,4,8,15,3,6,16,10,4
"1252",15,8,13,11,17,9,15,15,11,8,10,10,4,5,7,7,4,11,11,8,10,5,9,6
"1281486",9,9,12,17,8,15,10,8,6,4,2,7,4,5,4,4,8,8,16,1,6,10,10,12
"1316593",9,6,17,7,7,7,9,14,4,4,4,9,2,4,7,2,10,12,14,2,13,2,6,5
"137732",17,14,12,11,13,11,7,6,3,5,7,6,5,5,4,7,12,6,7,9,6,4,6,8
"139",16,7,11,14,11,13,10,17,8,5,7,8,6,4,5,4,6,9,7,7,4,5,8,7
"1576550",12,11,6,14,17,14,3,12,10,5,8,12,13,9,9,1,6,11,17,3,2,9,4,5
"1609559",8,13,9,15,12,5,7,11,4,6,12,7,4,11,10,10,8,8,7,7,7,12,17,9
"1636270",3,1,17,0,3,1,1,1,2,0,0,2,0,0,3,0,1,0,4,0,2,4,0,0
"1655500",9,5,17,10,13,9,3,9,8,7,3,5,4,3,7,5,14,6,8,6,11,4,10,14
"1673428",17,14,11,15,14,14,7,17,13,7,12,10,9,17,6,12,13,8,17,14,14,10,5,11
"1843490",15,14,5,6,8,6,2,7,6,7,7,9,5,6,3,14,9,10,13,12,6,6,8,17
"1858563",3,14,15,4,17,8,5,13,8,7,6,9,4,8,6,7,5,7,5,4,6,9,3,9
"1937005",9,8,1,15,7,17,5,8,7,9,10,10,6,7,8,9,7,11,5,6,9,9,3,11
"1977864",15,12,13,11,7,11,7,17,11,8,11,7,8,2,10,9,9,4,8,3,9,8,15,7
"1983736",5,9,14,6,11,15,6,5,3,12,10,8,6,6,4,10,10,17,5,11,9,7,13,8
"2005262",13,3,5,9,17,6,8,13,1,8,8,8,7,5,7,8,12,10,3,7,5,14,6,10
"2099",9,7,7,8,6,9,5,13,9,8,6,17,6,6,2,8,5,13,4,3,4,8,2,7
"2110",5,17,13,12,13,10,9,7,3,9,10,2,5,10,6,3,3,2,4,1,10,4,4,7
"2176",6,5,4,6,10,17,3,14,6,12,4,12,4,5,3,5,9,7,9,9,11,16,6,6
"2177",15,16,16,10,6,17,13,13,3,10,3,10,10,8,2,7,10,10,10,6,2,7,2,12
"2203895",4,14,10,17,10,10,6,13,5,4,5,1,7,6,4,8,8,6,8,9,5,9,12,5
"2216012",14,17,11,15,14,12,9,5,9,11,6,9,14,10,8,5,16,11,8,7,7,7,8,11
"2280",9,16,9,10,17,5,6,11,3,4,4,6,4,2,8,5,4,5,10,3,6,6,7,4
"2321111",7,11,7,11,13,10,4,2,0,2,5,7,6,1,8,3,6,3,8,7,4,17,4,13
"242527",17,10,2,17,7,9,7,16,5,6,7,5,2,6,4,10,7,3,13,5,4,7,5,8
"2485784",10,17,5,9,10,12,7,10,2,4,7,5,4,6,0,7,13,3,9,11,8,13,5,1
"2499213",17,7,5,2,6,6,5,5,1,2,1,5,3,4,3,1,8,2,6,5,4,6,9,4
"2609668",9,17,16,9,12,8,7,6,4,4,2,8,5,4,12,3,7,3,3,7,4,12,3,6
"267890",13,16,14,17,11,7,7,8,17,11,8,11,7,6,11,5,12,9,10,6,10,14,1,6
"2734274",17,8,9,2,8,6,4,11,8,9,9,6,7,8,5,6,10,3,12,4,6,2,7,3
"2737",7,12,3,11,10,16,7,17,6,10,9,15,4,7,6,7,8,3,8,7,11,17,17,16
"2831895",9,6,17,6,6,4,10,10,7,9,7,13,5,9,6,11,15,8,7,7,4,4,4,11
"2831896",10,15,11,10,15,8,12,11,15,17,5,12,12,10,6,11,16,2,8,17,9,10,14,9
"2840371",17,7,14,14,12,13,4,7,3,5,5,7,9,3,0,1,13,3,3,5,7,8,3,4
"2845592",7,8,6,5,17,4,2,10,2,0,2,4,4,0,3,0,0,0,5,1,1,3,1,1
"285729",13,11,8,12,9,11,8,10,8,4,6,9,6,9,6,5,14,10,8,14,3,17,1,9
"2886031",17,8,9,12,9,11,5,9,9,3,5,4,4,4,9,5,2,2,8,6,5,10,2,5
"2886505",17,3,12,3,5,3,0,4,3,0,4,0,5,4,2,2,2,0,3,2,2,4,2,5
"29380",17,9,9,11,12,15,7,9,7,8,0,13,5,11,6,6,14,4,16,5,14,6,1,10
"2942997",10,8,9,8,17,10,6,10,8,7,6,3,3,8,10,7,6,4,11,11,5,10,6,9
"29519",10,7,9,4,4,17,3,10,2,2,5,4,5,5,5,6,12,2,3,3,3,4,8,4
"2955352",14,8,12,8,13,5,11,7,17,11,4,12,9,9,7,4,9,5,7,7,9,15,9,9
"2955509",12,11,11,13,2,15,8,6,5,15,17,8,1,12,11,7,11,8,11,3,6,8,2,8
"2955912",10,17,7,2,4,8,2,3,2,5,7,3,5,9,2,6,3,7,5,7,6,6,9,7
"2956389",8,17,14,5,6,8,5,2,9,17,6,3,3,5,5,7,7,5,7,9,6,7,2,4
"2956579",16,15,12,11,13,12,10,8,9,12,17,8,8,8,13,5,12,6,12,11,9,16,11,7
"3033391",12,17,11,13,6,8,16,4,10,14,8,11,5,11,4,8,7,9,11,6,6,7,6,3
"3034029",13,17,6,8,14,16,10,12,14,4,6,10,7,8,6,3,12,4,4,5,6,12,9,6
"3056835",17,12,14,6,15,17,10,7,4,7,6,13,10,14,10,8,9,14,13,10,12,4,9,7
"33968",12,14,5,15,16,10,15,17,4,13,10,9,6,9,11,8,12,10,9,7,10,10,6,12
"43660",13,3,14,10,17,9,7,10,0,5,9,10,10,2,7,8,3,0,17,7,6,4,7,6
"522485",11,9,7,5,4,12,11,6,7,11,8,13,8,9,5,5,3,4,6,13,10,17,6,11
"588",17,12,11,5,14,15,10,15,9,9,5,7,4,12,7,5,14,8,8,10,5,14,5,11
"60919",3,7,8,10,8,4,12,7,3,10,9,17,6,8,5,5,7,7,1,9,10,11,7,8
"61015",12,15,17,12,8,15,12,15,8,7,8,15,12,5,3,7,10,6,14,7,4,10,10,7
"649161",16,16,11,12,15,14,8,8,8,8,14,10,12,8,13,9,6,9,6,7,17,11,7,8
"669357",10,8,17,11,9,8,8,4,4,4,6,6,5,6,2,7,2,5,11,6,7,8,6,8
"680118",8,10,11,14,12,9,17,11,9,11,8,11,11,7,8,4,6,5,1,10,7,10,7,8
"72273",15,6,8,9,16,8,5,17,7,10,3,8,7,9,8,5,11,2,9,9,5,12,5,7
"81852",10,17,8,5,11,16,8,8,7,5,7,11,10,5,6,8,7,10,12,5,6,10,6,12
"83526",11,7,8,14,12,9,3,11,7,9,1,17,5,8,7,5,5,5,7,6,5,8,8,4
"83555",13,5,13,5,8,3,15,17,3,7,9,9,4,3,7,1,3,6,6,7,3,5,7,6
"84135",15,14,6,7,17,4,1,8,3,6,6,13,3,6,2,2,5,3,9,10,5,8,8,5
"85018",4,8,5,9,14,4,13,9,7,17,15,4,15,8,8,9,13,14,8,3,8,3,5,7
"86840",4,17,6,5,7,6,8,4,2,6,5,8,3,3,4,3,8,3,5,4,4,5,6,8
"97481",14,10,15,17,5,10,6,7,4,6,5,14,2,8,8,3,9,3,14,9,4,9,3,4
"10257",10,6,6,1,6,16,12,13,3,5,6,8,4,7,4,2,9,8,3,5,7,13,8,10
"1068590",12,9,11,6,7,11,11,10,4,0,2,16,5,3,3,5,14,6,8,7,9,8,4,9
"1081631",14,8,6,12,12,11,4,9,2,9,9,11,8,7,7,5,16,6,7,7,8,9,4,3
"111504",14,14,9,14,8,13,16,15,9,11,10,7,2,11,7,6,7,8,12,11,4,15,8,9
"114883",16,6,8,5,5,8,3,5,0,5,6,4,1,0,3,2,3,1,8,2,0,6,2,3
"1157948",14,6,6,5,11,9,11,16,2,8,8,13,10,11,5,9,6,11,9,10,13,14,14,7
"1195070",13,4,15,15,9,16,8,8,12,14,9,6,15,4,11,10,6,13,7,11,12,5,5,6
"1196056",8,1,2,5,1,2,1,4,0,2,0,4,1,0,0,2,2,0,16,1,1,5,1,1
"120577",5,5,4,4,4,3,3,5,7,6,2,16,4,1,5,4,2,3,4,2,1,8,8,4
"1217416",4,15,12,7,15,16,5,11,5,5,11,10,2,7,13,4,7,3,11,6,3,10,13,8
"1324864",15,3,9,8,14,3,7,6,9,5,6,13,7,4,7,9,9,4,16,1,6,10,3,10
"1346829",12,14,14,7,10,9,10,13,9,6,8,9,9,5,8,5,16,8,13,5,8,11,7,7
"1432056",5,5,8,3,1,16,1,14,1,2,1,8,2,2,2,5,13,1,6,2,3,5,4,5
"1434099",8,12,3,14,5,6,6,16,8,5,8,12,2,10,6,7,12,10,6,14,7,7,2,6
"147802",14,12,14,9,10,11,9,12,12,4,4,16,5,11,6,3,14,6,6,3,5,8,13,8
"1505597",10,13,10,11,14,11,5,4,5,9,3,6,2,1,7,2,16,5,9,6,5,10,8,9
"157691",12,4,6,3,7,16,6,10,6,3,5,5,9,3,11,4,7,3,7,4,9,7,4,12
"1596",10,9,10,8,7,12,2,10,4,2,8,9,3,8,8,3,4,3,5,5,6,16,1,11
"1614",14,12,8,11,15,14,8,16,9,6,10,10,7,2,10,11,10,6,8,5,8,6,10,10
"1705617",13,13,12,8,16,4,2,7,4,4,7,10,3,5,3,3,1,3,10,4,4,8,3,4
"1886670",10,16,13,5,6,4,8,16,10,7,2,11,5,4,2,5,11,3,7,4,2,12,6,7
"1937004",7,13,11,5,9,16,5,13,8,8,14,3,7,8,6,7,2,6,7,2,10,3,4,5
"1945658",7,6,10,9,12,6,4,12,2,4,6,16,4,3,2,2,6,1,7,1,4,8,3,12
"1982091",8,0,8,4,6,7,7,2,4,3,6,16,5,6,4,3,3,1,4,1,7,2,2,8
"1987921",16,9,9,8,7,11,3,9,5,10,3,8,5,1,2,2,5,3,6,4,3,7,4,12
"2024616",4,16,2,4,0,6,2,3,6,5,6,2,5,4,5,5,4,3,7,6,9,2,4,4
"2037915",13,11,6,12,8,16,15,8,7,4,3,10,5,7,11,9,8,5,11,10,9,3,13,5
"204456",2,6,2,6,7,0,9,1,2,1,2,16,3,3,3,4,6,3,0,2,3,2,4,4
"2058133",16,15,12,6,11,8,4,10,10,5,8,12,7,9,12,12,4,7,13,7,11,5,7,6
"2116",14,12,10,15,13,12,10,14,7,5,11,16,6,6,2,4,8,5,11,7,7,12,5,9
"2121",12,13,6,13,12,16,6,2,5,5,9,13,5,5,4,6,7,5,6,9,9,8,10,6
"2175",12,10,6,8,16,9,8,8,8,2,3,9,4,1,2,4,2,7,12,7,4,5,4,1
"2267",8,8,5,7,15,11,9,7,5,12,7,7,3,6,2,6,8,9,0,8,2,10,16,8
"2301693",7,1,2,1,0,0,0,16,2,2,3,3,0,1,0,0,1,0,1,0,2,4,0,0
"2483794",9,9,2,16,6,7,9,7,3,2,5,4,8,3,4,7,10,7,6,4,5,4,11,7
"2490853",4,5,3,2,5,11,6,13,10,3,1,5,3,6,3,2,2,4,1,6,4,3,8,16
"2576376",6,5,16,13,6,5,7,4,5,4,7,9,3,15,7,2,11,3,9,6,8,9,7,4
"2591216",16,8,8,5,9,7,4,4,11,5,8,13,2,6,10,3,16,7,6,8,11,7,12,9
"2591217",10,16,5,12,7,16,6,14,12,6,7,5,2,1,3,5,3,8,11,5,6,5,7,7
"2681470",12,13,13,11,10,15,4,16,8,5,4,3,2,14,3,5,9,0,8,5,9,14,8,4
"2683193",8,5,7,13,12,8,5,10,4,7,9,7,8,4,3,0,7,7,11,4,7,8,2,16
"2708348",16,6,9,8,10,9,4,12,5,6,4,9,5,4,9,5,8,3,6,3,4,2,5,5
"2719911",11,16,7,8,13,10,6,12,8,3,2,6,5,3,7,6,8,2,11,5,3,14,6,9
"2732530",9,4,16,9,7,7,6,3,13,5,0,14,7,1,10,2,5,4,3,11,2,6,15,1
"2733154",15,16,13,11,12,10,5,11,7,3,7,11,8,5,6,7,5,16,6,3,2,12,5,5
"2733169",7,12,10,10,6,16,5,13,4,8,9,4,8,6,9,7,6,7,4,6,6,12,5,9
"2733592",4,1,12,5,2,2,3,2,16,0,1,4,5,3,2,8,2,3,0,4,1,2,0,3
"2734236",11,11,12,11,7,2,10,10,5,10,12,16,6,7,7,6,11,8,13,6,7,10,6,7
"2734240",6,7,11,8,11,3,9,16,6,9,9,2,7,13,6,8,5,0,9,7,10,11,4,4
"2735",9,9,4,10,4,7,1,6,3,0,5,6,3,5,1,7,16,5,12,8,2,6,6,7
"2745561",10,16,6,7,13,14,2,6,1,2,2,3,1,1,1,4,6,2,6,1,6,1,1,5
"2761623",15,15,14,10,14,14,12,14,8,8,11,16,7,2,6,6,11,2,15,10,9,5,5,3
"2765402",8,9,6,9,6,14,16,7,16,13,11,8,7,7,5,10,2,3,8,5,15,14,4,3
"2810348",13,5,4,16,5,6,9,12,8,5,3,14,4,5,9,4,2,5,5,2,1,10,3,7
"2832315",6,9,6,2,9,13,7,4,11,7,2,8,2,5,5,6,8,6,5,7,16,2,1,5
"285530",16,6,9,9,12,12,10,11,11,15,3,8,13,8,11,3,3,5,8,2,12,12,7,6
"2866195",6,12,11,7,10,6,10,9,8,7,8,15,4,5,12,3,10,1,12,6,16,12,13,8
"2885983",16,10,8,9,5,5,7,9,4,2,3,6,3,2,7,1,8,1,10,1,8,2,3,4
"2899121",15,16,5,14,9,10,8,6,5,2,7,14,4,4,8,6,6,6,7,4,4,5,6,3
"2920380",7,16,9,12,7,7,7,6,4,4,6,7,10,8,7,1,3,8,8,11,2,7,7,7
"29379",12,16,13,9,6,10,4,13,8,3,4,10,3,5,4,6,16,7,15,4,2,14,9,13
"2943841",12,14,14,15,12,15,11,12,6,4,9,16,9,12,9,9,12,7,10,10,12,11,8,16
"2945587",16,6,13,14,9,10,3,5,7,7,7,15,8,4,2,3,8,6,13,10,6,6,3,8
"2948781",16,15,12,8,4,14,9,6,10,9,9,8,7,10,10,12,5,14,4,12,10,9,8,9
"2948833",8,4,10,16,5,5,2,10,4,2,8,6,9,6,4,3,2,2,4,4,4,8,1,1
"2955324",5,2,0,10,8,4,1,5,4,2,4,6,3,3,3,4,1,4,4,4,5,2,16,6
"2955364",12,10,9,7,12,16,10,11,5,11,5,10,6,5,7,9,13,6,10,10,3,8,10,4
"2955567",16,14,6,4,5,13,15,7,14,11,7,9,12,7,5,3,6,6,8,7,16,3,10,7
"2955737",9,16,10,7,10,13,9,5,4,7,3,10,1,6,0,5,8,12,8,9,7,1,7,9
"29559",10,6,3,12,10,3,5,16,1,2,9,4,2,2,5,2,9,6,1,3,6,2,2,6
"29561",14,8,2,4,7,16,3,6,1,5,6,7,1,2,3,3,7,2,3,0,2,2,2,2
"2956431",5,4,7,6,8,4,4,6,16,7,3,4,2,3,1,6,1,3,10,2,5,6,3,5
"2956702",10,5,8,12,7,12,14,8,4,8,5,10,8,16,2,11,8,13,8,7,6,9,15,5
"2956713",11,9,11,16,7,10,6,9,7,6,13,11,14,10,4,8,4,3,11,9,7,8,6,4
"3050261",14,3,3,16,12,11,6,12,12,9,10,3,7,9,9,9,9,8,6,3,9,6,10,10
"33993",9,13,9,12,10,16,8,8,7,9,10,7,8,10,10,8,15,13,8,7,3,15,12,8
"33994",9,12,16,13,8,5,6,15,9,7,10,5,6,4,8,14,10,5,7,10,8,4,11,4
"342949",16,11,12,15,12,9,14,10,14,16,11,5,8,7,16,6,15,7,12,16,9,9,9,7
"392416",13,14,16,6,16,14,7,9,10,4,10,8,6,12,4,3,11,8,12,7,3,16,6,9
"39664",15,16,6,11,12,11,6,7,14,8,11,11,7,12,12,8,8,5,11,10,4,13,9,11
"401619",7,4,2,16,9,8,6,7,4,3,5,10,4,0,6,6,3,3,7,5,2,6,6,2
"413889",9,13,11,11,16,8,4,7,5,2,0,6,1,2,5,2,3,9,6,6,0,6,3,3
"47251",3,12,9,6,7,3,6,6,4,2,4,14,2,7,2,9,4,5,4,16,8,2,13,8
"54259",11,5,6,7,8,5,16,4,5,5,8,11,7,8,5,4,8,4,8,4,3,7,4,7
"54262",10,15,15,5,16,9,8,7,6,8,6,8,7,11,9,11,13,9,5,4,11,16,12,10
"548913",16,13,7,14,13,15,11,4,10,4,8,5,7,11,3,4,3,8,4,11,2,6,4,6
"571800",8,11,16,11,11,9,7,11,8,4,8,5,7,8,7,5,5,5,6,7,9,9,1,14
"582419",6,15,7,7,7,16,7,7,1,6,6,6,5,4,2,4,14,3,5,5,6,5,4,9
"650003",6,3,4,16,4,8,3,0,0,9,2,4,3,3,3,5,8,2,3,6,3,6,2,3
"669502",8,14,5,13,15,11,5,16,3,6,0,16,2,4,3,2,6,8,9,7,5,6,13,7
"68298",13,11,13,9,9,16,7,3,7,3,4,9,2,5,13,7,11,6,5,4,7,5,5,3
"69657",2,6,10,4,6,16,11,8,3,4,7,6,4,5,0,7,11,5,6,10,2,10,5,7
"708186",8,3,4,16,3,5,6,4,4,1,2,7,1,5,3,2,6,2,11,1,1,9,2,4
"710191",11,11,9,6,16,13,7,13,8,7,12,11,10,11,5,14,13,7,10,5,7,9,5,11
"712362",10,9,16,9,9,8,3,10,6,2,4,3,4,12,2,4,3,1,6,4,3,1,8,4
"73913",15,16,8,8,6,8,5,6,2,2,8,7,4,4,4,3,2,3,7,1,2,6,3,5
"756828",12,8,1,5,1,4,4,4,1,12,5,4,14,7,4,2,4,7,6,10,4,2,16,6
"84599",16,6,11,9,13,7,11,3,7,3,8,5,5,3,4,2,3,1,4,0,1,10,4,3
"85701",7,14,6,11,9,5,7,7,7,9,7,5,6,6,5,6,3,3,16,7,8,6,11,7
"109790",10,15,8,12,11,10,11,7,7,7,8,5,5,4,1,5,4,6,10,4,4,4,8,9
"1116375",7,10,2,9,10,6,8,6,3,7,7,8,4,5,2,4,4,5,2,6,5,7,10,15
"114885",13,9,11,6,10,7,4,5,2,1,1,4,4,6,2,2,10,6,6,0,3,11,2,15
"1161927",15,7,6,9,7,2,7,6,6,3,7,6,3,8,6,2,8,2,3,3,2,8,8,3
"1301915",13,15,12,9,10,12,9,12,9,5,11,10,7,3,7,3,5,2,7,2,12,9,6,2
"1346",13,14,14,11,10,14,7,15,7,7,5,4,5,8,4,9,9,4,15,5,8,10,8,14
"1434046",15,9,15,8,13,6,6,9,7,3,3,11,2,1,5,1,3,4,8,0,0,6,3,0
"147709",15,12,8,8,7,15,5,15,9,9,4,13,7,10,3,4,10,5,14,7,5,15,5,11
"1503929",6,8,15,4,11,5,5,6,4,10,11,6,3,9,8,8,12,5,3,7,12,7,4,4
"1505596",9,11,9,13,13,15,5,6,5,3,6,5,8,7,2,4,11,2,6,4,4,8,2,2
"155194",15,10,8,6,15,9,3,15,11,6,11,13,6,10,12,4,7,6,14,5,13,6,6,5
"1586715",12,7,8,8,9,4,6,4,8,2,4,4,4,6,1,8,15,4,8,4,1,5,2,9
"1602",10,11,7,5,15,5,8,10,3,4,5,7,8,2,3,9,6,5,9,4,7,10,7,7
"1647471",3,2,2,8,9,2,10,6,11,12,5,5,9,8,4,7,12,1,6,15,3,8,7,7
"1839785",9,7,4,1,8,7,2,4,6,5,0,2,1,3,2,1,7,5,7,2,5,13,15,1
"1843210",7,6,10,5,5,4,9,3,6,3,4,6,2,3,4,3,5,3,3,5,6,5,4,15
"1890422",7,10,8,3,5,8,6,6,3,4,7,10,5,4,8,6,7,8,6,7,7,6,5,15
"189779",9,6,15,9,4,4,7,7,7,4,3,12,8,5,6,3,8,10,4,9,8,5,4,2
"1912064",10,12,6,7,6,9,9,7,4,6,2,7,6,4,10,3,9,5,2,15,13,3,6,3
"1925021",14,2,4,5,4,15,7,10,2,3,1,7,2,5,4,4,5,2,6,4,6,6,2,11
"1980944",15,5,14,8,7,5,3,5,4,7,5,1,4,7,9,5,2,8,7,6,4,6,6,5
"1982102",10,7,8,3,15,12,9,9,4,3,7,5,2,5,7,8,8,15,7,2,7,2,8,2
"1982153",15,7,4,3,8,7,0,8,0,0,1,11,0,0,2,0,5,2,9,0,1,3,1,6
"198252",15,13,9,5,11,15,5,14,5,5,5,14,1,5,5,3,9,7,14,9,7,11,7,4
"1982567",9,7,15,1,6,2,3,9,2,2,4,6,4,3,0,2,5,4,5,8,2,1,0,4
"201500",11,10,4,15,2,5,6,3,9,9,7,8,8,10,4,8,7,10,13,10,12,5,4,8
"2054641",15,8,4,8,9,6,8,8,9,7,5,6,5,2,3,3,4,1,3,2,2,7,12,5
"2095",4,6,6,9,8,15,5,4,7,1,6,9,2,3,5,0,4,2,12,6,1,4,2,9
"2133959",13,12,10,11,6,15,7,8,8,5,7,9,3,2,5,1,6,4,9,11,3,5,10,9
"214888",13,15,2,9,5,6,1,10,7,0,3,6,0,2,0,2,2,5,0,4,1,8,6,3
"215578",11,12,14,14,4,15,6,10,4,7,3,4,4,3,8,4,7,9,10,10,5,6,3,6
"216932",11,15,14,10,4,14,2,4,6,5,2,5,3,4,0,4,4,9,11,5,6,5,2,9
"227979",3,6,6,3,15,2,2,3,7,1,1,1,2,5,3,1,2,1,10,2,12,5,1,7
"235559",15,15,8,12,8,13,8,4,10,6,7,12,8,3,5,7,5,5,7,3,6,8,8,9
"2560485",14,13,11,5,5,7,14,2,8,13,13,6,11,12,10,11,7,15,10,9,9,8,6,7
"2560489",5,15,4,7,2,5,5,5,8,4,3,8,4,4,2,2,1,3,5,5,6,5,3,7
"2560589",14,3,6,5,15,8,9,5,1,2,2,11,3,6,2,2,5,0,2,3,4,6,5,5
"2560700",15,6,4,8,5,10,4,11,3,6,4,3,4,3,3,3,5,3,5,3,7,3,7,1
"2586965",12,5,6,10,7,15,5,3,10,3,5,7,7,8,4,4,5,7,3,4,8,4,2,9
"2590020",6,8,2,10,10,15,7,12,6,5,1,10,1,8,6,4,15,14,9,9,7,5,5,7
"2599847",5,15,6,5,5,10,2,2,5,5,6,4,10,3,2,3,8,1,7,2,3,1,1,3
"261524",9,4,7,6,7,4,4,8,5,3,10,2,8,4,3,8,12,6,1,5,7,3,15,15
"264636",10,13,8,10,10,10,3,9,4,4,4,12,3,1,4,6,3,3,15,8,4,10,5,3
"2675741",3,2,15,1,4,2,0,1,1,0,0,0,0,0,0,0,0,0,1,1,0,1,0,0
"2697019",4,12,9,5,15,11,11,13,9,12,4,1,3,4,13,1,8,11,6,6,7,4,4,6
"2697371",6,4,6,10,8,15,10,8,8,7,7,6,3,5,8,7,3,7,5,4,6,6,3,7
"2714036",12,5,3,8,15,10,0,13,6,6,3,13,3,5,4,3,9,8,7,1,2,5,0,9
"2725619",5,7,4,6,4,6,3,4,8,5,8,3,4,3,3,6,4,5,9,11,1,12,15,6
"2733115",9,12,5,6,14,15,10,10,4,4,7,4,4,0,6,8,3,8,8,8,10,6,1,4
"2733170",6,14,14,7,7,8,10,10,6,10,7,9,12,4,4,15,8,6,15,3,10,12,12,7
"2733195",3,15,5,2,8,9,7,11,4,14,8,12,4,7,7,13,13,3,7,4,7,7,9,3
"2733220",4,6,3,5,9,0,8,3,3,7,4,15,4,2,4,8,12,4,3,5,4,8,0,4
"2734245",10,7,7,10,8,15,11,11,8,5,8,6,8,5,10,8,9,4,6,1,3,7,8,6
"2745563",4,6,5,7,9,15,2,10,3,1,4,2,2,3,0,1,2,3,5,2,0,2,1,3
"2766982",7,15,4,5,3,5,1,1,4,2,2,7,1,2,7,1,5,1,6,1,3,5,0,7
"2837506",9,12,9,7,15,3,3,4,3,3,0,8,2,3,7,1,3,1,6,3,3,11,0,5
"2845253",10,15,14,11,10,8,5,11,8,6,6,6,8,6,6,7,9,10,10,7,2,10,7,10
"2845594",12,1,9,15,2,1,2,6,4,2,1,10,1,1,1,0,3,1,5,2,1,4,4,2
"2845650",9,13,8,12,9,15,13,14,8,11,7,12,4,6,4,5,5,9,7,8,13,9,14,9
"2853158",8,6,8,15,7,10,2,9,1,6,3,3,2,5,5,6,9,2,5,8,9,5,2,4
"2864218",5,13,3,9,6,9,3,15,8,2,3,8,3,8,2,5,8,2,4,5,2,14,5,7
"2867479",15,0,2,4,3,2,1,4,0,0,0,8,0,0,0,0,2,0,3,0,0,2,0,0
"2886822",10,8,7,13,3,11,4,10,6,4,6,8,4,5,7,10,15,5,6,10,5,14,10,9
"2908637",9,13,15,9,9,9,3,13,2,4,2,10,0,5,6,8,6,7,11,6,12,10,12,11
"2923362",8,13,8,6,13,15,8,14,6,6,8,6,7,5,7,7,10,10,9,15,4,8,9,7
"2923363",9,7,14,13,14,12,6,9,3,6,7,15,4,7,6,1,3,5,7,5,8,12,4,6
"2927284",6,10,8,5,8,9,7,8,4,15,8,6,13,3,8,1,4,11,8,4,8,2,5,10
"29391",8,15,11,8,11,6,4,8,8,6,4,8,7,10,12,5,8,6,9,7,3,11,10,13
"2948773",12,9,10,13,8,11,15,12,6,4,4,15,5,5,3,10,12,8,6,4,5,11,5,8
"2955229",14,14,11,8,11,4,2,8,6,4,7,4,7,2,10,7,3,6,15,4,11,2,5,2
"2955347",6,12,5,6,13,8,13,15,8,10,7,12,11,5,8,7,6,11,6,10,7,7,6,5
"29555",4,11,3,3,3,15,1,5,2,4,4,4,4,2,1,7,9,1,1,5,5,3,2,7
"2955709",5,9,4,11,15,14,8,3,11,7,6,9,4,5,8,8,5,9,8,7,5,9,6,12
"2955979",6,5,3,5,0,5,3,4,6,15,5,6,6,5,4,6,3,4,8,4,5,8,5,3
"2956025",7,11,15,6,9,9,11,4,9,4,7,13,8,8,10,11,10,6,9,9,9,3,1,13
"2956026",13,12,9,10,8,8,7,15,12,12,11,9,6,9,7,10,9,15,9,7,12,7,12,9
"2956112",6,15,6,1,9,3,6,4,5,6,3,8,7,5,3,6,8,7,3,1,6,5,4,5
"2956237",5,7,6,4,15,4,8,6,0,0,4,7,8,6,2,2,2,9,14,5,4,9,5,3
"2956315",3,15,3,2,3,8,1,5,0,8,3,2,3,2,2,1,2,4,3,3,3,4,2,4
"2956396",8,15,8,7,2,7,11,5,11,7,8,7,9,3,6,9,2,4,3,3,5,3,0,10
"301585",8,15,4,13,10,15,3,4,2,6,6,5,1,5,6,6,8,3,6,2,3,2,10,14
"3047343",5,8,3,7,7,15,6,13,5,8,3,6,3,2,7,4,9,3,4,9,5,4,15,6
"3050137",8,15,10,12,8,11,14,7,9,5,9,10,9,7,6,9,4,9,11,9,7,4,7,8
"3050245",14,10,10,8,13,7,12,3,15,8,8,9,6,7,12,13,8,9,7,8,5,14,12,9
"3050254",6,6,10,7,11,7,8,10,6,1,10,8,15,3,10,9,5,6,9,7,3,5,7,4
"3050258",7,11,11,6,15,4,10,5,3,8,1,6,5,6,3,4,3,8,6,2,10,8,7,7
"3071082",15,8,5,10,5,10,4,13,8,2,6,4,4,8,4,2,4,3,2,4,1,2,6,1
"323273",9,3,15,5,7,10,0,3,2,2,1,2,2,1,0,0,2,3,5,1,3,4,5,2
"330922",11,15,8,11,13,13,5,3,7,8,5,6,2,7,12,5,15,11,12,7,2,11,6,14
"400947",7,12,10,5,15,13,4,13,5,6,8,8,11,6,4,1,10,10,11,7,5,8,4,5
"415001",5,4,1,15,2,7,5,10,3,0,3,8,1,3,2,4,4,1,7,2,3,5,1,1
"449520",6,3,15,4,11,14,0,5,4,5,2,9,2,4,6,4,3,3,6,2,5,2,4,7
"53558",12,14,4,15,7,13,2,14,2,3,5,0,1,1,3,0,5,4,3,1,3,7,1,4
"634",5,9,2,15,11,8,5,7,7,1,5,11,4,4,3,4,5,9,6,0,5,3,1,7
"663275",2,15,5,3,5,6,3,9,4,1,0,8,7,5,4,7,2,1,3,4,3,6,3,5
"712633",13,15,5,3,6,9,2,7,3,5,2,12,7,6,6,5,9,5,11,0,5,12,3,9
"739",11,11,7,12,11,15,6,7,9,5,12,8,7,6,10,8,6,7,10,9,6,14,15,9
"80850",7,15,6,9,13,11,9,10,3,4,5,11,3,4,3,0,5,4,10,7,3,4,4,4
"86660",10,9,5,5,7,15,8,5,2,5,3,6,1,4,4,12,10,2,11,5,2,4,1,5
"955",7,14,7,7,6,15,11,12,1,4,7,13,4,6,5,4,12,3,9,6,2,15,12,12
"100886",14,9,11,2,9,6,4,8,5,5,3,8,4,4,6,7,6,4,4,8,3,6,3,3
"102684",4,7,7,14,8,3,8,7,2,2,3,4,4,5,5,8,9,3,7,0,2,10,4,3
"1085647",4,2,4,4,14,6,6,3,5,8,6,1,0,3,2,4,3,2,6,1,3,3,1,6
"1111760",11,14,5,5,5,13,5,8,2,4,3,8,3,7,4,7,4,7,7,2,4,10,5,7
"1129771",2,3,4,1,2,9,1,5,3,3,3,14,1,1,3,3,6,5,2,1,2,6,1,5
"1193503",14,9,4,7,10,7,7,9,9,6,5,3,3,9,10,2,4,6,8,1,3,5,5,6
"1204537",13,11,7,6,8,12,8,6,10,5,3,8,9,7,5,11,14,7,6,8,4,8,12,5
"126738",8,9,14,9,6,6,8,4,3,5,8,3,7,3,3,5,7,5,4,6,4,3,2,7
"1294",9,12,14,7,4,5,11,8,4,4,1,6,7,5,10,10,10,3,9,2,8,8,2,6
"1340830",7,14,8,10,9,8,5,12,5,11,8,10,12,2,7,5,8,12,8,5,9,9,3,7
"1348611",2,2,5,1,2,14,3,6,0,0,1,4,2,5,1,5,1,3,4,6,7,4,6,1
"1374",11,6,13,13,9,14,13,14,4,10,3,12,2,13,8,9,4,8,10,3,2,10,10,13
"1448857",4,6,14,10,7,11,3,8,8,3,8,4,5,4,7,3,12,8,10,9,10,9,3,8
"1498228",6,13,8,5,4,10,2,10,14,5,8,6,9,9,11,9,6,5,4,5,9,5,8,5
"1518149",14,3,11,7,9,7,6,7,4,2,4,4,1,8,6,2,7,3,4,4,4,9,4,3
"1564681",6,0,6,3,14,2,6,2,5,2,0,4,3,0,3,3,1,1,3,1,6,2,7,4
"158898",7,5,8,8,11,10,3,9,5,2,10,5,14,5,6,5,10,6,7,6,9,11,10,7
"1594731",11,7,9,9,9,7,13,14,6,6,6,13,5,7,5,3,4,3,2,5,5,10,4,4
"1643513",11,8,8,10,12,9,3,6,6,8,2,14,7,10,11,5,5,11,5,12,6,9,6,8
"164452",14,11,8,11,11,14,8,7,7,10,12,6,3,9,9,3,14,4,10,13,4,7,14,5
"165694",14,14,3,6,9,10,11,11,5,3,5,14,3,5,9,4,13,8,8,9,7,13,11,9
"1660080",14,10,5,8,3,13,13,9,13,6,9,13,4,6,8,5,6,5,7,5,14,8,6,9
"1702170",9,11,14,8,7,4,1,10,2,1,1,5,2,10,0,5,0,1,4,3,5,9,8,4
"1758189",11,14,10,14,8,10,9,8,6,10,10,1,8,6,4,12,9,8,8,5,6,11,13,5
"1778264",14,2,14,6,8,11,2,9,4,3,5,6,0,4,3,6,2,5,6,5,5,10,2,13
"1814128",12,12,8,9,7,14,3,12,8,2,5,6,5,4,5,5,9,4,7,9,9,5,4,13
"1827285",14,9,6,1,5,7,8,8,3,6,5,5,4,1,2,2,14,5,6,5,6,9,7,7
"1840297",11,9,8,6,14,6,6,12,7,6,6,7,4,4,3,3,3,5,6,9,1,10,3,4
"1869285",4,8,1,0,8,14,3,5,1,4,3,5,1,2,1,3,3,1,7,1,2,10,4,3
"1903686",1,4,9,4,14,11,5,5,6,1,2,4,0,5,8,2,3,4,10,2,8,14,2,2
"1982879",6,12,8,12,5,10,5,1,4,7,10,5,5,5,2,2,14,3,8,3,3,8,7,4
"1982889",6,4,7,14,3,7,3,6,7,2,9,8,4,3,8,0,7,5,10,4,10,4,4,1
"1987580",10,12,10,14,7,12,1,12,4,8,7,14,6,4,14,9,5,11,6,7,7,11,2,8
"2025351",10,12,10,12,8,14,4,7,14,6,5,7,7,8,6,10,6,7,7,5,9,9,14,8
"2109",4,6,14,7,6,12,5,12,4,4,1,10,7,9,5,3,8,3,7,1,4,5,3,7
"2151",14,4,10,3,8,6,3,3,9,3,1,2,1,3,3,4,6,4,6,4,1,9,13,9
"2169812",7,6,2,10,4,14,2,9,2,6,1,12,4,6,11,8,3,4,8,5,11,7,2,3
"2189",2,5,6,5,3,14,3,1,1,4,2,1,1,7,6,4,2,2,4,2,3,10,3,1
"2269374",11,10,4,7,9,8,4,6,5,1,7,6,4,4,2,8,7,7,7,9,3,14,8,5
"2320140",4,4,3,4,3,14,3,4,4,1,6,3,0,3,1,0,5,1,4,1,2,1,3,0
"235899",7,14,9,9,5,10,5,9,10,6,3,5,3,6,4,4,9,6,4,6,6,12,6,8
"2490635",6,11,14,3,7,11,10,8,13,3,3,2,2,2,7,7,5,3,6,5,8,13,4,8
"2497860",9,1,7,14,13,4,3,8,5,4,2,5,3,4,5,4,2,3,6,7,4,4,4,4
"2517899",8,5,7,12,3,1,4,14,10,10,8,3,3,3,6,4,2,4,10,5,3,13,5,1
"2546128",14,11,9,12,10,7,7,7,7,10,13,11,5,12,4,0,7,3,7,3,11,8,2,9
"2560506",13,9,11,8,8,7,3,7,3,6,5,8,2,3,6,3,1,5,7,9,5,14,8,5
"2562451",9,11,8,12,10,14,7,9,6,8,7,6,5,6,8,4,5,5,10,5,8,11,2,10
"2565531",10,6,14,13,6,11,7,6,4,12,6,4,3,7,0,5,7,9,9,6,8,11,4,4
"2588937",10,9,9,12,1,7,10,9,5,7,6,4,7,8,4,5,4,4,3,7,2,8,14,5
"2594496",5,3,11,9,14,2,13,2,4,2,4,9,8,2,8,1,3,2,11,3,3,5,3,1
"2599866",3,10,5,3,4,14,3,3,6,5,4,1,5,2,9,2,0,5,1,6,0,5,6,1
"2599870",4,6,7,5,4,10,3,2,1,0,3,4,1,3,4,2,4,0,1,1,0,2,2,14
"2601574",8,10,8,4,12,14,8,5,2,5,4,7,1,10,5,6,3,4,8,8,6,2,9,9
"2603260",10,1,12,5,14,3,7,7,1,4,0,7,2,6,6,1,2,1,13,0,3,13,0,4
"2608247",9,7,7,14,3,10,2,7,3,4,1,6,1,2,2,2,7,4,5,3,1,3,4,5
"2652405",5,7,10,2,14,1,0,2,3,1,1,3,1,2,2,2,1,7,2,2,2,5,3,1
"2656554",4,5,10,8,7,14,3,6,7,6,8,8,5,4,13,7,9,4,6,1,3,8,2,1
"2656761",11,5,6,5,7,4,4,6,0,2,7,14,3,2,4,2,1,2,9,3,3,11,2,3
"2699836",8,5,6,9,7,13,6,14,2,3,7,7,3,6,10,6,8,1,8,4,3,3,7,5
"2734089",10,7,11,14,8,13,4,6,8,5,6,7,1,7,4,11,9,3,9,4,4,2,9,9
"2734573",3,3,5,8,5,2,4,2,5,3,14,5,2,4,6,0,0,4,1,4,7,2,1,1
"2742626",14,4,12,1,12,5,3,8,3,4,1,9,3,3,7,4,4,5,8,3,1,5,10,5
"2746233",5,12,3,3,4,5,8,7,5,2,1,5,3,8,2,2,8,6,1,4,2,2,6,14
"2782229",14,4,3,8,1,4,3,8,3,5,6,6,0,1,2,1,3,2,5,3,1,7,0,5
"2819098",7,6,6,9,9,5,11,14,7,7,3,8,6,9,5,7,4,8,8,5,5,5,1,5
"2843726",7,14,3,1,5,3,5,3,10,1,4,2,1,3,2,1,2,1,9,3,1,5,2,2
"2845108",6,12,5,6,12,8,10,5,10,6,4,9,4,4,7,6,4,8,11,8,5,14,12,4
"2847299",7,6,3,6,5,10,7,9,1,3,7,14,5,2,4,7,4,5,5,5,7,8,4,4
"2867247",10,5,3,4,2,5,5,5,14,3,5,6,4,5,6,6,11,5,5,1,4,4,13,4
"2895470",10,7,8,4,14,5,4,9,5,5,8,6,8,9,6,1,4,3,8,6,8,5,4,6
"2916633",11,5,8,14,14,8,8,6,5,2,9,10,1,2,5,5,4,12,4,4,2,14,6,7
"2933796",1,14,7,5,2,3,6,7,2,2,5,4,2,6,3,6,6,3,5,5,8,3,9,2
"2939132",4,0,14,0,0,0,0,0,0,0,3,0,0,0,3,0,0,0,0,0,0,1,0,0
"2946813",2,6,6,2,3,14,4,7,6,4,9,8,3,9,2,7,5,8,5,2,5,7,8,6
"2948710",8,4,10,7,11,5,4,5,8,10,4,14,7,7,4,9,5,9,7,3,8,12,8,11
"2948731",8,8,10,4,7,6,11,4,4,4,8,8,4,3,7,4,10,4,12,6,6,14,4,8
"2948776",14,12,4,6,8,6,4,8,4,6,6,8,5,12,9,5,6,6,4,6,8,1,6,6
"2955338",12,13,14,7,13,9,8,4,5,4,4,9,7,8,10,6,7,10,2,6,10,7,7,12
"2955343",10,13,3,14,2,7,4,3,9,9,2,2,2,8,3,1,1,6,4,5,5,7,4,0
"2955392",5,11,2,4,4,14,7,10,2,10,2,8,7,0,4,9,1,5,7,4,10,11,6,6
"29556",11,6,10,14,12,8,6,8,6,1,7,7,3,5,6,5,6,6,6,5,3,7,9,10
"2955880",7,14,5,1,3,3,2,2,10,4,10,1,4,5,1,3,2,3,6,4,3,0,4,5
"2956001",9,4,4,10,9,10,7,6,14,6,1,4,6,13,8,4,4,6,9,0,6,14,6,3
"2956029",14,2,3,6,7,7,4,9,1,7,7,9,8,10,4,2,3,4,1,7,1,2,4,0
"2956319",9,8,4,1,7,14,7,3,3,9,12,9,7,9,3,10,6,10,6,4,4,6,5,6
"2956326",4,7,2,2,1,0,14,5,4,10,9,4,1,0,2,5,7,4,3,7,4,1,3,2
"2956429",11,9,14,11,9,5,7,10,10,7,9,10,8,10,6,9,10,4,5,9,9,10,5,8
"2956557",9,7,4,11,7,5,6,4,4,5,9,14,3,5,1,6,5,4,3,3,4,3,1,8
"2956682",8,14,4,10,3,2,7,6,9,3,2,1,7,6,6,3,4,4,8,3,3,5,1,2
"2983208",14,7,10,11,5,11,4,5,6,1,5,4,2,8,6,7,9,5,8,5,5,8,5,4
"2983232",3,8,9,14,11,9,4,9,6,3,3,9,6,7,6,8,5,0,11,1,6,3,3,10
"2992843",4,14,11,9,6,14,5,8,5,8,2,13,5,9,2,9,7,1,7,4,2,6,14,1
"3004096",6,1,7,10,12,7,1,13,2,5,4,6,4,1,7,5,8,3,14,2,3,11,5,9
"3026968",14,9,10,9,4,5,9,6,7,4,4,4,10,6,7,4,4,6,9,6,7,13,5,7
"3048238",4,5,7,8,5,6,5,14,5,1,5,9,3,5,4,4,0,5,4,6,3,4,0,3
"3049086",7,6,14,6,5,5,3,5,7,6,5,4,6,6,5,1,0,2,11,4,10,9,5,4
"3050277",10,12,14,7,9,11,11,12,12,4,9,11,7,9,4,7,9,7,3,9,10,10,5,11
"33932",8,14,10,7,11,7,5,7,5,0,8,4,8,3,6,2,6,2,8,3,8,5,6,3
"34064",7,4,11,7,7,12,3,14,3,7,4,6,2,2,7,5,10,3,11,1,0,9,2,3
"353852",10,4,2,7,6,3,1,5,6,8,5,14,4,7,4,4,11,1,5,3,3,4,4,7
"359407",7,6,7,6,11,10,4,9,7,4,5,10,1,10,0,3,5,5,14,0,5,7,1,6
"399025",14,3,2,3,4,6,1,5,3,1,0,2,3,0,2,2,5,3,0,0,1,7,0,2
"417127",3,14,4,6,3,7,2,6,0,0,4,6,2,3,5,0,3,4,13,1,2,4,5,9
"42094",4,14,4,8,5,5,4,4,3,2,3,8,2,4,1,2,7,5,12,4,5,6,2,2
"42879",14,14,14,5,9,5,11,11,5,7,5,11,5,9,10,8,4,2,5,11,5,11,3,7
"44746",14,5,6,7,7,8,1,3,2,4,1,2,2,5,1,3,2,4,3,7,3,3,8,4
"45362",6,3,14,6,10,4,4,4,7,2,1,1,3,1,2,4,2,1,6,1,6,2,1,1
"46254",4,9,2,4,9,5,3,14,3,5,8,4,2,4,2,2,5,3,4,0,3,5,2,6
"554406",6,7,7,7,10,8,9,5,4,1,5,3,11,5,3,8,2,3,14,7,9,5,4,2
"55603",10,8,4,8,9,14,5,6,5,1,2,1,1,5,3,4,8,8,4,2,4,6,5,4
"624186",13,7,3,5,7,4,4,14,4,0,0,2,5,2,3,4,6,4,5,5,2,5,10,5
"633807",12,7,14,11,11,14,1,8,8,4,7,10,4,11,7,1,3,7,9,2,4,11,7,11
"634113",10,10,11,9,5,14,5,12,3,6,7,3,3,4,4,6,6,5,3,5,4,5,0,6
"682314",14,5,3,14,4,4,4,12,6,1,3,12,9,4,0,5,2,4,6,2,2,5,8,0
"76887",9,11,7,4,6,14,5,2,6,5,3,8,4,6,5,2,0,3,6,9,3,8,4,2
"83556",14,5,8,2,3,4,3,12,5,12,5,10,3,4,1,5,8,4,7,3,5,11,1,7
"849864",6,4,7,10,6,14,6,7,1,3,0,3,3,0,3,2,4,4,6,1,3,3,1,8
"933",9,12,10,5,12,11,4,7,14,4,5,13,4,5,11,6,5,8,11,8,10,6,8,4
"945",6,12,9,10,14,11,4,14,6,7,1,7,2,3,5,7,6,4,10,5,6,9,2,8
"951",6,2,7,4,14,6,7,9,7,6,2,13,9,2,7,7,5,4,8,6,5,7,9,3
"1006005",6,6,5,13,7,4,1,4,5,5,0,7,5,2,1,4,6,1,1,3,2,8,1,1
"108150",7,5,2,13,3,5,5,10,10,2,10,8,2,3,5,6,5,6,5,9,6,9,6,7
"1091",12,6,10,7,5,13,4,2,6,4,3,5,4,10,6,4,9,4,0,5,3,6,5,1
"1100891",10,10,7,13,13,7,6,0,9,9,5,8,8,10,7,9,7,12,5,7,4,7,3,5
"1109711",2,13,3,13,1,9,4,7,3,1,3,10,4,2,3,2,5,4,2,5,4,1,6,5
"112040",7,7,7,6,9,1,1,5,0,2,1,13,1,6,3,2,2,2,6,1,8,7,0,3
"114881",1,2,11,5,10,13,0,7,0,0,3,0,0,0,2,5,2,0,7,1,3,5,2,2
"1179669",5,8,11,4,9,10,9,10,6,6,11,6,4,3,8,3,9,5,6,4,10,5,3,13
"1204525",7,13,5,11,9,10,4,6,12,6,6,7,6,9,5,8,9,9,4,8,5,4,11,4
"1218494",11,9,5,11,10,10,13,4,9,3,7,4,1,6,8,12,6,3,4,13,7,13,8,2
"128827",4,8,4,2,3,3,1,3,2,2,2,13,4,0,4,1,10,5,4,3,2,11,2,5
"1305738",6,13,6,2,8,7,6,3,5,2,11,0,5,6,7,8,4,8,3,2,3,1,9,8
"1343",13,2,4,4,2,3,2,1,6,2,4,1,1,7,5,2,5,7,6,1,2,5,2,9
"134676",4,8,13,9,4,5,6,5,10,6,7,7,9,6,11,4,6,8,9,6,12,9,8,7
"134821",6,5,3,13,5,4,4,5,1,3,4,0,0,1,4,1,1,1,5,0,0,4,5,2
"1353",7,12,3,11,6,7,3,8,7,4,2,8,2,7,5,6,4,1,7,13,5,5,6,7
"135569",11,13,11,10,11,8,11,4,6,5,3,5,3,5,6,4,7,9,11,5,6,10,5,13
"135742",4,5,10,13,3,11,9,9,3,8,6,8,5,8,6,5,3,7,2,5,4,6,0,2
"135858",13,5,3,13,5,12,11,9,2,2,4,8,13,6,4,4,5,5,10,5,8,4,6,10
"1377",9,9,7,13,7,13,3,6,6,5,1,3,1,3,8,3,4,6,8,0,5,1,5,2
"1439319",6,12,7,8,7,8,5,5,8,7,12,9,6,7,8,6,11,13,9,7,12,8,8,6
"1454066",0,0,0,0,0,0,0,0,0,0,0,0,0,0,0,0,0,0,0,0,0,0,0,13
"1462",10,12,5,11,10,12,6,6,5,8,6,7,7,7,5,7,13,8,8,13,3,6,5,7
"1501268",7,13,10,12,8,13,5,10,5,7,10,9,4,3,5,2,7,6,3,3,2,4,9,8
"1532350",12,13,10,13,13,13,11,9,4,9,2,9,7,6,7,8,9,4,8,12,6,11,7,9
"157673",8,7,9,11,8,11,8,2,6,8,8,6,7,0,13,3,9,4,13,2,6,7,4,9
"1648",10,6,7,5,8,12,0,7,5,5,2,7,3,5,6,3,7,1,4,6,3,13,5,3
"1660073",11,13,6,4,1,7,5,5,6,6,2,12,3,8,7,6,10,2,3,3,2,6,5,8
"1686399",12,6,10,13,10,11,3,8,2,10,6,11,5,9,5,8,7,7,9,9,7,9,6,8
"1703960",9,6,4,13,8,5,5,9,9,3,4,10,10,3,1,7,2,0,7,6,10,5,5,5
"171281",8,3,5,7,7,8,8,11,5,1,1,7,1,9,2,2,9,2,7,1,3,9,5,13
"171286",5,8,6,8,13,10,3,0,2,9,4,3,0,3,5,3,6,3,6,2,0,2,2,0
"171288",11,6,10,3,3,13,2,2,2,1,3,4,4,1,0,4,5,0,6,0,2,6,2,4
"1720344",11,4,7,8,3,3,3,6,4,5,6,4,2,4,1,5,8,4,13,3,5,11,8,4
"1825069",7,3,9,0,8,6,2,2,5,2,2,7,6,2,4,8,8,10,9,6,5,13,7,0
"1835724",10,3,6,5,10,10,3,8,2,11,10,8,5,10,11,3,13,3,9,6,4,6,6,4
"186828",10,13,11,3,7,5,6,5,5,3,3,8,3,3,1,4,9,4,10,7,4,9,2,6
"1892404",13,7,8,2,4,7,0,7,5,3,2,9,2,2,4,3,5,6,3,6,9,1,7,5
"1967782",4,12,8,3,7,6,11,4,4,6,7,5,7,6,5,5,5,6,10,5,6,13,7,8
"1982367",7,0,6,5,9,0,6,9,0,0,0,13,0,7,1,0,0,0,11,0,3,5,0,0
"1982368",7,0,1,2,1,1,1,4,1,2,1,13,2,2,1,0,0,1,1,1,1,6,0,1
"1982881",11,9,12,12,5,13,2,9,7,7,11,5,4,5,10,11,9,4,8,8,4,8,6,11
"1982901",4,4,10,7,6,2,12,11,9,6,5,4,8,1,5,5,5,3,13,5,7,2,11,4
"2006671",8,13,9,2,1,1,3,5,1,1,1,0,2,1,3,1,5,3,5,3,5,2,1,0
"2015864",3,0,4,2,10,1,0,6,0,1,0,13,0,0,0,0,1,0,4,0,0,0,0,3
"203492",7,7,10,1,13,8,5,7,8,3,4,2,4,6,4,5,3,3,3,11,1,1,2,2
"205872",7,11,13,8,7,4,2,8,4,2,7,6,7,1,2,2,5,2,5,1,2,2,5,4
"2097",8,7,8,9,13,3,2,9,3,1,3,8,3,5,5,3,13,8,11,5,1,13,7,9
"2112",9,12,7,10,3,11,4,13,2,3,0,5,3,5,7,2,2,3,4,2,9,13,2,6
"2124",13,5,0,3,2,5,2,11,4,2,3,2,1,2,1,1,4,2,1,3,1,6,4,4
"213465",4,7,9,10,0,5,4,4,5,6,4,3,3,0,3,6,5,8,10,7,2,4,13,1
"2143",13,7,7,7,7,9,1,1,3,4,1,6,2,2,1,4,4,1,2,3,3,5,4,4
"2145",6,13,6,6,8,6,5,5,7,0,1,2,1,1,6,3,8,4,2,3,1,3,3,5
"2146",7,4,7,8,8,10,2,3,13,11,3,10,4,5,8,6,6,5,1,7,5,3,9,13
"2161821",5,10,9,13,4,6,6,2,5,6,4,3,2,4,3,3,5,2,4,5,4,5,10,7
"216935",5,8,4,13,6,5,5,11,7,1,5,3,1,2,8,2,9,3,2,2,0,5,0,4
"2182",13,2,5,3,7,4,5,5,5,6,3,0,5,7,2,2,9,3,4,5,5,8,9,3
"224719",9,9,8,5,9,13,4,6,8,3,4,7,2,5,7,5,11,3,11,7,4,4,4,6
"2265",9,6,11,10,13,12,9,5,7,4,10,5,9,3,10,2,8,12,4,8,4,5,13,9
"2282419",9,11,9,10,8,10,10,13,4,3,3,2,4,7,6,7,9,3,8,4,1,5,6,12
"2478954",8,6,13,13,7,9,7,4,9,10,2,8,2,6,4,3,9,12,10,5,5,3,8,10
"2490939",8,10,13,7,13,4,9,6,2,3,9,10,4,7,6,10,3,2,10,3,7,3,11,7
"255474",9,10,12,7,11,13,12,8,7,5,4,5,2,2,6,11,4,7,4,5,4,7,4,6
"2560502",7,10,7,7,8,4,3,5,2,2,4,6,9,3,10,4,8,5,8,2,6,13,7,3
"2560595",8,6,7,6,8,4,7,8,13,12,9,6,3,3,8,7,7,8,6,5,7,5,8,8
"2570468",5,13,9,5,1,8,4,6,8,3,10,7,6,2,11,4,8,3,4,3,6,13,2,6
"2588512",13,1,2,3,4,1,3,0,2,3,2,3,2,3,7,4,2,0,3,3,1,1,0,0
"2589986",11,4,5,5,10,5,6,6,5,4,4,7,1,3,3,5,4,5,13,3,4,5,5,7
"2591003",5,5,12,3,7,13,2,2,9,4,7,9,5,3,5,1,8,2,12,5,5,3,8,4
"260714",13,13,13,8,5,8,4,6,3,2,3,11,1,7,5,1,5,3,10,2,8,5,1,5
"2608867",8,7,13,8,12,5,5,4,5,2,5,8,7,8,3,4,8,1,6,7,4,3,0,4
"2675787",11,4,0,6,6,2,13,6,0,2,6,4,5,2,2,1,4,1,3,8,2,1,1,6
"2708110",4,4,2,2,13,5,4,2,0,0,0,1,1,0,0,7,0,1,3,0,1,9,0,1
"2731207",2,0,1,0,13,2,2,0,2,2,1,3,0,5,0,1,1,0,2,0,0,0,0,2
"2732017",13,1,8,2,3,0,1,11,3,1,2,4,0,0,1,1,0,0,7,3,2,2,2,2
"2733208",5,6,5,7,7,8,2,4,4,4,6,9,3,3,2,2,4,7,13,3,3,7,2,3
"2734276",12,7,13,2,11,6,8,12,2,4,2,10,3,11,6,5,8,6,8,8,1,10,2,2
"2734278",2,11,6,10,3,10,10,11,3,4,5,13,2,4,3,11,11,11,3,7,5,8,9,1
"2734581",9,6,13,8,6,5,6,6,7,8,7,8,7,8,7,6,2,7,9,3,5,11,5,1
"2767885",9,4,1,2,13,6,1,8,6,5,4,4,5,3,8,4,7,5,3,2,3,4,7,1
"2767887",11,10,7,13,5,12,8,4,4,2,7,8,1,5,7,6,7,4,8,3,4,11,5,5
"279006",4,5,6,8,9,13,5,6,5,5,6,9,4,10,8,10,2,9,3,10,2,9,6,5
"279280",6,11,4,4,1,3,9,3,2,3,3,11,6,8,5,2,7,6,3,3,6,3,3,13
"2792859",6,8,7,5,4,6,2,4,8,3,1,7,1,2,0,1,8,1,8,3,3,3,2,13
"2831893",4,11,4,4,3,0,6,4,2,3,6,3,8,3,1,0,4,3,7,8,5,13,3,4
"2834378",6,7,5,5,2,3,10,3,13,1,8,5,3,4,6,3,3,3,7,6,8,6,5,9
"2842329",13,4,6,0,2,1,0,7,0,1,0,4,0,1,0,0,2,0,5,2,0,2,0,0
"2861802",1,11,2,4,4,4,3,4,6,2,3,2,1,6,1,5,4,5,13,4,3,5,4,3
"2870563",6,7,13,5,6,3,1,8,9,6,5,1,0,7,3,2,5,2,8,2,10,7,2,7
"2874846",7,7,7,8,13,11,7,3,7,12,1,6,4,4,6,5,13,3,13,4,7,11,6,6
"2910754",13,8,10,7,11,8,7,6,4,4,10,6,2,7,5,4,7,8,7,8,4,4,5,6
"2920384",2,4,2,2,10,3,4,4,5,6,5,5,7,6,3,3,2,1,2,7,7,13,4,8
"2932252",13,6,8,11,12,5,9,9,7,6,3,7,3,11,5,7,12,10,5,12,8,5,13,4
"2942894",11,4,6,3,5,9,8,10,7,13,8,6,9,6,3,10,7,3,6,12,7,9,5,9
"29501",11,13,13,7,11,10,1,12,7,5,4,11,2,4,4,6,11,3,0,5,0,1,7,6
"29520",5,4,6,5,7,11,5,9,3,1,2,0,2,0,2,1,13,2,1,4,6,3,4,8
"2955349",13,8,4,11,5,7,8,3,11,6,4,9,7,10,9,5,11,8,11,5,5,5,5,2
"2955351",8,12,6,9,12,5,4,11,8,5,10,9,10,11,12,13,10,4,8,8,12,3,7,3
"2955888",9,13,13,4,9,9,4,11,7,5,9,5,4,6,4,10,10,3,3,4,11,7,5,2
"2956394",13,0,2,4,6,0,0,4,3,0,0,1,0,0,1,0,0,0,4,0,0,0,0,0
"2956401",4,1,4,13,6,4,4,2,3,3,1,2,3,4,2,4,2,6,5,6,0,0,0,1
"2956442",3,4,5,2,6,8,7,6,4,7,0,2,1,5,3,1,0,5,13,0,4,6,0,10
"2972784",8,8,12,11,6,6,8,13,4,9,2,5,7,4,9,3,1,5,10,6,5,10,3,4
"2984146",5,3,2,7,11,13,6,5,2,0,0,4,1,7,1,3,11,2,1,3,1,6,7,12
"2993937",12,7,13,6,5,7,5,6,10,9,10,4,8,2,2,2,6,2,6,11,2,9,8,5
"3050244",6,5,7,6,7,7,9,13,6,5,2,7,4,10,3,11,6,3,10,4,7,6,11,0
"3071081",10,9,7,7,8,9,4,13,5,7,3,7,6,7,3,3,3,3,8,7,1,9,6,10
"315405",13,8,9,6,5,11,5,5,6,9,3,4,3,5,3,1,8,4,2,7,3,7,9,5
"324079",13,9,6,9,1,10,4,1,6,1,1,7,3,1,2,0,3,2,10,3,4,5,3,7
"347202",9,6,5,7,13,2,1,2,5,5,1,8,2,6,5,3,0,2,6,2,2,6,1,3
"374106",12,13,6,11,9,12,3,8,7,8,4,9,4,3,7,2,5,4,9,1,3,2,12,1
"412965",7,6,4,9,7,9,6,6,2,2,5,13,3,1,1,3,6,2,3,1,3,4,9,7
"45361",1,7,4,13,4,4,2,1,1,1,0,5,2,1,2,3,3,3,8,2,1,3,8,2
"630749",1,6,9,6,13,3,2,11,3,4,5,9,6,4,3,2,3,5,6,4,4,3,5,4
"657323",7,8,5,2,9,6,3,5,1,1,1,8,3,10,8,13,2,4,2,4,1,4,0,7
"65959",9,7,13,3,8,6,3,6,5,6,6,8,6,6,3,4,9,3,6,3,0,2,6,4
"684066",8,11,8,12,6,11,7,10,11,6,9,10,10,3,11,13,7,5,10,12,7,6,8,4
"717609",12,10,9,11,4,13,5,5,7,5,6,6,8,8,9,4,6,8,7,8,6,4,6,4
"754516",7,8,2,13,2,9,4,8,4,2,2,12,1,3,2,1,1,5,6,3,6,5,2,9
"759620",7,13,6,13,5,8,11,7,7,7,8,5,5,3,0,7,11,3,11,1,7,8,8,4
"781",7,13,7,5,8,12,6,9,4,3,8,5,9,4,6,2,5,2,6,5,7,11,7,2
"782",13,11,8,10,4,6,6,6,4,6,7,8,5,3,5,3,5,4,8,4,6,7,4,9
"786",8,6,13,5,9,9,7,1,3,7,5,8,2,9,2,4,9,2,9,6,5,3,13,8
"807",12,3,12,1,13,9,6,7,3,7,9,6,5,9,8,4,3,3,7,1,8,5,8,2
"83558",11,9,12,5,9,13,5,13,12,6,3,9,8,9,3,3,12,12,5,12,2,7,9,7
"931100",9,13,5,8,4,6,4,4,3,5,5,3,3,4,3,3,3,6,6,3,3,6,2,6
"1032242",11,6,11,10,5,9,2,2,12,2,6,12,0,6,11,8,11,4,8,5,3,8,6,6
"114880",7,12,5,9,4,5,5,4,2,1,2,11,6,3,1,3,2,2,3,3,4,6,7,6
"115778",10,8,7,6,6,7,2,4,1,12,5,8,0,5,3,1,10,1,2,8,4,6,8,4
"1194088",10,4,8,3,6,12,6,8,7,11,5,7,3,3,11,2,10,1,7,7,5,11,8,7
"1198980",7,11,6,10,2,9,6,8,6,2,2,1,7,5,6,2,12,3,2,0,0,5,6,0
"123",5,3,8,7,10,2,2,12,7,1,4,9,4,5,3,0,5,4,2,1,1,2,3,7
"1233873",3,6,6,6,6,8,1,10,6,1,4,7,6,0,4,3,6,12,1,3,3,11,7,4
"1378",4,6,4,7,2,5,1,8,2,5,3,12,1,2,0,1,7,0,0,6,2,4,2,3
"1430884",1,5,2,2,4,12,1,1,1,0,2,3,2,2,0,1,6,3,3,0,0,6,1,0
"1457153",12,5,6,3,1,6,3,5,4,4,0,4,10,2,3,1,4,9,2,3,2,3,1,4
"1501269",5,2,6,9,7,6,4,7,3,5,10,8,7,7,9,1,3,1,12,9,10,8,8,7
"150340",8,4,3,1,4,2,3,1,3,4,4,3,3,2,1,6,7,8,12,4,5,3,3,0
"1508657",2,12,4,4,1,1,0,2,1,2,0,0,3,3,1,4,2,0,2,8,0,4,2,4
"1541887",8,0,0,0,3,0,0,0,0,0,1,0,0,0,0,0,0,0,1,0,0,12,0,0
"1565532",2,12,4,2,9,10,2,3,2,1,3,3,1,5,3,1,4,3,1,3,1,7,0,8
"157339",5,9,8,6,6,6,10,8,1,4,3,8,11,6,12,4,12,3,5,8,5,11,4,8
"1586714",0,4,1,7,4,9,6,1,0,1,4,3,4,3,12,3,5,3,7,1,1,0,2,0
"160",8,10,6,6,12,11,6,12,7,2,3,7,8,4,5,5,11,6,2,9,5,11,6,5
"1608357",6,11,7,8,5,1,4,4,5,4,10,8,6,9,4,6,2,1,12,5,5,8,7,4
"161213",5,6,9,8,3,2,4,4,3,11,3,12,4,4,6,5,2,5,7,3,1,1,2,8
"1654388",7,6,2,4,8,2,2,9,6,1,2,4,4,3,4,2,1,7,6,5,2,3,1,12
"1656823",6,12,8,5,5,6,5,6,4,12,5,10,7,5,6,7,7,5,6,3,6,3,0,3
"1720343",5,10,4,4,12,3,5,9,2,2,6,6,2,3,5,7,7,7,10,5,3,4,1,1
"1759399",11,10,6,6,1,8,5,6,8,4,8,5,1,9,5,1,8,5,12,1,7,3,5,6
"1813019",12,9,3,6,3,6,3,11,7,2,3,8,2,2,1,1,4,1,6,8,1,2,1,5
"1850254",5,11,2,4,2,7,7,1,4,3,3,12,3,2,3,1,2,2,7,2,4,5,5,9
"1903416",3,12,7,1,3,3,4,3,3,7,2,4,1,3,5,2,9,9,5,5,1,9,5,0
"1920107",4,12,4,6,3,6,7,7,2,6,3,3,2,5,3,5,3,2,4,4,3,3,2,1
"1925779",12,0,0,5,2,1,1,7,0,1,1,3,2,2,2,1,0,0,2,2,1,0,1,0
"1980937",12,3,8,4,1,4,2,8,0,2,1,4,2,0,1,0,2,1,0,0,2,3,2,2
"1982076",8,4,9,7,2,10,3,12,5,2,4,4,3,6,4,3,4,2,6,7,2,3,3,1
"1982357",9,4,10,7,3,6,12,3,6,4,8,4,4,3,4,4,2,5,4,3,5,2,11,5
"1982903",8,9,5,7,9,8,11,12,2,7,5,9,7,8,3,3,4,8,6,9,5,7,5,1
"1983117",4,7,6,7,1,7,2,2,0,12,6,3,4,9,7,5,2,4,2,3,1,6,5,5
"1983118",9,12,6,5,7,6,1,12,3,5,2,3,3,3,2,1,4,4,4,2,1,2,6,5
"1984798",0,0,0,0,1,0,1,0,0,0,0,0,0,0,0,0,0,0,4,0,0,0,0,12
"1993872",3,0,3,2,12,7,5,2,6,1,4,7,2,3,9,5,0,3,4,8,12,7,3,4
"2015871",11,1,8,5,12,4,0,2,1,0,1,9,0,0,0,0,3,0,10,0,1,3,0,0
"2024265",10,3,0,4,1,1,6,12,1,3,2,4,1,4,2,3,2,0,0,3,1,2,3,2
"2035399",5,8,5,7,1,6,8,8,2,4,2,6,2,4,3,12,4,2,11,5,3,8,3,3
"2053669",4,9,8,4,9,12,4,3,6,4,4,4,2,5,2,8,4,2,7,7,6,5,1,7
"2096",9,6,5,5,5,7,2,6,6,2,2,8,8,7,4,5,7,6,12,6,4,4,1,3
"2104",8,4,1,12,6,12,5,8,5,6,3,7,1,4,1,1,2,7,7,10,2,7,2,3
"2107",6,8,8,2,6,12,1,9,1,1,2,3,6,4,2,3,5,5,4,8,3,6,6,12
"216934",6,9,1,7,5,11,8,12,6,4,1,9,0,6,4,1,5,6,8,4,1,6,2,1
"216963",8,8,12,4,1,3,7,8,9,7,2,2,1,1,6,7,1,8,7,5,7,4,3,6
"216964",8,6,3,3,4,12,2,2,3,3,1,2,0,4,4,1,2,1,4,3,2,2,3,2
"2215",4,3,7,9,8,6,2,6,4,7,4,6,4,6,7,8,7,4,4,12,11,6,8,6
"2217832",4,2,0,2,3,5,2,2,3,0,0,4,1,7,1,2,3,3,4,1,3,1,12,0
"225842",6,12,4,4,8,7,4,12,1,2,2,4,0,2,0,1,4,7,1,2,0,6,7,6
"2337",12,6,4,3,8,5,4,4,2,2,3,8,7,0,1,1,3,2,1,3,7,4,0,0
"2479547",9,6,11,9,11,10,2,12,7,2,4,7,6,5,5,6,4,7,11,7,7,11,9,10
"2590021",10,7,9,9,4,9,7,7,6,6,9,10,3,3,6,7,6,5,8,4,4,12,6,3
"2610896",1,9,4,7,12,7,2,7,4,7,1,2,5,4,2,1,3,1,5,2,5,3,5,4
"2652881",4,3,12,2,5,1,5,1,2,1,3,1,2,2,5,3,2,4,9,3,0,2,0,0
"2656546",5,10,7,12,10,6,6,6,12,6,4,11,4,10,5,9,8,6,3,4,7,9,6,10
"2656760",8,7,8,1,5,12,1,9,1,2,4,7,5,7,4,3,5,3,5,5,2,3,5,6
"267375",10,10,12,7,8,7,7,5,5,3,8,10,3,9,10,8,4,5,10,8,10,4,11,3
"2675793",2,3,4,1,6,2,0,5,1,0,2,3,0,5,0,1,12,3,4,1,2,6,0,3
"2709390",12,4,5,3,5,4,3,7,3,2,0,2,2,0,3,3,5,4,3,3,0,7,6,7
"2719987",6,11,11,10,5,7,2,7,3,0,3,12,8,2,2,3,2,2,8,6,3,3,6,5
"2734272",9,5,12,2,3,2,1,4,2,5,5,4,3,5,3,2,1,2,3,0,2,4,2,4
"2742601",12,5,2,3,9,8,8,6,5,4,2,7,6,5,8,5,6,5,5,3,3,6,7,8
"2742670",0,0,0,1,12,0,1,0,2,1,0,1,0,0,0,0,1,0,8,0,0,1,2,0
"2743910",0,6,5,3,5,2,1,4,12,3,2,6,2,2,4,2,3,5,1,7,3,2,2,12
"2749961",8,10,9,3,12,5,5,2,4,5,3,5,2,10,5,8,5,7,6,4,9,2,5,4
"2759692",4,7,5,5,3,9,4,5,3,3,1,12,3,4,0,3,11,4,4,5,2,3,2,8
"2762412",5,3,9,0,1,2,4,1,0,2,5,8,12,2,5,1,0,3,2,1,1,5,1,1
"2766470",12,8,4,11,5,3,4,9,5,5,4,5,6,2,4,4,10,3,11,7,8,6,6,7
"2772433",8,12,6,7,4,5,3,2,11,5,4,2,6,8,7,3,2,5,5,2,5,6,3,0
"2776851",5,3,3,11,3,2,5,7,3,6,4,3,5,2,3,0,5,1,12,1,1,10,4,4
"2792979",12,6,3,3,8,5,4,5,4,2,4,8,0,2,2,4,7,8,4,6,2,7,7,1
"2806008",5,7,3,6,2,5,4,2,1,6,4,12,0,1,2,6,5,4,3,4,4,5,1,4
"2811503",3,8,8,3,5,9,11,12,3,4,5,12,9,7,8,5,10,5,7,7,5,1,12,8
"2829498",11,5,6,5,7,10,4,3,7,5,12,6,7,10,3,10,6,5,9,5,7,5,10,1
"2842796",6,3,3,3,4,1,1,4,4,4,2,5,2,5,1,0,0,1,12,1,0,5,0,1
"2843069",12,3,12,2,7,2,3,11,1,1,1,5,0,7,4,2,0,4,0,0,2,7,3,0
"2843385",3,5,1,12,0,2,3,9,4,1,2,2,3,1,2,2,4,2,2,6,0,3,0,3
"2844662",2,0,0,5,1,7,0,12,0,1,0,2,0,0,0,0,0,0,1,0,0,0,0,0
"2844677",11,0,1,3,12,0,1,2,1,1,1,6,1,2,0,0,1,0,4,1,0,1,0,0
"2846394",0,1,0,1,0,1,0,1,1,1,1,0,2,0,0,0,0,0,12,1,0,1,1,1
"2885973",4,12,6,8,5,7,2,5,2,4,8,10,5,5,3,11,3,2,4,5,1,8,2,2
"2894335",12,2,6,4,11,5,7,3,12,6,6,4,7,1,5,7,3,11,2,3,5,5,6,2
"2939127",8,12,8,2,4,5,6,11,4,4,5,4,3,4,3,4,4,5,7,1,1,7,2,6
"2946160",8,7,9,7,5,9,4,2,4,2,6,3,4,3,4,12,7,8,5,5,6,10,1,6
"2948855",5,6,10,12,7,9,10,10,12,7,7,4,6,6,1,5,3,9,3,5,4,11,8,7
"2955309",5,7,5,8,8,12,4,5,6,2,0,3,4,4,4,2,3,5,4,5,2,6,5,6
"2955339",12,7,3,3,12,5,3,9,6,5,4,4,4,7,4,11,7,3,3,0,1,2,5,1
"2955566",3,7,6,10,5,4,4,5,6,5,2,2,7,4,3,2,8,6,5,8,4,12,2,2
"2955568",2,5,7,4,4,2,4,5,6,1,5,1,6,3,4,0,3,12,2,6,4,3,0,6
"2955577",4,6,3,3,12,2,4,1,3,1,7,2,1,8,3,7,2,4,9,1,5,5,4,2
"2956094",2,3,2,5,1,3,1,5,5,4,5,3,3,12,3,4,2,2,1,7,5,1,3,2
"2956344",5,2,5,12,2,7,4,4,3,7,3,1,7,4,3,1,5,10,5,5,2,5,4,5
"2956443",6,10,4,6,12,6,7,6,2,3,2,5,12,3,1,3,0,5,5,3,4,6,5,5
"2956641",1,12,2,10,6,4,4,6,2,7,5,3,2,10,6,1,2,6,7,11,3,3,7,3
"2967301",8,4,1,5,3,9,3,3,2,1,2,3,7,1,3,2,1,6,4,9,5,6,1,12
"3003393",12,6,4,4,11,7,1,4,5,2,2,4,2,5,3,4,11,1,2,12,5,1,4,6
"3019934",6,1,6,5,12,5,1,2,12,1,1,5,3,5,3,5,4,4,6,4,9,3,2,5
"3038367",1,12,2,4,2,1,1,3,1,2,3,1,2,3,5,0,1,1,0,0,3,1,5,4
"3047868",4,3,6,5,12,5,3,11,2,7,4,4,2,5,2,3,5,0,11,4,3,11,6,5
"3050304",9,11,3,12,5,12,6,10,4,10,10,5,9,2,6,10,5,5,11,4,6,6,3,10
"3050344",2,3,7,5,3,7,9,4,10,3,4,3,5,12,7,2,5,9,3,3,7,4,1,7
"3051419",4,8,2,5,9,12,2,11,1,3,3,8,7,7,4,5,9,0,10,7,4,4,1,3
"33964",4,4,5,12,5,11,3,6,4,3,4,5,4,5,3,1,9,9,5,3,1,7,7,5
"34095",8,4,3,4,2,3,4,2,2,6,4,5,4,1,2,1,9,4,3,3,1,4,12,4
"35773",4,12,11,12,7,7,1,4,2,4,3,10,6,3,8,4,9,7,7,5,7,5,8,12
"362534",4,6,5,12,12,5,3,9,1,4,3,8,1,8,0,3,6,3,1,2,5,7,6,7
"362837",11,5,3,11,6,11,2,3,2,3,4,5,1,0,5,5,3,1,12,3,4,8,3,3
"370623",10,9,9,6,11,11,11,10,5,5,12,6,6,6,4,8,4,10,12,4,5,8,4,7
"408956",12,7,6,11,2,10,8,10,5,8,4,11,5,11,7,10,7,6,8,12,12,2,2,7
"413888",9,1,6,8,5,7,8,2,12,2,3,5,3,4,7,5,3,2,4,2,6,9,8,7
"447897",5,11,6,10,10,12,6,3,9,8,3,5,8,8,5,5,10,11,12,8,3,4,6,4
"45667",9,7,9,6,10,9,3,4,9,4,1,11,4,2,2,8,4,3,8,4,4,6,12,4
"465797",5,3,11,1,3,8,1,1,5,2,3,12,3,2,5,1,5,2,6,2,1,5,2,2
"477967",5,6,3,2,4,7,5,7,7,3,3,1,3,4,2,12,5,2,6,6,4,2,0,8
"47835",4,4,1,2,2,6,1,4,0,0,0,0,1,4,2,2,0,2,3,1,2,2,5,12
"48003",7,6,3,6,2,9,1,3,2,1,2,12,0,2,1,0,2,2,3,5,0,2,3,3
"488546",12,11,3,5,3,12,2,6,2,4,3,8,3,10,4,2,7,5,10,7,3,11,2,7
"50339",8,10,8,7,5,5,6,12,6,2,4,4,8,7,9,5,5,0,5,11,7,3,4,3
"519450",12,8,11,10,3,11,6,7,3,2,1,6,2,4,4,2,3,4,6,2,1,9,6,6
"622488",9,10,12,6,7,10,4,4,4,8,2,8,4,4,5,2,7,2,6,1,2,8,2,5
"653940",10,9,12,8,8,3,8,5,4,6,6,4,2,5,5,4,7,7,7,6,6,8,10,5
"683846",8,7,4,12,7,3,12,12,11,2,6,10,4,8,6,3,10,8,8,4,4,12,7,7
"691963",7,8,10,4,6,9,2,7,5,6,4,3,3,3,2,4,12,11,5,6,4,12,4,1
"701045",6,8,5,5,5,8,8,6,3,1,12,11,6,8,6,8,9,5,8,2,6,1,11,6
"754515",7,5,4,6,2,8,6,2,3,4,0,6,3,2,3,2,6,2,5,3,3,1,8,12
"754517",6,7,5,7,10,11,3,8,6,4,3,6,3,4,12,3,3,10,5,2,2,5,2,7
"76859",9,12,5,10,7,9,2,10,10,7,1,10,6,5,0,9,7,3,6,4,3,10,4,6
"776",6,12,4,3,1,3,2,4,0,2,1,1,0,1,1,1,5,0,4,0,2,5,6,5
"787",8,8,12,7,10,7,4,7,4,4,4,4,5,3,2,2,4,6,10,3,7,6,9,5
"83171",12,10,9,9,8,9,5,8,10,6,6,7,1,6,6,5,10,5,2,6,3,7,5,7
"904",7,11,2,2,2,10,7,6,11,8,6,4,1,5,6,7,8,2,12,3,2,6,2,3
"939",8,12,6,9,1,7,7,8,5,11,7,3,6,6,4,8,2,4,3,6,5,1,6,5
"950",2,1,9,7,12,5,7,6,2,5,2,7,2,5,7,5,9,0,5,7,6,7,3,5
"994692",9,5,11,6,8,9,3,8,4,2,8,5,5,6,11,4,10,5,10,5,4,12,6,3
"994696",10,12,6,9,9,10,9,12,10,6,3,6,3,8,5,9,10,7,1,7,2,5,8,4
"10358",5,2,7,4,3,3,5,4,2,2,5,3,3,4,4,4,5,11,4,5,6,5,4,2
"1085644",5,8,3,1,2,4,2,6,6,4,7,2,1,2,1,3,5,5,9,4,3,1,9,11
"1100043",5,11,2,6,7,6,5,6,3,5,5,4,6,5,5,2,8,3,8,4,9,10,9,6
"1183377",8,4,5,3,4,4,1,11,5,2,11,6,0,1,4,6,1,3,6,3,5,2,3,1
"1263",9,1,6,6,3,7,5,8,11,4,9,4,4,7,4,2,1,3,4,6,8,2,4,4
"1315211",9,5,6,3,2,8,5,3,5,3,1,7,2,10,1,4,6,3,7,4,3,11,6,2
"1316444",2,6,8,2,11,6,1,2,1,3,0,3,1,2,5,1,5,0,5,3,1,5,4,2
"1333713",1,3,3,3,1,1,2,5,11,6,3,3,2,3,8,3,2,5,4,2,6,0,5,3
"145263",0,3,0,0,1,3,0,1,2,1,1,2,3,11,0,2,3,3,0,0,6,1,4,1
"1458492",11,10,6,5,2,0,5,6,0,4,1,3,3,5,2,4,3,0,9,2,2,4,3,2
"1500960",8,6,2,11,8,3,1,7,2,5,2,3,1,4,2,4,5,4,5,5,1,3,10,6
"1514074",5,2,2,4,5,7,7,6,4,5,6,11,2,4,0,8,0,4,3,5,1,2,2,2
"1548417",5,5,2,3,6,3,9,7,2,8,4,5,3,3,4,3,2,3,3,4,5,2,11,3
"1643512",3,2,3,11,7,9,6,3,7,2,5,5,5,3,2,7,5,5,8,5,1,5,3,5
"164516",4,1,5,3,0,11,0,1,3,0,0,3,4,3,4,0,1,0,1,3,4,5,0,1
"165096",6,11,7,10,7,7,6,3,5,3,3,8,3,2,1,4,4,1,9,8,3,6,7,5
"171285",7,11,3,0,2,3,1,2,1,1,2,6,0,1,4,2,2,1,3,3,0,5,1,5
"1812111",10,8,1,8,11,8,4,7,4,4,6,6,2,0,0,4,8,2,5,2,4,11,3,6
"1812112",10,8,6,9,11,7,1,4,4,4,1,9,1,4,3,3,6,2,4,4,0,2,1,6
"1838072",6,2,5,5,7,4,4,4,10,4,5,8,2,11,6,2,2,7,6,8,7,4,8,6
"1871624",0,0,2,0,5,0,0,0,1,0,0,0,0,4,0,0,0,0,7,0,11,10,0,0
"1892254",5,4,4,2,6,5,2,2,0,7,2,7,2,1,6,5,3,8,2,11,1,5,5,2
"1917441",11,6,6,6,8,9,4,7,4,1,4,4,4,1,2,6,3,7,11,2,3,6,4,5
"1982095",8,11,5,5,4,8,0,4,3,6,6,3,1,4,2,6,3,5,7,4,4,6,2,3
"1982239",11,2,0,5,3,1,1,2,1,0,1,2,1,1,1,1,0,1,1,2,2,3,0,1
"1982560",5,2,9,6,6,5,2,2,4,3,4,5,11,10,5,1,3,4,4,1,1,6,11,4
"1982590",4,5,3,2,11,3,8,5,7,7,4,2,2,6,5,6,6,1,1,2,4,4,3,3
"1982902",4,4,8,9,5,9,4,9,3,10,4,11,3,5,2,7,0,1,10,9,2,0,8,1
"2005520",11,2,3,0,4,4,3,5,3,2,4,2,2,3,1,5,5,3,4,3,2,8,10,7
"2079134",3,1,1,11,1,2,2,4,4,4,4,5,3,2,10,1,6,8,3,6,7,3,5,1
"2094",2,11,4,3,2,5,1,6,1,3,2,1,2,4,1,2,5,0,2,6,0,5,1,3
"2120",11,7,4,3,5,9,3,2,2,0,2,2,1,1,1,5,2,3,0,1,1,4,6,2
"2126929",11,3,10,5,8,4,5,2,6,8,3,1,2,1,4,9,4,1,0,4,7,4,1,5
"2126984",8,9,9,5,3,11,3,4,6,8,5,10,3,9,1,5,6,1,2,5,4,7,2,5
"2129",11,9,5,6,6,7,4,6,5,3,1,1,0,1,4,1,10,3,2,0,1,2,1,5
"2139",8,3,4,7,4,11,6,5,2,0,7,6,2,2,2,9,3,5,4,7,4,7,1,6
"2163016",10,2,8,5,5,5,7,6,4,6,2,1,5,4,7,3,4,2,3,3,3,6,8,11
"216937",10,3,3,10,11,11,0,2,1,4,2,2,2,6,10,1,8,6,2,3,1,7,2,5
"2170745",6,4,7,5,0,8,11,7,5,2,4,1,3,1,4,7,10,6,6,5,2,3,4,11
"2190",11,2,6,9,9,10,4,7,4,7,10,1,0,3,3,5,5,1,8,0,2,11,3,7
"2201427",8,11,2,2,3,5,4,8,5,2,2,4,4,6,5,1,3,1,2,4,8,5,5,1
"2225",1,0,3,6,1,4,6,11,2,5,1,3,0,2,3,0,9,2,0,2,2,2,1,0
"224467",11,5,11,11,10,10,10,6,5,7,5,8,8,5,7,5,7,8,9,6,4,7,8,4
"2268087",11,3,11,3,9,5,0,10,3,2,2,1,1,3,1,3,5,2,6,1,4,4,4,3
"229155",7,4,7,6,3,8,3,3,3,1,2,9,2,2,2,1,11,1,2,4,2,4,6,2
"2307",6,4,11,1,2,1,3,2,6,6,3,3,3,1,0,6,3,3,2,0,2,1,1,3
"2419842",11,1,1,9,2,0,4,1,1,0,1,2,0,3,3,1,6,0,4,1,5,2,2,3
"2419957",2,9,3,7,0,4,4,3,4,4,2,6,4,1,1,1,11,2,4,2,3,4,1,0
"2502431",7,11,5,3,10,9,7,2,5,9,3,10,3,7,3,7,3,1,2,5,3,5,8,6
"2505970",11,3,10,9,2,7,4,7,2,3,2,4,4,4,2,2,7,2,3,0,2,3,0,5
"251538",9,7,7,9,6,11,2,9,1,5,1,10,1,1,2,3,10,8,2,6,3,5,8,5
"2560261",5,4,11,3,6,10,6,3,4,8,5,2,5,2,4,1,4,0,4,8,5,8,5,1
"2560487",2,10,5,5,3,3,4,11,3,1,8,1,2,2,9,3,0,9,5,8,3,4,0,0
"2560492",9,10,7,7,6,7,7,9,4,10,9,9,9,11,3,3,5,6,5,8,2,6,6,3
"2560505",9,5,6,7,6,1,3,6,4,4,6,3,9,11,1,7,7,8,3,10,7,8,3,1
"2560514",1,11,8,5,1,2,3,5,2,1,4,1,3,2,3,6,3,3,1,1,4,5,1,5
"2560594",8,2,6,2,11,0,1,9,1,5,0,2,0,4,6,1,0,0,5,0,2,6,2,1
"2560786",11,0,4,5,1,0,0,0,0,0,0,0,0,0,0,0,0,0,0,0,0,0,0,0
"2560847",11,4,7,3,2,4,1,10,2,2,5,6,1,4,1,4,2,3,8,4,3,6,4,7
"2571250",3,4,2,6,11,7,3,0,5,0,2,2,6,3,3,2,1,7,7,0,0,3,1,4
"2571252",6,5,2,9,4,3,3,5,4,10,7,11,2,4,3,4,3,4,3,3,6,3,5,5
"2591215",4,1,1,2,5,4,4,6,1,2,1,2,4,2,11,2,3,1,1,3,2,2,3,5
"2613771",2,1,10,6,9,6,2,6,1,4,11,1,1,3,2,3,2,3,3,2,2,8,0,6
"2652803",10,10,4,8,10,11,3,9,7,6,8,5,6,4,7,3,6,3,8,6,9,10,2,7
"2675796",1,1,11,4,5,2,0,4,0,3,4,0,0,1,0,3,6,2,1,3,2,0,2,3
"2683680",11,2,1,0,6,2,4,7,0,1,0,1,2,1,2,0,1,1,1,1,1,1,5,0
"2686228",4,11,3,4,1,4,0,1,2,5,1,4,1,4,3,5,3,3,2,5,1,2,3,6
"2704651",4,11,11,8,10,7,5,9,5,3,4,4,7,3,4,2,4,3,9,0,5,10,3,1
"2733171",1,5,9,6,4,4,5,8,5,3,11,2,4,5,7,2,7,7,7,1,2,6,1,9
"2734252",6,7,2,11,5,1,5,2,7,3,3,1,4,4,5,5,3,5,6,2,4,0,4,1
"2747",10,11,7,5,5,4,4,5,0,3,2,2,3,2,4,2,2,5,4,2,1,7,3,10
"2749994",3,11,8,2,6,10,1,3,2,3,5,4,7,9,6,3,2,2,2,2,2,1,2,8
"2755405",8,3,5,3,11,6,2,6,3,4,7,10,3,2,1,3,3,2,5,1,2,5,1,5
"2785123",9,10,6,8,9,11,3,4,1,6,7,10,4,4,9,2,7,3,6,9,4,8,3,8
"2792977",11,9,5,4,8,9,0,6,3,6,3,10,3,4,5,11,9,11,3,11,10,0,5,10
"2795692",5,0,1,4,8,10,4,3,5,5,5,2,4,5,3,3,5,5,2,11,0,5,2,1
"2797313",0,1,2,11,0,3,0,7,0,1,0,2,2,0,2,0,5,2,2,2,0,3,1,2
"2805839",3,6,3,3,3,2,2,4,4,3,3,8,0,5,1,3,1,1,4,3,1,11,2,2
"2810070",4,10,7,1,9,7,4,3,5,2,0,7,1,8,2,1,11,5,2,2,5,1,6,7
"2811091",10,8,6,9,7,9,6,11,3,2,0,11,0,5,3,1,5,3,4,2,1,7,4,7
"2832317",8,2,6,2,11,1,6,9,6,5,4,4,6,9,2,3,5,11,0,3,4,9,3,3
"2843421",9,11,9,11,7,4,4,1,3,4,6,4,6,4,4,11,8,3,7,1,7,6,4,6
"2843732",11,3,8,2,8,2,6,8,2,1,2,3,1,3,1,2,5,3,2,5,4,3,4,7
"2844866",6,1,11,11,5,4,8,2,4,3,4,5,2,5,6,2,5,6,11,0,6,6,5,9
"2845961",11,5,3,0,1,0,0,0,1,0,0,0,0,0,0,0,0,0,3,0,0,0,0,0
"2845970",3,8,2,4,6,5,1,2,1,0,2,4,0,2,2,2,2,2,11,3,0,2,0,1
"2846071",3,11,1,3,3,2,3,1,0,2,1,3,2,1,2,1,2,1,0,2,0,3,6,2
"2846395",7,7,8,6,4,5,7,6,8,5,2,5,4,5,3,2,5,8,11,4,4,7,3,5
"2873296",5,3,10,8,5,5,3,10,5,6,5,11,3,7,6,7,6,4,2,5,4,4,4,1
"2894587",11,8,2,3,6,1,4,2,2,2,3,4,6,2,1,4,1,5,1,4,2,6,2,3
"2912628",3,7,3,2,11,6,3,6,10,3,7,2,6,8,0,3,2,9,1,3,0,4,1,5
"292486",8,9,6,6,11,8,6,3,4,2,7,11,1,3,7,9,6,8,4,3,1,5,7,9
"2926099",4,8,4,4,1,7,5,10,6,7,5,2,2,3,7,8,7,6,0,4,4,1,11,1
"2929514",6,9,6,10,6,5,4,4,1,2,3,5,5,4,4,1,0,3,11,4,2,2,2,3
"2933293",5,9,2,9,11,1,8,5,4,1,7,5,7,3,8,3,5,2,5,1,5,6,6,6
"2939492",3,1,7,5,11,4,7,2,2,4,2,4,5,5,4,4,3,0,5,2,3,3,3,1
"29518",3,3,11,3,8,6,3,2,4,3,3,9,0,5,4,3,3,0,5,0,2,0,2,5
"2955239",6,3,1,5,3,4,3,3,3,0,5,5,4,4,1,3,2,11,3,4,2,0,3,1
"2955346",2,3,4,11,9,7,3,5,5,5,5,2,7,4,4,2,3,1,4,1,3,9,4,9
"2955428",0,6,6,4,5,7,4,5,5,6,5,6,8,5,5,5,2,0,11,8,3,2,4,1
"2955576",3,2,2,2,11,5,4,6,6,1,4,3,2,3,4,4,3,4,4,4,7,3,9,10
"2955916",6,3,3,2,11,1,3,9,0,0,1,2,0,2,1,2,2,2,1,2,2,1,1,1
"2956000",8,8,8,3,2,8,5,6,5,5,11,5,3,5,5,3,6,1,2,5,3,7,10,5
"2956033",9,6,8,6,11,8,5,2,7,10,9,7,2,9,4,10,5,6,6,8,6,6,7,3
"2956114",2,6,7,4,4,3,4,1,7,4,2,6,4,7,11,9,4,10,1,4,5,5,3,4
"2956121",2,4,2,3,4,1,4,7,3,3,3,4,3,3,3,4,5,3,1,2,2,3,4,11
"2956122",8,10,4,9,4,3,10,5,8,9,4,4,6,2,6,7,4,4,11,4,4,5,6,3
"2956195",2,2,3,1,0,4,1,3,0,1,11,1,1,0,4,0,3,0,0,3,4,3,0,3
"2956385",7,2,5,3,9,6,4,6,3,1,2,4,9,2,8,6,4,5,2,1,3,11,4,3
"2956392",11,0,2,3,2,2,0,6,0,2,1,2,0,0,0,0,0,0,2,0,0,0,0,1
"2956475",11,3,6,4,2,7,4,2,0,4,1,3,0,3,6,8,2,1,3,0,1,6,1,0
"2956477",2,3,7,2,5,5,5,4,5,0,5,2,4,5,2,4,4,3,6,5,2,4,11,7
"2956532",4,6,5,6,1,5,7,6,6,3,2,0,0,8,3,3,2,3,7,1,5,1,11,2
"2956567",11,4,4,1,2,4,5,1,2,0,6,0,1,5,5,2,2,1,3,0,1,3,0,1
"2969250",6,1,10,5,11,4,2,3,2,4,0,5,7,1,0,3,4,2,4,3,1,4,2,2
"2984142",8,6,8,4,4,10,3,3,1,2,2,6,5,2,2,2,5,4,7,4,2,1,11,3
"2985648",8,11,4,7,5,1,1,1,2,0,5,3,5,2,2,1,5,1,4,4,5,4,3,1
"2995234",4,4,2,11,0,5,10,10,4,4,0,5,1,5,2,5,7,2,1,4,1,2,0,6
"299583",8,11,7,7,5,10,7,5,1,2,4,8,1,2,3,1,4,0,6,0,1,2,2,2
"3018276",6,8,9,7,6,5,4,8,5,6,3,11,1,3,6,7,7,1,9,3,1,7,0,3
"3026425",8,4,6,7,8,3,5,4,5,4,5,11,1,6,6,3,7,4,5,1,1,2,0,1
"3047716",7,8,3,8,4,8,8,7,4,5,2,1,2,2,1,7,5,5,5,3,0,5,1,11
"3050267",4,9,10,1,8,5,5,10,10,4,2,7,8,10,4,7,11,4,7,7,4,4,11,8
"3050282",4,4,5,3,7,5,10,2,7,2,7,1,2,2,4,3,3,6,3,7,3,11,3,4
"3050292",6,8,7,5,10,7,7,4,8,11,5,6,4,6,11,5,5,8,9,6,6,5,2,5
"3050295",10,11,7,8,8,5,7,11,6,8,7,7,8,5,9,3,7,4,8,5,6,1,1,11
"3050297",3,2,4,4,1,3,7,1,1,11,2,5,4,3,2,8,5,4,4,9,4,5,2,4
"3058374",5,5,4,2,7,7,4,6,9,2,3,8,5,2,3,10,6,4,11,2,4,5,1,4
"315358",10,2,5,4,6,8,4,8,5,4,4,7,3,4,2,3,3,4,11,2,2,3,4,3
"319426",6,11,3,7,4,5,3,4,0,3,10,1,4,5,0,2,5,8,1,6,2,1,2,4
"32014",11,4,2,4,3,8,2,7,3,0,0,6,1,5,2,0,5,2,3,2,4,4,3,2
"351745",5,5,2,3,2,11,7,10,2,4,4,4,4,3,1,3,4,3,10,7,4,2,0,4
"353851",5,11,5,7,6,8,2,4,5,6,5,1,2,4,2,3,6,8,1,3,1,8,3,7
"37692",7,8,4,7,4,5,2,11,3,3,1,2,1,0,2,4,5,1,5,1,0,3,1,3
"39768",7,5,10,2,7,9,2,11,0,0,1,2,3,4,3,1,2,2,1,4,1,5,6,5
"43659",6,3,2,11,6,9,10,4,7,5,4,3,4,4,2,4,7,6,2,4,6,0,3,4
"44822",7,9,11,8,4,6,5,2,5,8,4,6,2,3,6,4,7,5,11,3,2,4,2,10
"53444",9,8,9,9,5,10,5,7,5,5,5,4,2,9,2,5,8,7,10,5,4,11,7,5
"544718",10,9,11,11,3,7,6,6,8,2,8,4,1,4,0,0,7,4,4,3,2,2,0,0
"570266",11,10,6,4,9,2,9,4,7,4,5,8,7,3,7,7,3,5,6,9,4,3,11,7
"620",3,11,8,9,3,9,6,4,9,8,4,6,4,6,9,7,6,3,5,4,7,4,4,5
"68892",4,11,9,5,11,9,2,7,3,5,2,6,6,4,9,9,3,3,8,6,3,8,4,6
"69896",2,4,9,11,5,8,0,1,4,3,4,7,1,1,5,1,8,1,7,1,2,7,1,3
"712310",7,8,5,9,3,6,11,11,6,2,4,4,6,3,2,6,3,6,9,7,6,9,4,8
"712361",2,7,3,8,10,10,8,4,1,7,7,11,0,1,7,2,9,0,9,6,4,9,1,4
"720",3,11,5,3,4,3,3,2,0,1,2,2,0,9,2,2,2,2,4,1,4,5,3,8
"728003",7,2,6,5,9,9,4,11,2,7,2,5,3,4,5,3,3,1,8,7,3,1,1,1
"74700",5,6,6,4,4,5,3,3,4,4,4,3,3,3,2,3,6,2,4,1,5,10,11,4
"74968",9,3,4,11,10,11,3,6,5,4,4,4,7,1,3,1,6,4,1,2,3,8,2,2
"90426",4,6,11,3,2,10,9,6,1,10,3,8,4,5,3,7,7,10,5,3,3,3,5,10
"92401",7,2,3,2,7,11,2,2,1,5,3,2,2,1,5,2,2,2,3,0,1,2,2,1
"92713",11,8,9,6,3,6,5,4,9,6,8,6,6,2,5,3,5,3,5,5,10,11,2,9
"1031542",5,10,6,5,3,7,1,6,3,1,3,5,2,3,1,2,6,4,6,2,0,2,2,5
"10663",1,10,3,4,2,2,2,3,3,2,1,7,2,3,1,1,1,0,1,1,0,5,2,0
"1089135",9,10,2,1,6,2,4,2,2,1,1,1,2,2,3,2,1,3,4,5,6,4,4,0
"1127744",6,3,10,1,0,6,3,1,3,1,2,7,1,0,1,1,6,4,3,3,0,1,0,3
"1131316",5,2,10,2,4,5,9,5,3,1,1,2,1,2,1,0,4,1,4,4,3,0,1,2
"114185",5,5,0,2,8,1,10,2,7,1,3,2,1,4,6,0,2,3,6,1,2,4,2,1
"1146875",9,8,7,5,6,5,5,7,5,7,1,3,4,6,7,10,3,4,2,4,5,3,5,2
"1195073",3,10,5,5,9,6,4,5,9,6,3,4,5,3,4,1,4,5,2,7,9,3,7,7
"1218495",7,2,10,6,9,6,4,4,2,1,2,5,4,2,6,3,3,2,5,0,8,7,7,7
"1274351",5,4,2,10,6,7,3,2,4,1,3,1,4,5,1,4,7,1,3,6,5,8,1,8
"1302411",4,1,5,8,7,2,0,10,2,0,2,1,0,0,0,0,2,0,7,3,0,2,0,2
"135727",10,4,8,6,6,5,1,1,2,1,2,4,0,5,2,0,1,1,3,1,3,3,2,0
"1364",2,6,6,3,6,0,1,6,1,10,6,3,0,2,5,8,7,3,4,2,2,7,5,1
"138853",8,5,7,9,10,7,6,7,5,8,6,9,6,5,3,2,5,1,2,5,2,2,10,4
"1390119",4,1,9,4,5,5,2,6,2,1,1,0,0,2,5,1,3,1,10,0,4,6,2,2
"1414737",6,3,10,5,2,3,5,7,2,5,3,2,2,3,0,5,8,3,3,4,4,3,4,1
"1471398",3,4,6,1,5,5,4,7,2,3,2,6,2,3,3,1,10,4,3,1,1,4,0,3
"1473",5,0,8,3,10,1,2,3,3,0,2,1,2,9,2,0,1,0,5,0,1,3,3,5
"1474867",4,2,5,9,6,7,7,3,10,8,6,6,5,5,4,7,8,5,9,3,0,8,1,1
"152297",8,4,7,10,2,1,0,5,4,2,2,1,2,3,2,4,3,2,2,3,1,8,1,2
"1583100",10,2,7,5,7,8,3,3,1,0,4,5,1,0,2,2,5,3,4,4,7,4,3,1
"1612150",2,4,2,4,6,10,6,1,1,5,0,3,0,3,0,1,2,4,5,0,2,0,4,0
"1636603",10,2,3,5,7,3,5,1,1,4,2,4,2,1,4,2,3,1,3,2,2,2,0,1
"1658781",2,10,2,6,5,2,3,4,6,7,5,4,3,6,1,3,4,3,2,4,1,1,3,4
"1706375",4,8,0,1,10,5,4,3,1,1,3,9,1,1,1,3,5,3,6,4,3,3,2,3
"171282",2,10,4,4,2,7,2,2,2,2,3,0,0,0,1,2,2,3,4,1,0,0,1,3
"171632",3,7,8,1,2,5,1,5,1,1,3,3,5,2,2,2,2,1,10,0,0,4,2,3
"1819736",8,7,3,10,6,1,0,7,2,4,8,9,3,1,9,7,6,4,6,3,5,2,0,2
"1821559",2,3,2,2,0,2,5,6,1,3,10,9,4,1,3,6,9,6,2,4,1,1,3,4
"1848399",10,3,7,6,7,0,4,5,3,4,8,5,2,5,0,3,4,6,3,6,4,5,3,3
"1849031",0,2,0,2,0,1,5,3,1,0,1,10,0,1,1,0,3,0,2,0,3,3,3,0
"186328",3,3,10,5,5,10,5,5,0,6,0,10,4,2,5,0,6,2,3,2,2,6,0,0
"1890450",5,1,3,1,2,4,2,1,1,6,2,5,0,6,0,3,10,0,6,7,3,3,2,0
"1898474",10,3,0,5,2,3,1,1,3,0,1,2,2,2,0,0,1,0,1,0,1,4,1,0
"1920305",4,3,3,5,3,10,2,2,1,6,3,9,0,5,1,4,3,2,2,7,1,5,7,3
"1933220",10,8,6,3,3,4,1,9,1,0,2,2,1,1,3,4,3,0,2,2,3,4,3,7
"1940789",2,5,3,10,0,3,2,3,0,1,0,1,1,2,0,0,2,0,0,0,1,3,1,7
"1972134",10,7,5,5,6,3,4,1,6,5,2,7,3,3,3,3,8,2,4,6,6,6,4,3
"1980947",10,8,0,6,3,2,1,7,1,1,3,2,3,2,1,2,0,0,0,0,6,1,1,4
"1982088",5,0,2,3,2,1,0,3,0,0,0,10,0,0,0,0,1,0,1,0,0,2,0,1
"1982108",2,0,1,1,1,10,3,3,7,6,6,0,3,1,3,2,3,6,2,2,3,4,2,0
"1982557",6,7,4,6,3,5,7,3,2,3,10,3,4,7,6,0,4,4,7,6,9,5,1,5
"1982755",7,8,0,4,10,3,5,0,4,7,7,6,3,1,6,3,1,3,1,4,1,0,2,4
"1982897",2,3,9,9,5,5,5,6,4,4,9,2,4,10,6,4,4,1,9,2,5,5,5,1
"2049890",5,3,4,8,9,7,5,3,7,4,6,4,4,8,6,3,0,0,1,5,3,10,2,2
"2066491",6,10,1,7,4,3,6,2,7,1,5,3,7,4,5,0,3,4,3,6,6,4,3,6
"2077137",3,10,2,2,4,4,3,3,2,4,1,3,0,2,4,0,4,3,4,6,3,3,3,4
"2079570",5,1,2,1,3,3,5,2,6,1,2,0,3,2,5,10,3,3,3,3,6,3,10,2
"2128",4,3,8,3,1,3,1,1,2,4,1,5,2,1,0,10,2,4,1,0,0,1,1,4
"213119",9,8,9,3,8,10,6,7,5,2,5,4,5,3,6,9,4,6,2,4,10,3,2,7
"216938",10,9,6,4,10,7,3,3,1,2,1,0,2,4,2,3,8,1,9,5,1,9,1,0
"216942",8,5,3,3,1,10,3,8,0,4,2,10,1,2,1,0,8,0,4,2,1,5,3,4
"2169532",1,4,10,6,1,2,4,0,4,1,1,4,2,2,3,2,1,2,5,1,2,1,4,1
"2169613",4,3,1,0,4,10,3,1,4,0,1,2,1,3,0,1,2,1,0,2,5,2,1,10
"2169636",9,9,9,6,4,8,5,10,7,1,2,6,1,2,8,6,4,2,6,5,2,4,2,5
"219745",10,5,3,3,2,4,0,1,1,2,0,5,1,3,0,4,3,3,5,2,4,0,0,3
"2267655",4,4,3,2,0,4,6,6,4,7,0,4,4,3,4,6,1,0,4,4,2,5,10,1
"2267891",9,10,3,2,3,10,9,4,2,5,4,7,4,3,2,6,7,2,5,2,3,2,1,8
"2283483",10,3,10,4,2,1,4,7,1,4,3,1,4,6,3,2,5,3,4,5,4,3,8,7
"230666",8,6,7,5,8,6,3,4,5,5,2,9,2,4,5,10,6,5,8,1,4,3,0,4
"2317",10,6,9,5,8,7,7,3,5,5,6,8,4,3,6,0,9,3,6,7,4,2,5,2
"238800",3,4,1,7,8,8,1,6,2,3,2,4,1,4,1,0,2,1,1,2,2,10,0,7
"2423",2,10,7,5,0,6,5,2,3,1,5,3,1,4,3,3,1,2,4,3,8,1,1,2
"2494525",4,3,3,1,1,2,1,5,1,0,2,2,0,1,2,4,1,1,2,1,0,3,1,10
"2512240",10,7,6,8,4,6,3,7,4,7,5,4,2,3,2,3,1,0,5,5,2,5,4,3
"251535",8,4,7,10,6,9,4,8,2,4,1,6,4,3,10,4,5,2,10,3,10,4,2,5
"2518495",8,4,3,7,8,5,4,3,7,4,0,7,2,10,7,4,3,3,4,4,3,2,6,2
"2528203",2,10,6,6,6,9,2,6,1,3,3,7,1,3,2,2,5,1,2,2,2,4,3,6
"2560406",7,4,9,6,4,9,2,5,4,1,5,2,1,3,4,1,6,7,4,10,2,5,2,1
"2560499",3,1,1,8,3,2,2,2,5,4,1,2,1,4,6,0,7,1,0,3,2,4,2,10
"2560500",10,7,3,2,2,3,5,3,4,5,3,3,6,4,5,1,3,8,8,3,3,1,1,3
"2563662",4,5,2,0,0,3,6,4,6,4,4,2,3,2,4,4,3,6,3,6,1,4,10,6
"2565781",10,6,6,3,0,6,4,7,4,6,3,9,3,1,2,4,2,1,6,7,4,4,1,4
"2582419",8,10,3,2,4,5,4,1,3,1,2,3,7,4,1,1,4,4,8,1,2,4,0,2
"2591118",9,4,2,2,0,6,6,4,5,8,3,10,0,7,3,3,1,4,3,4,5,4,1,2
"2598453",0,7,8,4,5,5,5,2,3,1,3,5,3,2,1,3,1,0,10,3,1,3,1,6
"2599927",1,1,3,0,10,3,1,1,1,0,2,0,0,0,1,0,2,0,3,0,2,0,0,0
"2601122",4,7,4,3,10,9,5,5,3,4,5,3,0,3,8,4,8,2,10,8,8,0,2,2
"2607662",9,10,2,5,2,0,1,9,5,3,2,3,3,3,7,0,3,1,2,3,2,2,1,4
"2652883",2,10,0,6,5,3,6,4,3,3,1,2,10,0,4,3,3,7,1,7,6,1,1,4
"2656550",5,5,6,3,9,3,3,3,8,3,3,4,3,10,5,6,3,0,7,6,4,3,3,10
"2664091",8,4,5,2,9,10,5,6,7,4,2,5,3,6,5,8,1,4,3,4,2,6,2,3
"2675791",6,5,3,3,4,10,4,3,0,2,3,1,3,2,5,4,4,2,2,0,1,4,2,5
"2686210",8,5,4,4,5,4,8,6,2,8,5,5,1,5,3,10,7,6,9,1,4,5,6,4
"2686378",10,3,6,6,1,2,2,4,1,3,0,0,1,0,1,0,8,2,1,2,3,1,1,1
"2699396",6,1,4,5,10,5,2,6,3,5,3,6,3,1,5,3,1,2,4,1,2,7,3,3
"2704035",4,3,10,2,5,2,3,0,1,2,6,2,0,3,2,1,3,2,5,1,2,5,2,0
"2723402",5,3,6,5,6,5,2,7,7,5,3,1,6,4,1,1,9,8,8,2,5,2,3,10
"2731208",6,1,3,0,2,1,2,0,3,5,2,0,4,5,1,3,5,2,3,5,0,3,10,3
"2732368",2,1,4,5,1,4,7,2,2,3,2,0,2,3,2,6,5,10,0,1,2,1,2,8
"2732594",10,8,4,4,10,7,10,7,4,2,2,9,1,9,4,5,7,4,6,2,5,4,5,8
"2733196",6,7,5,4,8,0,4,7,4,6,3,10,4,6,2,4,5,6,6,4,6,8,3,3
"2733590",1,1,1,1,0,4,1,2,4,2,10,2,0,0,2,0,0,2,0,0,1,2,1,0
"2733593",10,2,3,1,2,3,1,1,0,1,2,0,1,1,5,2,8,1,1,3,3,4,0,0
"2733892",10,3,1,0,2,0,0,0,2,2,1,2,0,1,0,0,2,4,0,3,1,2,1,3
"2733956",9,0,6,5,2,4,9,6,5,4,0,10,2,4,3,3,0,0,5,2,7,3,4,4
"2734189",6,2,3,7,6,2,7,5,4,3,1,7,2,1,0,4,10,2,4,5,6,0,0,6
"2734220",10,1,1,5,2,4,3,6,2,4,4,1,4,3,2,4,1,3,1,3,2,1,4,2
"2734230",2,10,3,8,5,6,2,3,3,1,6,3,4,4,2,2,3,10,4,2,1,6,7,6
"2734263",7,7,10,6,5,2,4,6,2,3,1,6,4,7,2,9,8,4,3,9,7,7,6,6
"2742195",3,6,3,10,2,5,1,2,2,2,4,1,4,1,4,2,1,6,3,3,2,5,1,1
"2743575",4,8,7,1,3,10,0,1,0,2,2,3,1,3,3,5,1,4,4,1,2,3,3,4
"2745558",5,10,8,4,6,2,3,4,4,4,4,3,1,2,6,1,4,0,5,2,3,1,4,6
"2745562",1,9,10,2,6,10,2,6,0,3,0,4,4,2,1,3,7,3,5,1,1,3,2,3
"2758906",6,7,8,6,6,8,7,10,5,3,5,7,4,4,4,5,2,5,2,2,7,4,10,6
"2767878",9,4,4,7,6,0,7,3,1,10,2,0,2,5,4,3,0,2,1,2,3,3,3,1
"2776856",4,4,5,0,10,3,3,0,3,1,5,3,1,7,1,2,6,2,1,2,0,5,8,4
"2776867",2,10,2,3,4,3,4,4,2,1,3,2,0,1,0,2,1,1,4,3,1,2,2,2
"2782213",4,1,7,10,10,4,6,6,9,2,2,3,1,8,3,3,5,5,4,4,7,4,4,5
"2799564",4,9,9,7,10,7,4,7,4,4,3,5,4,2,8,4,4,2,6,3,2,7,3,3
"28045",1,1,3,1,0,10,1,3,3,4,8,3,1,3,3,5,6,5,1,5,2,2,1,2
"2822847",9,10,2,4,3,3,5,4,4,4,1,4,1,3,5,2,9,2,2,5,2,2,5,4
"2829393",4,7,3,5,6,10,5,4,6,3,5,1,1,4,1,8,2,5,4,9,2,2,4,5
"2836007",1,2,1,8,3,9,2,2,1,1,1,2,0,4,0,1,5,1,2,10,2,3,6,4
"2843355",2,10,2,0,4,0,1,2,6,8,6,1,2,0,4,3,6,1,0,1,4,1,1,3
"2843450",8,5,9,2,6,6,2,3,2,5,0,1,2,3,5,6,5,2,7,4,2,10,6,3
"2843625",2,3,2,4,1,3,1,9,0,3,3,10,2,1,3,1,4,2,0,2,4,1,1,1
"2843723",10,0,4,0,4,0,0,1,0,3,2,7,2,0,0,0,0,0,1,0,0,3,0,0
"2846402",6,3,2,1,0,1,2,10,0,2,0,2,0,0,0,1,0,0,3,0,1,0,2,0
"2856180",6,6,10,5,5,5,6,5,2,2,4,7,3,7,4,5,6,3,4,5,3,3,1,5
"2856338",3,2,4,2,2,3,2,4,1,2,1,2,1,3,1,0,3,1,0,1,1,10,2,1
"2879149",10,8,6,8,5,3,4,8,0,1,2,5,3,1,5,1,2,5,1,3,3,2,4,10
"2883998",4,10,5,4,3,6,3,1,1,2,3,5,3,1,9,1,1,5,4,2,0,3,1,2
"2887345",1,4,6,1,1,10,3,4,5,2,3,7,3,7,1,3,1,1,1,3,1,4,3,2
"288793",2,4,3,1,0,4,5,8,3,1,0,2,4,2,0,1,1,3,2,1,1,10,1,2
"2940489",8,8,6,9,10,5,7,1,5,3,4,7,9,8,3,2,4,5,6,5,3,5,3,10
"2944251",2,4,4,6,5,4,3,3,9,4,2,10,7,2,1,2,1,9,2,8,6,0,2,5
"2946819",7,8,3,6,2,6,2,10,5,7,0,6,6,0,2,5,7,10,10,7,8,3,4,8
"2948946",3,9,8,1,7,5,5,6,7,3,5,10,4,3,1,4,2,3,2,6,0,1,4,9
"2955328",8,1,2,4,4,3,6,5,7,3,3,1,3,10,1,5,4,4,10,5,5,3,6,4
"2955403",10,6,2,5,7,2,1,5,1,1,1,10,2,3,0,2,5,3,1,2,2,2,0,8
"2955515",0,2,10,0,1,1,0,1,2,2,2,3,3,0,0,1,3,5,1,3,2,2,0,0
"2955575",6,10,5,6,7,5,1,2,5,2,4,2,3,2,1,1,10,5,2,3,2,3,1,4
"2955592",6,6,6,8,5,4,4,3,5,7,5,5,3,9,1,3,3,0,5,3,10,3,3,4
"2955754",7,8,3,6,2,10,8,9,6,7,9,3,7,3,5,6,4,4,5,9,3,3,3,8
"2955862",2,2,2,0,5,10,3,6,1,2,5,5,2,5,3,7,3,1,3,1,3,8,9,2
"2955917",3,8,4,3,10,5,6,2,6,2,2,4,3,2,0,1,1,4,4,2,1,7,9,5
"2956031",8,3,6,8,8,1,7,4,5,4,10,3,3,3,2,3,2,5,4,8,5,3,5,0
"2956056",3,5,2,10,6,3,7,6,5,4,2,5,7,5,3,1,3,2,2,3,7,9,0,1
"2956196",2,3,6,2,8,4,1,1,1,5,6,3,1,10,5,3,2,2,3,3,1,0,0,3
"2956325",7,5,5,2,7,0,3,10,3,6,4,2,7,6,3,3,4,2,9,6,4,5,4,7
"2956464",3,6,0,0,2,4,4,1,1,1,1,2,3,3,4,3,4,4,2,3,1,0,10,5
"2956476",9,3,7,4,9,0,2,3,5,2,2,3,3,2,2,0,1,2,0,10,3,7,3,6
"2956533",10,6,4,2,4,3,6,3,6,8,4,3,3,6,4,2,5,4,5,0,5,3,1,1
"2956580",0,9,4,5,6,2,10,7,9,7,1,4,4,1,4,4,3,8,4,0,5,3,1,3
"2956581",7,5,1,7,6,4,2,2,1,7,3,8,2,2,2,6,10,6,2,2,3,3,3,4
"2956707",7,10,4,9,6,3,6,8,3,7,4,7,6,8,5,5,3,3,1,4,0,2,2,3
"2975529",0,10,1,10,0,3,2,3,7,1,5,1,1,3,3,2,4,5,3,5,1,6,1,4
"2975533",2,2,0,2,1,4,0,4,5,0,3,10,0,0,0,0,1,0,0,0,1,1,0,4
"2976237",5,2,6,10,4,4,2,0,3,2,5,3,1,2,3,1,5,3,1,4,0,6,1,9
"298656",8,6,7,2,10,6,0,4,5,0,3,5,1,3,3,3,4,2,3,3,2,9,5,3
"2986833",0,0,0,0,0,0,0,0,0,0,0,0,0,0,0,0,0,0,0,0,0,0,0,10
"2992805",10,3,0,0,4,3,3,0,3,4,1,3,0,0,2,0,1,4,1,2,1,3,4,0
"2999013",8,7,9,4,5,7,3,8,2,7,4,10,5,3,2,1,6,4,1,2,2,2,4,1
"3027470",3,4,2,9,5,10,0,4,2,2,6,5,2,1,4,3,1,0,2,6,3,7,2,2
"3034648",10,4,6,8,2,1,1,1,3,2,0,3,2,2,0,3,0,2,4,3,1,5,3,1
"3039426",10,0,4,2,5,2,1,6,1,3,0,2,2,1,0,1,2,2,4,1,2,6,0,4
"3040677",10,10,3,6,7,0,0,7,0,0,2,4,4,1,1,3,1,3,5,5,1,1,2,2
"3047366",9,0,2,9,3,4,6,3,4,5,6,10,8,3,4,8,2,1,7,6,4,3,8,0
"3050345",2,6,2,4,2,3,7,3,2,1,3,3,6,2,4,2,6,2,3,7,2,4,10,7
"3050347",10,7,4,4,8,3,4,4,0,2,7,8,5,3,2,3,2,2,0,1,3,3,1,2
"3058373",9,8,6,8,9,10,2,4,8,6,2,4,3,7,0,2,4,6,3,4,4,5,3,6
"3067276",10,2,0,2,4,2,2,0,1,1,0,5,0,4,1,0,4,2,1,0,1,3,1,0
"315393",4,10,1,3,5,5,3,5,3,2,7,2,1,4,2,5,3,1,3,0,0,4,3,6
"33037",3,10,9,8,3,10,3,8,3,2,4,3,5,10,4,3,1,8,5,3,0,9,3,3
"33055",4,7,1,4,5,5,2,4,3,1,3,8,5,4,10,9,10,7,5,4,1,3,4,0
"33991",9,3,9,4,4,5,4,1,5,5,2,4,1,2,1,4,7,3,3,2,7,2,1,10
"385025",8,10,1,3,10,8,4,6,3,4,6,1,2,6,8,4,3,4,6,7,4,5,5,10
"391036",9,7,5,4,8,4,7,4,3,3,0,9,5,3,1,3,5,4,4,5,1,6,10,3
"428411",3,10,3,6,7,2,3,10,3,1,0,5,6,2,4,1,4,1,5,3,6,6,0,3
"451514",10,1,2,1,0,4,2,4,2,5,2,3,8,1,3,0,4,5,6,3,3,4,2,5
"46354",5,6,5,5,3,6,4,3,4,1,3,2,1,5,4,2,3,3,2,3,1,5,2,10
"47874",2,2,2,8,2,5,4,10,6,5,1,1,3,2,2,3,1,1,6,4,2,4,7,3
"497724",5,7,5,9,1,6,6,2,2,7,5,8,3,2,10,2,3,0,2,2,4,6,2,4
"50052",7,6,7,8,2,3,1,10,1,2,3,4,2,2,1,2,2,0,2,4,2,3,1,9
"543314",3,5,4,4,3,8,3,3,5,10,3,2,3,6,3,4,2,2,2,2,1,1,5,5
"543886",3,3,4,3,5,8,6,4,6,7,0,9,3,7,3,1,3,3,2,10,5,5,7,0
"547987",2,4,2,7,0,10,6,5,3,2,1,1,0,2,0,2,6,2,4,2,1,3,3,7
"624",9,5,5,3,6,7,3,10,7,4,5,8,2,5,4,9,3,5,1,6,5,5,6,5
"68242",6,8,2,5,2,5,3,5,4,4,6,0,2,2,10,7,2,3,1,1,1,4,5,3
"716",7,6,3,5,5,5,4,8,7,5,6,5,4,4,5,5,1,6,5,6,6,5,10,7
"75905",3,6,2,4,5,6,10,6,9,3,4,7,2,5,5,5,3,4,4,5,5,3,5,3
"77608",10,5,7,6,9,9,3,7,1,4,5,7,1,1,4,4,9,4,10,5,2,4,8,3
"868",4,9,4,4,9,7,2,4,5,4,2,3,3,3,3,3,10,1,8,3,4,10,7,7
"873191",9,5,1,4,0,5,2,3,3,6,2,4,4,2,2,1,10,1,0,2,2,2,6,6
"88916",9,10,2,3,4,3,4,8,6,7,3,2,0,3,5,2,5,5,2,3,1,1,1,4
"92400",1,5,3,3,3,8,7,9,10,4,3,0,1,10,2,2,4,0,4,4,2,2,3,0
"10454",4,9,1,5,0,2,3,0,0,3,2,1,1,0,4,2,1,2,3,2,3,1,0,0
"10509",3,4,0,2,9,4,3,5,5,0,1,2,4,1,2,5,0,2,8,3,5,3,0,2
"1056831",1,2,5,6,2,2,2,2,0,0,1,0,2,6,2,3,1,2,1,4,0,0,9,1
"114627",6,4,7,6,9,2,2,2,3,2,6,2,3,2,4,2,3,3,9,4,7,3,1,5
"1156431",8,2,3,8,9,3,2,9,6,4,3,1,1,4,7,3,4,4,3,2,9,3,2,6
"115987",1,0,9,5,4,3,1,4,3,0,1,1,2,2,2,0,0,1,3,1,0,5,4,0
"1178537",9,4,3,4,9,5,3,8,3,4,0,7,5,4,3,3,2,4,3,1,0,2,1,5
"120682",0,4,9,3,4,3,2,2,5,5,3,4,6,4,2,2,7,5,6,6,3,2,4,5
"1234680",1,5,2,1,6,9,7,3,5,4,1,3,0,3,1,5,3,1,6,1,1,6,2,2
"1287640",8,4,3,2,3,9,1,4,0,2,2,6,0,2,3,2,4,1,7,2,1,3,2,1
"137",9,4,4,4,4,3,1,6,2,1,5,3,1,4,5,5,6,2,5,7,0,4,1,1
"1383059",6,9,3,0,1,3,4,4,2,4,3,1,1,1,2,1,1,1,0,0,0,0,2,0
"142650",6,1,2,9,6,8,0,2,5,3,3,5,2,7,3,6,4,2,4,0,2,7,2,3
"143",6,1,5,8,7,3,5,6,1,6,6,8,8,1,2,2,2,8,9,2,5,2,6,5
"148943",7,3,4,3,2,8,9,3,1,3,4,4,2,3,3,1,8,4,7,3,1,4,6,4
"1539298",6,7,6,7,9,4,3,1,3,5,2,4,0,2,1,1,4,1,1,8,4,5,5,7
"157688",8,8,5,9,4,3,1,5,2,8,1,3,2,1,4,1,2,1,8,4,1,6,5,5
"1577788",0,1,0,4,0,3,5,0,3,0,3,2,4,6,2,9,4,2,1,3,2,4,4,1
"1623301",9,0,5,2,2,5,1,0,4,0,1,1,2,0,0,1,2,2,0,0,3,2,3,4
"1643948",8,4,0,9,1,6,2,2,3,6,1,3,2,3,5,3,2,2,7,6,3,2,4,2
"1644057",1,0,0,2,1,1,0,9,0,4,3,0,1,0,0,2,0,2,0,1,2,1,0,0
"1647473",6,2,4,2,6,2,9,4,6,4,3,4,3,3,1,2,3,3,1,1,4,6,0,1
"167957",4,1,5,6,4,4,2,7,1,4,4,9,1,1,2,6,7,2,9,0,5,6,2,1
"1703250",8,6,5,4,5,7,7,5,5,1,6,2,2,6,5,3,6,4,9,1,2,7,0,6
"1703972",4,9,5,3,9,2,6,2,1,2,0,4,1,9,1,0,2,2,1,4,5,1,1,4
"171279",4,9,6,2,4,7,1,8,0,0,5,1,1,4,1,0,2,3,2,1,2,2,0,5
"1758196",6,3,4,6,0,5,9,7,5,5,4,5,5,5,0,4,5,1,9,8,5,7,1,6
"1805459",3,8,8,5,3,5,2,7,8,3,3,6,6,0,5,5,2,1,3,2,1,9,1,3
"1815972",3,1,0,0,1,2,0,1,3,4,0,2,2,5,1,1,0,1,4,2,2,9,2,1
"1840239",2,6,4,2,3,8,4,1,1,1,3,2,4,2,4,5,6,3,0,2,4,7,9,3
"1845000",7,6,6,6,7,9,3,6,6,7,2,7,1,3,1,3,5,4,8,2,5,6,8,2
"1848766",6,5,2,3,1,9,2,2,5,2,2,4,2,0,1,2,4,1,5,2,2,2,1,1
"1853230",5,1,5,2,9,1,1,6,1,5,2,2,0,6,4,3,8,0,5,1,7,1,2,0
"1887657",3,3,9,3,0,7,6,4,0,4,6,2,4,0,2,2,1,3,5,1,3,4,5,0
"1902136",4,2,0,7,4,4,0,9,0,1,0,2,3,1,4,1,1,1,3,1,0,1,3,0
"1915208",2,9,1,4,5,1,0,4,0,0,0,4,0,0,0,0,4,0,1,0,0,5,0,3
"1920110",3,3,2,6,7,6,4,7,7,1,3,5,2,1,4,4,1,2,8,3,9,7,8,8
"1920751",9,0,0,0,0,0,0,3,2,0,0,0,3,0,3,1,0,0,3,0,1,0,1,4
"1930557",6,4,0,4,1,3,6,2,2,2,2,5,1,1,1,1,3,1,3,3,9,5,5,6
"1982562",4,8,8,9,3,3,5,5,6,7,9,2,3,2,6,8,8,5,0,8,2,4,5,6
"1982571",4,7,8,8,8,9,5,1,7,2,2,9,5,5,8,3,4,2,6,7,3,2,5,7
"1982882",1,5,6,9,5,4,3,4,1,2,6,1,2,8,2,1,7,4,3,4,2,3,5,0
"1993867",4,9,4,1,1,4,9,3,2,3,6,3,3,1,1,2,2,0,1,2,5,2,2,3
"2049885",7,4,2,4,4,4,5,2,5,6,2,3,5,7,9,7,5,3,4,0,9,2,1,4
"2072025",2,3,7,2,9,3,3,6,6,2,1,4,5,2,7,5,2,5,5,1,1,6,1,6
"2077136",5,9,4,2,3,2,4,9,4,0,5,1,2,1,2,1,4,3,3,1,0,2,2,2
"2079596",2,2,4,4,4,3,5,7,3,4,1,9,1,1,0,2,4,2,3,1,0,4,1,2
"211464",6,6,3,6,0,2,3,3,4,5,5,6,3,2,2,3,2,2,4,6,9,2,6,3
"2118",7,7,3,8,3,7,6,9,5,4,2,2,1,2,1,4,2,2,8,6,4,1,2,5
"2134",3,9,5,6,1,9,1,6,1,3,4,5,4,1,4,5,4,0,5,2,0,3,7,3
"2136",9,1,4,4,3,4,1,3,0,2,1,4,1,1,2,1,5,3,1,3,1,5,4,5
"2137",9,6,3,7,6,8,1,2,1,2,1,1,1,3,3,1,4,8,1,1,0,2,2,5
"2147",2,9,4,1,3,3,3,3,1,1,3,3,4,4,0,1,1,5,2,3,4,4,0,1
"2159",6,3,5,2,5,0,2,8,2,2,2,4,4,4,3,0,0,4,9,4,0,4,1,4
"216427",1,3,3,9,5,4,0,7,6,1,4,6,1,2,1,3,5,0,4,2,1,1,0,2
"216931",6,9,0,9,5,8,3,7,4,3,4,8,3,5,1,4,4,1,7,7,2,3,8,9
"216936",9,4,4,3,2,6,2,4,2,1,1,4,0,4,2,6,1,4,3,1,0,4,3,2
"216945",9,6,0,5,2,4,2,6,4,0,2,8,3,3,1,3,6,1,1,4,2,3,2,4
"216946",5,7,5,2,9,5,3,4,5,4,2,2,2,6,1,1,7,2,8,2,0,3,0,5
"2169534",4,0,3,2,1,0,0,8,0,0,0,9,0,0,0,0,0,0,2,0,0,3,0,0
"2212850",3,5,3,3,0,3,2,6,2,3,4,1,2,2,2,1,4,4,2,5,1,2,9,3
"2250409",2,2,1,0,0,4,0,0,0,1,0,9,0,0,0,0,0,0,0,0,0,1,0,0
"2301",5,5,7,5,4,4,3,7,5,3,7,9,0,5,7,4,6,3,2,5,5,8,5,2
"2341050",1,7,8,4,7,9,4,0,5,8,2,2,5,2,2,2,6,2,7,2,4,3,0,2
"2483367",7,5,3,2,7,9,1,5,1,2,0,2,3,3,1,0,5,2,5,2,4,4,4,4
"2488567",3,4,2,1,8,5,3,6,4,2,7,6,1,5,9,2,5,6,3,3,6,1,5,4
"2560298",3,8,5,3,5,4,9,6,5,6,3,1,2,6,3,6,1,0,5,1,6,6,3,2
"2560488",0,5,4,3,4,3,3,1,1,1,2,1,2,2,1,4,4,1,9,1,4,0,3,1
"2565304",3,5,1,2,9,4,0,3,1,0,0,1,1,5,1,2,0,1,3,0,1,2,0,3
"2598861",9,2,4,5,5,4,1,3,3,3,1,4,1,2,3,2,4,1,5,5,0,4,1,3
"267888",3,6,9,4,4,8,1,5,2,3,5,8,3,4,1,1,2,3,2,1,2,2,8,4
"2686235",1,8,1,6,1,2,6,1,2,2,3,2,2,4,3,1,3,9,3,3,5,3,4,3
"2713267",9,1,3,0,2,0,2,1,1,1,0,1,2,0,0,1,1,1,1,1,0,0,0,0
"2715232",6,6,9,6,7,3,1,3,4,0,1,1,2,2,3,3,4,0,3,2,3,2,2,6
"2731643",9,0,2,2,0,0,0,3,0,0,0,0,0,0,0,0,0,0,0,0,1,0,0,0
"2733152",9,8,7,1,3,4,2,3,1,4,7,3,2,7,5,1,6,5,8,1,5,2,6,7
"2733215",5,4,4,4,2,9,2,9,1,5,2,4,0,4,3,5,5,5,5,4,3,0,3,5
"2734221",1,3,1,0,0,4,4,9,8,4,6,1,0,6,1,2,1,5,8,5,2,5,7,0
"2734247",9,4,1,5,4,6,4,8,2,6,0,6,2,4,2,6,1,7,5,4,5,6,2,4
"2734249",3,5,4,7,9,4,5,3,8,3,2,4,2,3,4,4,7,6,4,2,6,4,0,2
"2734254",4,9,1,0,1,3,3,2,2,3,0,0,1,0,2,1,4,0,1,1,2,0,2,2
"2734281",5,9,8,8,9,6,6,4,1,4,4,5,4,7,6,6,3,7,4,9,4,7,5,2
"2734284",0,1,4,7,3,5,3,9,5,4,2,2,4,5,3,7,4,5,2,2,4,4,6,9
"2734291",5,3,9,5,3,5,4,1,2,2,9,3,8,2,0,3,4,1,1,2,2,5,4,0
"2746232",4,3,6,4,2,4,2,7,0,4,3,2,3,2,1,1,7,1,9,3,2,2,2,2
"2749962",9,9,3,5,2,2,0,5,6,3,3,1,5,2,0,1,8,5,7,4,6,7,3,4
"2756107",2,5,9,7,4,2,4,4,3,5,1,0,1,1,3,2,6,2,3,1,3,0,2,1
"2759705",8,0,1,7,9,2,2,1,0,4,1,6,1,5,2,2,1,1,2,7,8,3,3,2
"2767888",1,9,1,2,1,2,1,5,2,2,2,7,0,5,1,4,0,2,2,0,5,4,1,6
"2767893",1,5,0,2,0,3,6,4,1,3,1,0,0,1,2,2,0,1,9,3,5,0,2,0
"2770089",3,4,1,4,6,4,1,9,1,2,2,5,1,2,1,2,2,4,0,8,5,3,3,7
"2787706",2,5,6,6,7,9,7,4,4,2,4,3,3,2,3,7,4,3,1,2,7,5,8,1
"2794998",5,2,1,5,4,2,0,4,1,5,4,4,4,1,1,1,9,2,1,4,1,3,7,4
"281",6,7,3,9,0,7,8,5,4,5,5,8,3,6,5,3,3,3,2,8,6,2,2,2
"2834276",9,3,5,2,6,6,3,2,5,1,5,6,2,1,5,4,4,7,2,2,4,7,6,8
"2834348",4,5,0,5,4,2,4,5,1,3,5,2,1,3,4,3,3,5,0,4,4,5,9,1
"283699",9,2,7,7,7,4,4,8,5,6,3,3,0,5,3,3,3,3,9,5,5,3,3,8
"2839744",4,4,1,1,4,9,1,8,0,3,2,5,3,1,3,1,1,1,4,2,2,3,3,2
"2839759",4,5,5,5,3,9,3,4,5,2,1,6,0,5,2,4,7,4,4,8,3,5,1,3
"2843724",0,1,5,1,4,3,2,0,2,2,9,9,3,2,0,7,0,3,1,2,3,3,0,3
"2843729",8,7,8,4,1,9,3,9,8,3,7,3,4,5,5,5,1,2,4,6,4,6,3,2
"2844071",5,9,6,1,8,4,7,7,6,4,1,9,0,1,3,2,6,3,1,4,1,3,2,8
"2844661",1,5,0,4,4,3,9,3,0,1,3,2,1,2,2,0,5,1,3,1,5,4,1,1
"2844665",9,5,6,2,0,4,1,3,1,3,2,1,2,5,6,2,1,3,2,2,5,4,3,2
"2844696",2,2,4,4,3,1,2,5,7,3,2,1,0,5,5,2,3,2,5,4,9,5,2,1
"2845588",4,0,1,4,3,2,2,3,1,2,0,6,0,3,9,3,1,1,2,1,2,5,0,3
"2846398",3,2,2,1,6,6,3,2,1,3,2,4,2,1,1,3,4,1,9,4,0,5,2,0
"2846404",9,0,9,0,3,2,1,0,1,0,0,2,0,0,3,0,1,0,0,0,0,0,1,3
"2859656",9,4,9,2,2,3,0,5,3,4,0,4,2,1,0,6,4,2,3,2,1,1,2,2
"2866384",9,4,1,5,1,5,3,4,4,3,7,4,5,1,2,3,5,2,6,6,4,1,2,7
"2905879",9,2,0,3,4,4,2,4,2,3,2,6,2,8,0,0,2,7,6,0,4,4,1,5
"292461",6,5,1,0,9,3,2,7,4,1,6,2,1,4,2,4,3,5,5,6,2,6,3,1
"2929509",5,4,8,2,4,8,3,8,2,5,7,6,3,1,4,6,9,0,3,5,0,5,4,7
"2948712",3,1,9,8,3,1,0,1,5,2,1,3,0,0,2,5,0,0,0,1,0,0,0,0
"2948847",6,4,5,1,2,0,3,2,3,5,3,0,2,4,3,1,6,1,9,4,4,1,5,0
"2948866",1,8,6,9,0,2,4,0,3,0,6,3,1,4,4,7,4,5,4,1,4,2,3,5
"2954102",6,6,8,4,6,9,7,5,2,2,2,3,1,1,5,3,4,6,4,2,3,4,1,8
"2955337",4,1,9,2,7,2,5,6,1,6,1,6,2,2,0,0,1,0,3,2,0,1,4,1
"2955378",1,2,9,6,3,1,7,9,3,1,4,6,3,5,3,2,7,1,4,2,5,5,1,4
"2955394",4,1,0,2,3,9,4,2,2,1,0,4,5,1,3,1,7,4,2,1,3,0,3,0
"2955539",1,4,3,0,1,1,0,1,3,1,0,1,1,1,1,2,9,1,1,2,1,1,5,1
"2955564",4,7,7,1,9,7,3,5,9,9,7,6,2,6,7,2,2,4,6,9,9,2,6,8
"2955572",1,8,1,1,9,2,1,2,8,3,0,4,3,5,1,7,5,1,0,2,0,3,0,0
"2955753",5,4,3,1,2,1,2,5,3,6,3,2,6,6,1,0,2,6,4,2,9,3,9,1
"2955893",4,4,0,6,4,9,3,4,3,5,4,4,3,5,4,3,1,3,0,1,5,4,0,8
"2955942",6,5,5,7,6,3,3,3,1,3,5,9,3,5,4,5,5,1,4,1,1,1,9,3
"2955963",9,8,4,2,3,0,2,3,1,2,2,2,2,4,8,8,7,2,7,1,5,4,0,2
"2956030",4,6,2,3,3,9,7,1,4,5,5,4,6,2,3,3,6,4,2,2,2,6,2,0
"2956087",8,8,5,3,4,8,1,4,4,9,1,4,4,5,4,5,1,6,2,2,3,4,4,3
"2956200",3,2,7,2,9,4,2,1,1,2,2,3,3,3,1,1,3,1,0,2,2,2,1,0
"2956316",3,2,4,0,1,2,6,5,2,1,9,2,1,0,2,3,4,3,2,0,5,3,6,3
"2956377",7,2,4,1,2,9,3,1,2,3,5,2,3,1,1,0,5,4,2,4,1,2,7,3
"2956432",4,2,1,4,5,1,9,6,4,1,3,5,8,2,4,1,4,2,8,6,1,5,1,6
"2956578",2,9,2,7,6,8,3,6,1,4,3,3,5,1,3,5,6,8,1,7,0,8,1,3
"2956635",4,5,2,0,9,6,1,4,1,5,1,1,2,1,3,4,3,1,4,1,2,6,2,2
"3039168",4,5,4,1,9,4,2,5,3,8,5,3,2,2,1,3,5,9,4,3,1,3,8,7
"3040674",9,1,5,6,9,4,2,4,5,2,2,5,3,1,4,3,4,5,4,4,9,7,4,2
"3047352",8,7,2,4,6,4,6,5,5,7,4,7,4,5,9,7,2,1,3,4,1,5,5,5
"3047794",0,5,8,3,3,9,3,9,0,8,3,1,1,4,1,3,1,3,3,6,3,2,4,3
"3050270",3,2,4,2,4,7,1,1,4,1,2,6,4,2,3,1,2,3,0,2,0,9,0,2
"3050314",4,4,4,2,3,6,5,6,0,0,3,9,0,1,9,2,2,8,1,4,0,1,4,4
"3050337",9,4,1,1,3,1,2,4,3,1,3,4,3,1,2,0,1,2,3,3,0,4,3,3
"32069",8,2,8,5,2,3,2,6,5,5,4,4,2,4,4,6,9,7,7,4,1,5,1,0
"364103",5,1,2,3,2,5,5,7,1,7,9,2,4,8,4,3,4,3,6,3,4,3,0,5
"37665",2,4,1,6,2,2,6,2,7,2,1,2,4,2,5,8,6,4,0,2,3,1,9,2
"402236",2,0,4,4,3,1,5,1,6,7,1,3,3,0,1,1,7,2,9,3,3,3,2,4
"404583",1,3,8,2,6,4,2,1,2,2,7,3,7,6,4,2,9,4,8,1,3,4,1,6
"444163",3,4,8,5,5,5,2,1,0,1,5,3,1,2,5,5,9,3,5,2,3,3,0,4
"447199",0,2,4,5,0,4,4,9,2,2,4,4,1,2,1,4,4,1,2,3,1,4,1,4
"508451",6,7,9,2,1,8,4,4,6,2,3,5,3,6,5,1,8,0,8,2,6,5,6,6
"51365",2,9,1,4,1,5,0,4,1,6,1,1,0,1,1,3,5,1,1,3,1,1,1,0
"515256",6,4,0,9,4,6,1,2,0,2,1,6,0,5,4,7,9,3,3,9,1,2,2,6
"540068",2,2,1,0,9,1,2,1,1,0,0,4,1,2,2,5,1,1,2,0,1,3,0,2
"56811",8,6,4,7,9,8,2,3,5,5,6,6,1,2,7,2,3,2,5,6,1,7,3,4
"59277",4,2,1,9,3,1,1,2,5,5,0,4,0,1,4,1,5,2,4,6,2,4,3,5
"595605",0,0,0,0,9,0,0,5,1,1,2,3,2,1,0,3,0,2,2,0,0,1,0,0
"61",6,9,9,3,6,2,7,3,2,5,2,4,3,0,1,8,4,6,5,5,3,1,3,6
"640330",7,3,3,1,9,8,2,2,3,5,2,7,0,7,0,3,2,4,1,3,4,2,4,0
"657445",8,7,2,8,4,1,0,2,2,1,5,9,0,1,0,0,3,2,3,1,2,4,7,0
"664662",9,4,1,7,3,4,1,2,0,2,2,2,2,1,3,0,0,2,0,2,1,1,4,6
"67572",3,1,6,3,3,5,5,2,7,4,4,2,2,2,1,9,2,8,0,6,4,1,6,8
"691966",2,6,4,3,5,2,9,8,2,0,0,2,0,3,0,0,4,2,1,2,0,4,1,2
"73780",1,0,0,9,5,1,3,1,2,0,4,4,0,1,3,2,2,1,3,2,6,1,2,2
"83557",7,7,6,3,5,6,2,5,8,2,4,8,4,2,2,4,9,6,6,5,4,6,9,8
"87791",2,9,4,3,6,4,2,2,6,0,3,0,6,1,3,2,4,0,4,2,2,6,4,4
"88773",6,5,2,3,3,3,3,2,2,1,0,1,2,1,2,1,6,3,9,1,1,2,1,0
"90243",7,6,2,7,4,1,1,8,1,0,1,4,1,3,0,1,2,7,6,4,3,9,0,0
"909930",5,2,4,5,3,9,2,1,5,1,4,2,1,5,1,3,1,3,0,3,3,2,1,5
"96942",4,6,2,5,2,3,4,7,4,1,6,5,8,4,2,4,0,3,6,3,4,9,2,3
"1034152",3,2,5,0,3,2,2,0,1,1,3,4,4,4,8,2,6,2,4,0,0,2,6,2
"10375",1,4,4,1,5,1,4,2,1,3,4,4,3,8,2,5,2,0,4,3,5,4,4,6
"1076630",1,1,1,8,2,6,1,1,1,2,1,4,1,2,0,0,2,3,1,3,1,4,1,0
"109232",4,4,5,3,6,1,2,3,3,2,1,2,0,3,1,4,8,1,5,2,3,1,4,5
"1109717",6,5,3,7,3,1,4,4,2,2,3,2,8,0,2,6,0,3,2,1,3,6,4,1
"1110389",0,8,4,1,0,2,2,3,1,0,2,0,4,0,2,0,2,3,1,2,1,2,0,3
"1131315",3,2,4,6,1,8,3,3,0,0,0,6,0,3,7,2,0,3,1,0,5,1,4,6
"1145276",7,2,3,4,6,4,3,3,0,2,1,8,2,1,0,4,4,0,6,1,1,2,0,5
"1179817",5,4,5,0,0,2,0,0,2,4,0,5,6,1,2,8,2,4,4,6,1,3,3,3
"1183410",0,3,3,0,8,0,0,2,2,0,0,0,0,0,2,0,2,0,3,0,2,4,0,1
"1211282",8,0,2,5,3,1,4,6,5,8,0,3,0,1,1,3,3,2,2,1,2,2,0,2
"1345117",8,2,7,3,3,6,1,5,2,3,4,4,0,5,2,1,1,0,7,1,4,2,1,5
"137779",3,2,3,2,6,5,4,3,1,1,4,0,4,8,6,1,4,1,4,2,0,5,1,0
"1394",3,6,6,1,7,3,2,7,2,5,7,2,2,3,2,7,2,4,8,3,8,6,1,4
"1434103",2,0,3,0,1,6,2,3,3,7,8,1,3,2,2,0,1,4,0,3,3,4,4,1
"143495",4,2,0,0,0,2,0,0,3,1,3,2,1,1,1,2,1,2,1,2,0,7,1,8
"1450746",0,4,1,2,8,1,4,1,5,2,1,0,6,2,0,0,1,1,4,1,2,5,5,0
"145262",8,2,7,5,5,7,4,7,2,6,5,7,0,2,2,3,3,3,3,6,2,6,3,1
"1570339",5,4,7,8,3,7,4,4,8,1,5,2,1,3,3,5,2,1,5,3,2,5,2,0
"1586713",8,0,4,0,0,0,2,1,3,0,3,1,3,1,0,0,1,3,0,2,2,0,2,1
"1589748",0,4,3,0,6,3,2,2,4,4,1,0,1,7,4,1,1,6,0,7,3,6,5,8
"160795",2,0,8,3,6,3,3,1,2,0,4,0,3,1,2,1,4,3,4,2,5,7,4,3
"1621534",4,2,1,6,2,2,2,8,2,1,1,3,0,2,2,2,1,1,2,3,1,0,3,6
"1638161",8,0,3,3,1,4,4,2,3,2,3,3,1,3,2,4,1,0,3,2,0,3,1,3
"1647470",5,5,1,4,7,3,5,3,4,4,4,8,2,5,6,7,2,1,8,2,1,2,3,6
"1674146",0,2,1,1,0,3,0,8,0,0,0,3,1,1,1,5,0,0,1,1,0,0,2,7
"174708",6,6,4,6,8,5,4,2,2,0,4,2,6,4,5,5,2,2,3,4,5,8,7,2
"1750719",5,1,8,5,2,1,3,2,1,1,1,4,2,4,4,2,2,3,6,1,2,4,2,3
"175304",3,2,4,6,0,8,2,4,0,1,1,4,2,3,6,0,2,3,3,1,3,3,6,2
"1784982",8,2,4,3,2,0,0,0,1,0,0,0,0,0,0,0,0,0,2,0,0,0,0,0
"179237",8,2,0,3,3,6,5,4,7,2,4,3,2,1,2,3,5,5,6,3,2,6,2,7
"1821553",0,3,2,0,1,0,0,0,0,1,0,0,0,1,8,1,0,2,3,2,1,1,8,2
"1821563",4,0,1,7,3,6,3,1,8,0,2,2,6,4,4,3,2,0,4,4,3,4,3,4
"1835721",7,8,4,8,3,7,0,4,2,1,1,2,1,3,1,1,5,5,7,4,2,4,0,5
"184912",8,2,4,2,2,3,5,2,3,6,3,1,1,2,2,6,2,5,6,4,6,5,1,3
"1903056",2,3,2,4,8,3,3,0,6,5,0,1,2,4,1,2,2,0,3,0,2,3,1,2
"1921565",5,5,2,8,5,2,5,2,2,1,4,6,3,1,0,3,3,0,2,3,4,4,2,3
"1935204",7,8,2,5,1,7,4,7,6,1,6,3,5,1,1,1,2,0,2,1,2,4,4,5
"1936988",3,4,0,3,7,1,1,8,3,0,1,4,2,0,1,1,3,3,2,3,1,8,1,7
"1964448",6,8,2,4,4,5,3,3,2,6,2,7,2,2,0,1,4,2,3,3,0,2,1,2
"1967783",7,8,4,6,6,4,2,4,0,1,3,0,3,3,5,1,3,2,5,3,0,2,2,5
"197614",4,3,4,3,1,4,4,2,1,0,1,8,2,3,0,1,5,1,4,0,0,6,0,1
"1982883",5,1,3,1,4,0,2,7,2,1,0,2,2,1,1,0,8,2,5,2,4,0,4,0
"1983106",7,1,2,3,6,5,2,7,8,2,3,0,4,5,6,4,2,5,7,5,8,1,4,8
"1983119",5,1,3,3,7,3,7,2,3,5,3,2,8,3,2,0,3,2,6,0,3,8,2,0
"1983735",2,5,2,4,3,2,2,1,1,2,0,2,0,1,0,3,1,2,2,5,1,3,8,3
"1984776",0,7,3,3,4,1,0,3,1,0,0,3,1,2,0,1,0,2,3,2,2,8,1,4
"1986019",1,0,3,0,1,8,1,2,4,2,0,2,1,4,2,2,0,4,1,2,0,3,2,1
"1986538",7,4,8,1,4,2,1,2,1,1,0,2,1,0,4,4,3,2,0,1,2,3,0,2
"2039723",2,6,6,0,2,7,2,4,6,1,0,8,2,0,1,2,2,4,4,1,2,2,0,3
"2058097",8,0,0,3,1,3,4,0,2,0,5,2,0,2,0,1,3,0,0,2,4,0,5,2
"2058174",3,4,2,2,2,4,2,2,1,1,1,4,0,0,1,3,3,3,2,2,0,6,8,1
"2072411",3,0,1,3,8,2,1,1,1,0,3,0,2,0,1,1,2,0,0,0,0,3,0,0
"2083214",2,3,3,3,8,3,5,4,4,7,1,1,4,4,1,3,3,3,3,0,3,1,6,1
"2107999",7,4,1,5,2,3,2,3,3,3,3,2,2,3,1,3,5,6,6,4,2,4,5,8
"2108123",4,8,2,2,3,4,2,2,5,4,3,1,6,5,3,4,2,1,1,2,2,2,1,3
"2115",7,7,5,6,2,8,0,1,1,3,3,4,2,3,1,1,3,2,2,3,3,0,4,3
"2130",7,3,6,8,3,1,4,3,2,3,1,2,0,4,1,3,1,1,1,1,4,4,5,6
"216944",8,4,5,3,3,4,4,1,4,3,4,2,4,1,4,0,2,0,1,2,6,1,3,4
"2169611",1,2,8,0,2,3,0,3,1,0,4,2,0,0,3,0,2,3,1,2,0,2,3,3
"2170091",3,8,4,0,8,2,1,2,1,1,1,0,4,2,0,1,0,2,6,1,2,1,1,2
"2171498",3,0,1,0,3,8,2,0,0,1,1,0,0,0,1,0,1,3,0,0,1,4,0,2
"221065",8,4,3,1,4,3,3,2,0,0,1,2,0,0,0,1,0,1,0,1,0,2,3,0
"223919",3,8,2,7,6,4,3,5,1,0,3,6,3,4,0,3,5,4,4,6,1,5,2,6
"225999",4,7,3,5,1,5,1,3,4,1,3,2,0,8,1,2,2,1,4,4,5,1,1,2
"2267618",4,4,3,2,2,6,1,4,1,2,1,4,2,3,0,2,5,5,5,8,2,3,0,1
"230709",6,5,5,8,3,8,3,3,5,3,4,3,6,6,5,4,6,5,8,5,3,5,4,5
"2419619",4,8,0,4,0,0,1,0,0,1,0,2,2,2,0,0,2,0,2,0,1,3,1,2
"2419772",5,7,6,2,8,6,2,7,3,2,5,4,2,4,1,0,5,3,4,3,1,6,0,2
"2419967",1,2,2,0,8,2,0,2,0,0,5,3,1,0,1,0,0,2,1,0,0,1,2,4
"2518322",8,1,3,2,8,1,2,4,6,1,2,3,1,0,2,0,0,3,2,0,4,7,1,1
"2529843",5,3,3,8,2,3,2,2,0,5,3,3,1,0,1,5,3,2,1,0,0,2,0,3
"2560122",8,1,1,1,3,5,2,5,1,2,2,0,1,2,0,0,4,2,1,1,0,3,0,1
"2560388",4,2,8,4,3,3,1,6,5,2,3,2,3,0,5,4,3,3,2,5,0,2,1,1
"2560486",4,2,5,2,2,2,2,8,2,2,1,4,2,1,2,1,0,0,2,2,1,1,5,1
"2560625",5,2,5,1,4,3,4,1,8,3,5,3,3,4,0,5,3,1,5,1,1,3,0,2
"2560688",8,0,3,1,3,5,3,6,1,7,4,3,4,3,2,3,3,3,1,3,2,5,2,1
"2560782",8,3,2,2,2,5,7,4,1,4,1,6,7,5,2,7,2,4,7,4,2,4,4,0
"2566012",8,3,5,1,1,1,1,3,2,1,1,1,1,0,1,5,1,1,3,2,0,1,1,3
"2571246",0,3,5,5,8,6,3,1,2,1,5,4,3,3,0,1,2,0,1,0,2,2,1,2
"2588487",7,3,0,2,0,2,0,0,2,2,1,2,0,0,2,0,5,1,0,1,1,0,8,1
"2591226",1,0,4,5,3,7,3,5,1,0,1,7,3,4,0,1,2,2,2,5,3,0,8,3
"2594460",2,3,3,7,3,1,1,6,0,1,1,1,0,4,0,1,0,0,8,3,2,1,1,0
"261726",4,8,2,7,5,0,0,4,5,1,0,1,1,0,0,1,5,0,6,0,1,6,3,1
"2663241",2,6,4,2,4,6,5,8,5,3,2,6,3,5,5,1,4,2,6,3,1,2,2,2
"2682456",8,7,0,3,4,4,3,5,1,0,1,1,0,1,1,1,4,2,3,7,2,3,0,3
"2704034",7,2,3,8,7,5,4,5,5,7,3,6,3,5,4,0,4,6,3,6,5,5,7,3
"2726117",5,4,5,6,5,8,1,2,2,5,3,4,4,5,3,0,0,0,3,2,0,4,3,8
"2733153",6,8,7,2,5,8,2,3,8,3,3,2,3,2,4,8,5,3,3,5,2,8,3,6
"2733594",1,1,0,1,1,1,3,8,0,1,7,0,1,4,0,5,1,0,0,2,2,0,2,2
"2733920",5,2,0,4,1,2,2,1,2,1,1,1,3,3,1,1,1,2,0,3,3,1,2,8
"2733922",6,0,4,3,4,1,2,2,2,1,0,8,1,0,0,0,0,1,1,0,3,2,1,3
"2734096",2,4,8,1,3,2,6,1,1,1,2,0,2,3,0,0,0,5,0,2,5,2,0,2
"2734280",5,3,3,5,4,4,2,2,4,4,3,2,1,5,5,8,4,1,0,1,1,1,0,2
"2742625",7,6,3,3,1,2,3,8,2,5,0,7,5,2,4,2,5,2,2,8,1,5,2,2
"2742627",8,3,2,4,1,0,3,5,1,3,3,5,1,2,1,1,7,1,1,4,2,3,1,1
"2767577",1,1,4,5,1,2,2,1,5,2,0,8,2,1,0,4,1,1,0,5,5,3,0,1
"2771472",5,0,1,3,3,5,8,2,0,4,2,7,2,1,7,2,4,4,3,5,5,3,6,7
"2790985",8,5,4,7,5,6,2,1,1,0,2,2,1,3,4,2,5,1,3,1,1,5,1,2
"2799680",3,0,5,3,8,4,2,2,0,3,0,3,1,2,2,4,4,3,3,2,1,5,3,2
"2801918",4,2,6,4,3,5,2,2,4,2,5,8,1,3,4,1,2,5,6,3,1,1,5,0
"2832319",4,0,5,1,2,1,6,1,2,0,0,8,2,1,4,1,3,2,2,4,0,4,1,3
"2842976",3,0,3,0,1,0,0,2,0,0,1,0,0,0,1,1,0,0,8,1,0,2,1,1
"2843389",8,7,6,2,8,8,1,5,5,1,5,1,2,1,1,3,0,1,4,6,0,7,3,6
"2843412",2,4,2,0,0,2,3,8,8,0,0,3,3,0,1,3,0,0,4,2,1,1,2,1
"2843721",8,0,2,1,3,1,1,2,0,0,0,1,1,1,1,1,1,0,2,0,0,1,1,1
"2843725",8,6,2,0,1,2,0,3,3,6,4,3,2,0,0,2,0,0,2,0,2,1,3,1
"2843734",2,8,3,2,0,6,1,4,2,0,1,4,0,0,2,2,0,4,0,2,0,3,3,2
"2846046",8,1,1,6,0,1,0,2,2,1,0,1,1,0,1,0,1,0,0,0,0,0,0,1
"2846436",0,5,3,1,8,3,1,3,1,1,1,3,0,0,0,0,0,1,0,0,0,1,1,0
"2846673",1,0,8,0,2,0,1,0,2,2,1,1,4,0,1,0,0,1,2,2,1,0,0,1
"2846779",4,4,6,2,4,8,1,2,3,1,3,4,0,3,3,0,0,0,4,0,4,4,5,0
"2851980",4,8,1,3,7,7,0,4,0,1,1,5,0,1,0,5,1,0,1,0,3,0,1,0
"2866695",8,3,1,4,3,1,2,2,1,0,1,5,0,2,2,1,0,0,0,3,1,3,0,1
"288021",6,5,5,2,3,4,4,3,6,5,6,7,0,8,3,0,4,2,7,6,1,4,0,4
"2894293",5,1,4,3,3,6,3,3,6,4,4,2,4,1,4,8,5,3,4,0,5,3,3,4
"2910954",8,3,0,3,0,0,0,0,1,0,0,3,0,1,0,0,1,1,0,2,0,0,1,1
"291183",6,0,2,1,8,0,0,1,0,0,0,1,0,1,1,4,0,2,0,1,0,6,1,2
"2914443",3,0,7,0,8,1,0,5,1,2,0,3,0,1,4,1,7,2,1,1,1,2,0,0
"2929157",1,3,8,4,4,5,6,5,7,3,3,8,4,6,4,4,2,1,2,1,3,1,1,1
"2939131",5,4,3,5,2,4,4,2,3,2,1,4,3,1,4,3,8,0,7,0,0,0,1,3
"2946834",4,4,5,4,8,0,2,4,2,4,3,5,4,7,1,3,4,3,8,6,1,2,4,5
"2954081",4,1,4,1,3,2,2,0,0,3,4,5,1,6,5,2,6,0,8,0,0,3,0,3
"2955326",4,3,1,4,3,3,4,6,2,4,1,1,6,1,2,5,3,3,8,4,1,3,0,2
"2955341",4,4,4,4,6,6,5,1,7,3,8,7,4,6,5,3,3,4,6,1,5,3,4,7
"2955345",1,6,1,3,8,3,2,1,3,5,1,2,4,0,2,5,3,3,2,4,2,0,0,2
"2955348",4,8,1,1,3,3,0,4,2,0,2,0,1,1,2,1,0,2,4,0,2,0,1,3
"2955377",5,4,4,3,6,4,4,5,5,2,5,1,3,1,2,8,5,4,3,1,4,2,4,2
"2955427",1,1,3,2,0,1,1,1,0,0,0,1,0,1,0,1,2,0,8,0,0,0,1,0
"2955502",6,5,0,3,3,1,2,4,6,0,2,0,0,5,4,3,3,3,8,1,1,2,0,2
"2955513",2,0,4,3,5,2,1,4,8,3,3,0,2,1,1,6,6,3,4,2,3,5,1,1
"2955574",3,1,8,7,4,2,3,3,1,0,5,3,5,2,2,0,3,1,6,4,3,5,4,3
"2955845",4,3,7,3,3,1,1,8,6,1,7,3,1,2,8,1,1,5,6,0,2,3,3,5
"2955877",2,0,5,4,0,4,2,4,7,0,8,1,2,3,6,5,0,2,0,5,4,1,2,7
"2955962",6,3,1,4,7,1,3,3,2,2,1,0,0,6,8,2,3,0,0,1,0,0,5,1
"2955994",3,0,8,6,0,2,1,3,0,2,4,3,2,2,1,1,1,2,0,2,1,3,2,1
"2956032",5,7,3,4,6,2,4,1,7,1,3,3,2,6,4,4,0,3,1,4,2,8,1,3
"2956061",8,4,3,0,0,1,2,1,0,1,2,3,0,0,3,1,2,4,8,4,1,2,1,3
"2956113",6,4,0,3,6,5,5,6,2,4,5,7,4,7,4,5,7,4,8,5,3,6,7,0
"2956236",8,3,4,4,5,0,3,7,1,0,1,2,2,3,1,0,2,5,3,1,0,2,1,2
"2956311",7,3,0,2,6,3,2,8,1,4,1,5,1,1,4,5,1,6,2,1,1,5,3,3
"2956314",6,8,4,2,5,8,1,1,5,5,5,6,7,2,2,0,4,1,4,2,6,1,3,6
"2956357",1,0,3,1,3,5,8,5,0,3,2,5,1,2,1,5,0,2,0,1,0,2,2,4
"2956390",8,7,1,1,2,4,4,6,4,2,1,2,1,2,3,4,0,1,3,0,7,1,0,1
"2956440",6,7,3,4,0,7,6,4,2,1,1,1,1,0,2,2,3,2,3,1,1,8,6,1
"2956441",0,2,5,1,3,3,8,1,0,2,0,0,2,1,3,0,4,3,0,3,0,4,3,2
"2956466",4,6,2,3,2,8,4,1,4,2,4,4,1,3,4,5,1,0,3,3,3,5,6,7
"2956474",8,6,3,3,3,5,1,4,2,4,3,6,2,0,2,2,5,3,7,4,1,2,4,0
"2956537",4,7,7,4,7,5,5,4,6,2,8,5,6,6,1,2,5,2,5,4,4,3,4,4
"2956560",6,1,6,8,1,3,2,4,2,2,0,0,4,3,3,2,8,1,3,4,1,1,1,2
"2956577",5,6,5,6,8,0,2,4,1,5,0,3,1,1,1,4,4,3,4,5,1,0,1,1
"2956637",0,3,2,8,0,0,3,0,2,0,2,2,1,1,0,1,1,0,0,0,0,0,4,1
"2956658",2,0,1,4,2,8,2,2,2,1,1,2,1,2,1,0,2,0,0,1,1,3,2,2
"2956711",3,8,7,3,4,2,2,6,3,1,5,2,0,2,0,2,3,3,3,0,1,2,3,1
"2963128",1,0,8,0,4,3,0,3,0,1,1,2,0,0,1,1,0,0,1,0,0,1,1,0
"2967302",4,4,7,4,5,6,4,3,3,2,2,3,3,0,2,2,4,0,1,0,8,5,0,2
"2983211",3,4,1,4,6,4,1,8,5,4,1,1,0,0,1,0,6,1,1,0,0,0,5,1
"2989727",8,4,2,0,2,1,5,0,1,1,2,3,2,1,3,1,3,3,2,4,2,2,2,3
"2992243",3,4,2,6,1,3,0,2,0,2,3,1,1,1,3,0,2,0,4,1,3,2,8,2
"3003392",5,6,8,5,4,4,0,1,2,2,0,2,4,1,3,3,6,3,7,5,2,3,2,4
"3003729",2,0,0,0,0,2,0,0,0,0,0,8,0,0,2,0,2,1,0,1,0,3,4,2
"3019889",6,2,5,3,7,5,0,1,2,5,3,7,4,5,1,0,7,1,1,0,1,6,0,8
"3033930",1,0,4,0,2,3,0,1,3,0,1,2,2,1,1,0,8,2,1,3,1,0,0,1
"3035514",5,5,1,7,4,5,0,7,1,8,6,3,4,3,3,6,2,5,1,4,2,3,6,4
"3048172",3,0,2,2,0,0,3,3,0,1,8,4,0,2,2,1,1,1,2,1,0,1,1,1
"3050136",2,1,0,2,3,7,4,1,8,5,5,2,3,1,5,2,2,3,1,1,2,1,2,4
"3050262",2,2,0,1,0,1,1,2,0,3,4,2,2,3,2,1,8,1,0,2,2,4,2,1
"3050281",7,6,5,7,5,2,4,7,6,4,6,5,3,0,7,8,2,4,5,3,4,4,7,2
"3051996",0,8,2,0,2,6,5,2,3,4,3,1,1,4,5,6,5,2,5,4,1,0,4,1
"3052000",2,8,0,3,2,4,3,3,1,1,1,2,1,2,1,1,2,0,0,1,0,2,2,0
"3052348",0,0,0,8,6,0,2,0,2,0,0,2,0,0,0,3,0,0,2,0,2,2,1,1
"3058433",7,0,6,0,2,3,4,3,1,1,1,3,1,1,1,3,1,2,8,2,2,1,3,1
"3078438",5,8,5,2,2,3,1,0,1,0,2,3,6,2,3,3,5,2,3,1,2,1,5,4
"332157",2,4,5,3,8,6,1,6,1,2,2,2,0,1,1,0,2,1,2,1,2,3,1,6
"338644",5,0,8,2,7,4,5,4,3,2,2,3,2,2,3,6,6,4,3,2,5,3,0,6
"35829",5,8,3,2,4,3,2,0,4,1,0,3,2,0,2,2,5,5,2,5,7,3,3,2
"36855",2,2,0,4,2,0,5,2,1,1,1,1,2,2,4,0,1,4,2,3,8,2,2,3
"373213",4,2,3,8,0,5,6,0,4,4,4,2,4,3,4,4,1,1,2,4,2,1,2,2
"381899",6,0,4,7,1,3,3,2,4,7,2,3,4,2,2,2,2,6,8,1,1,3,0,3
"39420",4,1,3,8,0,0,0,1,3,2,4,2,0,2,1,0,0,2,3,1,4,0,1,2
"431894",0,1,0,3,4,1,1,1,1,0,1,0,0,1,2,2,2,1,0,4,0,8,0,1
"46239",4,4,8,8,2,6,2,3,5,4,0,4,0,2,0,1,2,6,2,3,2,3,3,3
"485256",7,3,0,5,5,4,1,2,1,5,8,4,1,4,3,5,3,4,1,3,2,3,2,2
"53435",5,6,1,0,5,3,2,1,0,3,7,3,6,1,3,1,3,8,1,1,5,1,3,1
"54526",6,3,8,8,2,4,6,4,4,3,2,4,2,2,1,2,3,1,3,5,0,2,3,6
"549779",4,6,7,8,2,2,0,0,1,0,0,1,1,2,1,1,0,0,3,2,0,1,0,6
"56146",2,7,2,2,4,5,2,8,3,3,3,0,3,0,0,3,2,2,0,5,3,0,2,4
"570156",5,8,5,3,4,8,3,7,3,4,3,4,6,3,6,2,6,3,4,6,1,4,0,3
"57863",5,3,2,0,3,5,0,8,5,3,3,2,2,0,3,7,3,1,5,2,2,1,2,4
"59748",3,5,3,6,2,2,1,3,7,0,1,4,3,2,2,4,4,6,8,1,4,5,1,4
"62088",8,2,3,0,3,6,1,1,0,4,2,3,2,5,0,0,1,4,2,1,2,2,0,4
"627445",6,2,2,0,0,0,4,0,4,1,6,3,2,0,0,0,0,2,0,0,8,2,4,2
"671211",2,2,2,8,6,4,4,1,0,0,1,2,4,3,1,0,4,1,1,6,0,1,1,0
"67760",7,1,7,8,6,7,7,7,5,7,7,1,2,2,4,4,8,3,3,3,1,2,1,8
"712623",6,5,8,6,6,7,2,3,3,4,2,3,6,3,2,4,5,3,0,4,3,3,3,4
"754514",3,5,4,2,3,4,7,7,3,0,4,2,0,1,3,1,8,2,2,0,5,3,5,3
"76860",5,6,6,8,4,3,4,4,6,3,4,2,6,4,2,4,4,4,2,4,2,4,5,2
"92402",4,3,5,8,1,3,3,8,6,3,2,3,0,0,7,2,3,0,7,3,0,2,3,4
"929833",6,2,2,6,3,6,8,1,2,4,5,0,6,1,8,1,4,4,3,3,3,7,3,4
"101534",1,7,4,4,0,2,0,2,3,1,1,2,3,0,0,3,1,2,2,1,0,5,0,2
"1051143",4,0,3,2,7,2,0,0,0,2,1,1,0,1,2,2,0,2,0,3,2,2,2,1
"117563",0,1,0,7,0,5,0,0,0,0,1,1,0,0,0,0,0,0,0,0,0,1,0,1
"1186051",4,5,0,3,0,7,3,1,0,0,0,3,3,1,1,1,2,2,2,2,2,1,4,1
"1193515",7,5,4,2,0,6,4,5,3,3,5,2,1,5,7,3,5,3,5,4,2,6,1,5
"1195075",4,4,4,3,1,6,2,3,0,3,0,1,2,0,0,0,7,0,7,0,1,3,4,2
"1234606",3,1,2,7,1,7,0,2,4,1,2,0,1,0,1,3,5,6,2,4,3,1,1,2
"1235689",3,3,6,7,2,2,0,2,2,2,1,2,0,4,1,2,1,1,5,2,0,3,3,1
"125593",4,3,7,4,4,2,2,2,0,1,1,4,1,0,1,3,1,0,2,3,0,0,0,1
"129954",7,3,2,5,3,5,1,0,0,2,2,2,0,1,1,3,3,2,0,3,2,1,1,1
"1330545",3,1,3,7,2,2,3,1,1,0,3,4,3,3,3,1,2,2,6,5,3,2,1,2
"1414742",5,2,7,0,7,2,1,4,0,3,3,3,2,1,3,2,2,2,2,0,2,5,0,4
"1445727",0,4,2,2,7,0,0,1,0,0,0,2,0,0,2,0,0,0,4,0,0,1,0,4
"1458846",1,4,2,1,7,4,2,7,2,3,1,1,0,1,1,2,2,0,0,3,2,3,1,3
"1463809",4,4,3,1,0,7,1,2,4,3,4,1,4,0,5,1,0,1,0,1,2,3,0,2
"1569353",5,3,0,3,6,5,4,3,2,2,0,1,1,0,2,7,0,3,1,0,0,0,3,0
"1582879",4,7,3,6,5,6,1,2,4,7,3,7,4,2,2,0,1,3,4,6,1,3,1,2
"1623293",1,5,1,4,1,6,7,4,0,1,1,3,1,1,0,0,2,4,0,4,4,2,0,1
"1652133",6,0,6,7,4,0,0,3,0,1,0,4,0,3,2,1,2,0,3,2,2,2,0,0
"1686313",1,2,3,0,0,5,2,4,3,2,3,2,4,1,1,5,2,0,1,4,0,2,2,7
"1712675",4,1,1,0,7,0,1,0,3,0,0,0,0,2,4,1,0,3,5,0,2,4,2,0
"177758",7,3,1,0,0,3,0,0,0,0,1,0,1,1,0,0,2,2,1,0,0,0,1,2
"1813595",3,7,3,1,4,6,0,5,1,3,1,1,1,1,1,0,2,0,2,0,2,5,3,2
"1838081",2,1,2,2,0,1,3,4,2,3,2,6,6,2,0,2,0,2,7,2,2,0,0,0
"1848580",3,3,2,6,2,1,2,7,4,6,0,5,0,2,0,1,7,1,4,4,1,4,3,4
"1854574",2,3,0,1,1,7,0,2,0,0,1,2,3,0,1,0,2,1,3,0,0,3,0,0
"1857844",6,4,3,0,3,1,3,1,7,2,1,2,2,0,5,4,1,2,0,0,1,2,1,5
"1911587",5,1,4,7,6,1,1,0,6,2,0,0,2,2,6,0,0,0,0,1,1,4,2,1
"1920749",6,7,6,7,3,4,4,2,3,3,1,1,1,4,5,2,3,3,5,2,5,2,4,3
"1922330",2,0,0,7,1,2,0,1,3,4,0,5,1,0,0,1,1,3,0,2,2,3,2,3
"1963270",7,1,5,6,0,3,0,2,0,3,6,6,1,2,2,3,3,1,0,0,6,2,4,2
"1970800",4,4,4,3,7,1,0,3,3,1,0,4,2,5,2,1,5,0,5,3,5,3,2,1
"1978539",1,0,0,0,2,0,0,1,1,0,0,0,0,7,0,0,0,0,1,0,0,1,0,0
"1980925",6,5,2,5,7,6,2,4,2,6,6,5,4,4,3,3,1,2,4,2,7,0,1,1
"1980926",7,3,7,5,5,0,0,1,0,4,3,2,3,1,2,1,4,2,3,5,1,1,0,6
"198110",0,1,0,1,4,5,0,1,2,0,1,1,0,0,0,0,1,1,5,3,2,6,2,7
"1982086",6,4,4,6,4,5,0,7,0,7,6,3,3,2,3,2,3,6,1,3,2,3,3,3
"1982098",2,7,3,3,5,5,3,4,2,2,3,7,4,0,3,7,2,2,4,6,2,3,4,2
"1982154",7,0,0,1,7,0,0,0,0,0,0,2,0,0,0,0,1,0,5,0,0,2,0,0
"1982355",1,7,1,2,0,1,1,2,4,1,0,2,2,4,0,0,2,0,3,0,3,2,1,2
"1982751",0,2,3,3,1,5,5,3,3,3,3,3,1,6,4,7,1,0,2,6,3,0,4,2
"1982904",4,2,1,2,3,7,4,5,2,0,2,5,1,1,0,5,1,1,0,1,1,3,1,6
"1983107",0,0,2,7,0,4,0,1,2,1,3,1,0,2,0,0,4,0,0,2,3,1,3,0
"1983116",7,3,2,1,0,2,0,1,1,1,2,1,1,1,1,2,1,1,0,4,1,0,0,3
"1983737",7,0,0,0,1,0,0,1,5,0,0,0,1,0,0,1,0,0,0,0,0,1,0,1
"1985325",2,2,1,1,0,0,3,3,0,3,7,0,3,1,5,2,1,3,2,4,1,4,0,5
"1985720",0,7,0,3,0,0,2,0,2,1,0,0,2,0,0,0,1,1,0,0,1,1,0,1
"1986022",7,1,3,1,3,0,5,0,1,1,1,1,1,2,2,0,1,3,1,1,2,0,0,1
"1993859",4,2,1,4,0,5,1,3,4,7,3,4,7,2,3,5,7,2,3,4,0,1,0,0
"2003504",1,2,0,1,3,5,1,0,0,2,1,0,2,0,1,3,1,1,7,1,1,0,0,0
"2005060",4,0,5,6,1,5,1,7,0,2,3,2,1,2,3,2,3,2,5,1,2,1,3,2
"2005525",5,1,3,0,5,3,0,5,2,1,1,1,2,3,0,2,7,0,2,1,1,4,1,4
"2049886",3,2,4,7,1,4,2,3,4,1,3,5,1,1,7,4,1,3,6,5,3,4,4,4
"2052899",2,6,0,0,7,4,1,2,2,1,0,0,0,2,2,1,2,2,0,3,0,2,3,4
"2060094",1,4,4,5,1,3,2,7,1,2,2,4,0,2,1,1,2,4,3,1,0,2,7,1
"207921",3,5,5,5,7,6,2,4,6,4,1,3,4,2,7,0,6,6,1,7,6,1,2,2
"2111",7,7,3,2,4,2,2,5,2,1,5,2,1,3,3,5,5,1,3,2,1,2,0,3
"2113",6,7,5,3,5,3,0,3,1,0,1,2,0,2,2,2,0,2,3,1,0,4,6,2
"2116706",0,0,0,2,7,0,5,2,0,0,2,0,2,1,1,0,1,0,3,0,0,3,0,0
"212",1,3,1,0,2,5,1,6,2,6,3,4,0,0,3,1,1,0,3,2,0,1,7,1
"2149",5,2,1,4,0,3,3,1,0,2,2,1,1,2,0,0,1,5,7,3,1,2,2,2
"216933",4,3,4,7,5,7,1,5,5,4,5,3,4,2,2,1,2,1,6,3,1,7,0,5
"2169657",6,6,4,7,2,6,5,4,1,2,0,4,1,4,2,0,5,5,0,1,4,4,5,2
"2169730",0,2,2,0,4,1,1,5,0,0,7,1,1,3,3,2,1,2,0,0,1,0,1,0
"223785",2,5,2,6,4,5,3,4,1,2,3,1,3,4,2,5,0,5,2,1,1,7,1,2
"2249302",5,1,4,5,3,0,2,1,2,0,1,7,1,2,0,3,0,6,3,2,0,0,1,2
"2259883",1,1,0,2,7,0,0,1,3,5,1,1,0,4,3,1,0,1,0,2,1,1,0,0
"2272",1,1,1,2,4,1,0,0,0,0,1,3,3,0,2,1,0,1,0,0,0,1,0,7
"2419611",7,0,2,3,5,1,1,4,2,0,3,7,5,1,3,3,3,3,3,1,2,3,0,1
"2545797",2,3,7,4,3,1,3,1,1,4,1,2,1,1,3,0,5,2,5,0,3,1,7,1
"255248",1,2,4,1,3,6,2,1,2,0,2,1,2,2,0,2,1,0,4,1,7,2,2,4
"2560302",2,4,7,1,3,0,2,0,1,4,2,4,0,5,1,0,5,1,2,4,1,1,0,1
"2560303",2,3,5,4,3,3,5,2,2,5,2,3,2,1,5,7,1,7,6,7,0,3,3,1
"2560305",1,3,1,7,4,3,6,1,0,3,1,2,3,3,1,2,3,1,3,2,0,1,1,3
"2560592",3,1,0,1,2,3,2,7,0,1,3,3,0,2,2,2,5,0,0,1,3,2,7,0
"2560608",3,2,7,1,7,5,1,4,3,3,2,6,2,4,3,0,3,0,2,4,2,2,2,1
"2560671",0,7,2,2,3,4,2,2,0,4,1,4,1,2,3,2,0,1,2,2,1,1,5,1
"2560686",3,0,1,2,1,7,1,1,0,0,0,3,0,0,0,0,1,0,1,1,2,0,0,1
"2594456",3,5,5,1,2,7,1,2,0,1,2,2,2,2,2,0,1,7,3,3,0,6,3,1
"2597167",2,7,5,1,4,4,2,2,1,7,6,4,0,3,2,1,1,5,2,0,3,1,3,1
"2603820",2,3,2,6,3,3,1,6,3,2,5,1,1,4,3,7,3,1,4,7,6,4,2,3
"2609251",2,1,4,4,3,4,3,6,5,2,2,0,4,4,6,7,4,3,2,4,3,4,5,0
"2652879",4,2,1,3,3,1,1,0,2,3,0,1,2,1,5,1,7,5,0,1,0,4,1,5
"2652880",4,2,1,1,2,7,0,1,0,0,1,0,3,0,0,0,0,0,0,0,0,2,1,3
"2661583",3,7,4,7,5,6,3,3,2,0,1,7,1,2,2,2,4,1,7,1,2,5,0,4
"2675772",4,4,0,7,0,2,1,1,0,2,1,0,2,2,4,0,2,0,4,2,1,3,0,0
"2675773",0,1,0,5,1,7,4,4,1,1,1,3,3,1,0,1,1,1,0,1,1,5,3,1
"2675776",4,0,3,7,5,3,1,1,0,2,0,3,1,3,1,2,1,1,6,2,0,7,1,2
"2675778",7,3,0,0,0,1,2,1,3,1,0,2,0,0,0,0,1,2,0,1,2,4,0,2
"2675779",3,6,0,1,7,3,1,1,1,0,2,0,0,0,0,0,0,0,3,2,1,2,0,0
"2675792",5,5,6,7,2,7,4,0,6,2,7,1,2,5,2,0,5,0,3,1,0,2,2,6
"2675794",6,6,3,5,7,4,2,2,3,5,1,4,2,5,3,1,1,2,1,1,1,2,5,1
"2675795",7,3,3,4,2,3,3,2,1,0,0,4,1,1,5,0,3,2,1,2,4,3,3,2
"2675797",5,7,0,5,3,5,1,6,1,4,2,1,0,0,3,1,3,0,1,1,1,1,0,2
"267893",3,1,2,0,7,0,3,0,0,2,1,3,2,0,2,3,0,7,2,0,2,0,1,0
"2683967",6,4,4,4,1,6,4,0,3,3,4,3,2,4,1,6,7,3,6,7,4,5,2,4
"2698923",3,0,0,0,0,0,4,7,3,0,0,4,2,1,1,0,1,1,1,0,1,2,2,4
"2704652",2,5,6,6,7,1,1,2,2,1,1,5,2,2,2,5,7,2,5,1,0,2,3,7
"2733589",6,1,2,0,1,3,3,1,1,1,2,1,2,1,1,4,7,4,2,2,0,4,0,1
"2733995",0,1,7,2,4,3,0,3,0,1,2,3,0,0,0,1,0,0,0,1,0,3,6,0
"2734065",1,6,0,6,3,2,3,2,6,4,2,0,2,5,1,5,1,2,2,7,1,1,1,1
"2734081",7,0,1,0,1,0,4,4,0,0,0,0,1,4,1,1,0,1,0,1,1,5,2,2
"2734214",2,3,7,1,5,5,4,2,1,2,1,2,2,1,0,0,1,1,1,0,2,4,1,0
"2734223",0,4,0,7,5,3,1,1,1,2,3,1,1,0,2,2,1,3,1,1,2,0,1,0
"2734241",7,1,4,6,1,0,2,2,3,0,1,0,2,2,2,3,0,5,1,2,5,3,2,1
"2734243",5,3,1,5,3,3,2,2,2,3,7,0,0,1,2,3,5,5,6,5,1,5,6,6
"2734251",5,5,4,2,4,1,1,1,7,3,2,1,1,5,1,3,1,5,1,1,3,3,1,2
"2734258",1,5,3,2,3,4,0,4,4,1,2,6,4,2,0,0,1,0,4,2,1,7,2,3
"2734282",0,4,1,3,3,7,2,0,1,1,0,2,0,1,3,0,0,2,4,4,0,1,0,1
"2734283",1,1,3,4,1,5,1,2,2,2,1,2,7,0,1,3,6,2,0,0,1,0,2,3
"2734575",2,2,3,2,5,3,3,2,1,3,4,6,2,3,4,3,1,7,2,3,1,1,0,2
"2735321",4,5,7,7,3,2,7,7,1,1,6,3,1,5,1,6,3,3,3,2,3,7,1,6
"2750648",2,2,1,3,2,0,0,1,5,1,2,4,0,0,7,0,0,3,4,0,1,2,0,0
"2759392",5,7,1,1,3,1,2,5,4,4,1,1,1,1,0,0,3,5,5,0,3,3,0,1
"2770788",3,1,3,5,2,0,0,1,0,1,0,2,0,0,2,2,5,0,2,1,0,0,0,7
"2785531",4,7,4,4,4,1,0,2,2,1,1,2,0,2,0,2,1,4,6,0,6,2,1,2
"2790987",1,7,1,3,1,0,3,2,2,2,2,1,1,0,0,1,1,0,4,3,0,0,0,0
"2800128",0,4,1,5,2,3,3,0,0,3,5,1,1,2,1,1,5,0,2,2,0,3,7,5
"2803850",4,2,0,4,4,3,2,1,0,1,2,3,0,2,1,1,1,1,2,1,2,7,6,4
"28070",3,1,1,4,4,2,0,1,3,2,3,1,0,3,0,2,5,7,0,3,4,7,1,6
"28109",3,6,7,2,6,4,0,2,6,3,2,2,1,1,2,2,5,3,6,2,3,7,0,2
"2813165",1,7,2,1,0,3,4,4,1,2,3,5,1,6,1,3,3,3,2,2,4,4,3,4
"2816467",4,0,0,0,1,1,0,0,0,0,0,7,0,0,0,0,0,0,0,0,0,0,0,0
"2816912",0,3,0,3,0,1,0,1,0,0,0,1,0,0,0,0,7,0,0,1,0,0,1,2
"28250",5,4,5,0,7,5,0,7,1,1,1,2,3,1,1,1,2,1,3,0,7,3,0,0
"2842888",7,4,3,5,2,4,1,5,0,3,0,6,4,5,2,1,2,1,1,3,2,1,0,0
"2843318",5,4,4,6,7,4,2,6,2,6,0,4,0,1,2,1,2,1,7,0,5,1,2,3
"2843635",1,2,2,6,1,3,0,1,0,0,0,7,0,0,0,0,4,0,0,0,0,2,0,0
"2843841",2,3,1,3,2,2,6,1,2,7,1,5,2,1,1,1,2,2,1,5,1,5,2,3
"2844663",0,0,2,1,1,0,1,7,0,0,0,7,1,2,1,0,0,0,1,0,1,0,0,0
"2845109",3,0,7,0,3,1,0,7,0,0,0,2,1,1,0,1,2,0,1,0,0,0,0,0
"2845962",5,1,7,0,0,0,0,1,0,0,1,0,0,1,0,0,0,0,3,0,0,3,0,1
"2846038",1,5,2,3,2,2,4,2,5,2,7,0,2,2,2,0,1,0,1,5,0,1,2,0
"2846044",7,2,7,5,2,6,1,6,2,1,0,6,1,5,1,2,1,1,7,4,0,3,4,1
"2846050",3,2,1,2,1,2,3,4,2,6,0,0,0,1,3,2,5,7,0,2,1,2,0,1
"2846061",4,0,3,0,0,0,2,0,1,1,0,0,2,1,0,0,1,0,0,0,2,0,0,7
"2846064",3,2,4,2,5,4,4,5,3,0,3,7,5,2,5,2,5,1,2,5,1,2,2,4
"2871520",0,7,5,1,0,4,0,3,0,1,1,0,1,2,0,1,0,1,3,3,0,1,3,0
"2883238",7,3,7,3,7,5,0,3,2,1,2,0,1,5,4,0,3,2,6,1,0,1,1,2
"2888526",7,3,3,4,5,2,1,1,1,1,0,2,1,0,7,0,1,1,0,2,0,1,0,3
"2895509",7,5,2,0,4,6,4,4,1,1,2,2,3,1,1,3,2,4,6,0,1,4,0,1
"2896845",4,0,2,4,5,2,0,0,2,6,0,3,0,4,3,0,1,0,7,1,2,6,1,1
"2902622",7,2,1,0,1,0,0,3,0,0,1,0,0,1,0,0,0,1,0,0,1,0,0,0
"2923352",7,5,2,4,4,4,0,4,4,4,6,2,3,4,7,2,2,2,1,1,1,2,6,4
"2927281",7,6,3,4,1,6,1,2,2,5,2,2,1,3,5,4,3,1,3,2,2,3,2,1
"2930315",6,2,7,1,2,1,2,3,0,1,1,3,3,4,2,2,3,3,0,2,1,5,1,2
"293389",2,3,0,3,1,0,1,0,0,0,0,0,1,0,0,0,0,0,1,1,0,0,7,0
"2936912",5,7,4,5,4,6,4,3,5,2,4,5,2,4,5,1,0,1,0,3,4,2,2,2
"2946170",7,2,0,2,1,1,0,0,2,1,1,0,1,1,0,0,0,1,1,0,1,5,1,2
"2948647",1,1,7,2,4,1,1,6,1,1,5,0,2,6,2,2,3,1,2,3,2,3,1,4
"2948705",2,6,3,1,2,6,3,0,3,1,1,2,0,1,7,1,1,0,3,2,1,1,0,3
"2948771",1,5,1,1,2,4,5,4,6,0,7,7,3,3,3,3,1,5,7,5,5,3,6,0
"2953987",0,0,2,4,1,0,0,2,0,0,0,0,1,0,0,7,0,0,0,0,1,0,0,0
"2953988",5,3,0,0,1,3,1,0,3,1,1,3,0,1,2,7,0,1,0,0,0,1,1,0
"2955317",0,1,5,2,2,6,1,3,2,1,1,2,2,4,1,1,6,5,7,2,2,4,4,2
"2955318",3,3,3,5,6,3,2,3,7,0,5,3,4,1,2,0,0,1,1,4,3,2,3,2
"2955335",3,0,3,3,1,7,2,1,0,2,1,0,0,1,3,0,0,2,1,0,2,2,0,1
"2955375",2,0,0,1,2,0,1,0,0,1,0,3,1,1,1,1,7,0,3,0,1,3,2,0
"2955391",1,3,5,0,4,2,0,1,1,0,1,0,3,2,3,1,2,1,1,7,3,1,3,2
"29554",5,7,3,6,2,6,1,5,2,1,4,2,3,2,1,1,1,2,5,2,2,1,0,1
"2955724",4,1,2,2,0,0,2,7,2,0,1,0,2,0,0,3,0,1,0,2,0,2,0,2
"2955840",0,4,4,4,2,7,5,0,2,1,2,2,0,2,1,3,3,1,1,3,1,2,3,0
"2955878",0,4,1,7,4,3,2,3,1,2,0,1,0,1,4,2,0,3,2,2,7,3,4,3
"2955892",7,3,2,0,1,3,1,1,0,1,1,0,0,4,0,1,0,1,0,1,0,0,5,2
"2955961",4,4,5,7,0,0,7,1,4,1,2,1,0,3,0,1,2,3,1,0,2,1,0,0
"2955964",0,1,2,1,1,2,0,0,7,3,1,0,1,2,0,1,0,0,5,5,0,1,3,0
"2956042",6,2,7,2,6,3,3,5,3,5,1,4,1,6,1,3,0,6,4,7,0,5,7,1
"2956057",3,0,2,2,1,7,3,5,0,3,7,1,0,0,0,4,2,6,5,1,0,2,1,1
"2956068",0,1,1,0,2,0,0,0,0,0,0,2,0,0,0,0,1,0,7,0,0,0,0,0
"2956082",4,2,2,3,6,7,1,0,4,4,3,3,2,2,3,0,2,3,6,1,1,2,1,1
"2956090",5,1,5,3,7,3,5,7,3,7,3,3,3,3,3,4,1,1,1,3,2,4,6,3
"2956092",3,1,2,0,7,3,4,0,0,1,2,3,2,1,2,1,3,4,1,4,0,4,1,2
"2956109",4,4,3,1,4,4,2,2,2,5,2,1,6,5,2,1,5,5,3,2,4,7,4,2
"2956116",2,5,5,3,3,6,2,1,4,5,4,7,2,3,6,5,5,4,1,2,1,3,3,1
"2956118",2,1,0,0,2,0,5,1,1,7,0,4,4,2,1,0,1,3,3,2,2,1,6,1
"2956119",1,5,4,3,5,4,0,0,5,0,0,4,4,0,2,2,7,2,1,2,1,3,4,0
"2956133",1,6,1,1,0,1,2,2,1,3,1,2,3,3,2,7,4,1,5,4,3,2,1,0
"2956210",4,2,2,0,7,1,1,2,0,1,1,1,2,0,1,3,7,3,4,3,2,6,4,2
"2956310",3,2,0,1,5,2,3,3,7,3,5,3,1,4,1,1,4,2,4,2,1,7,1,4
"2956395",7,3,3,3,4,0,1,6,4,7,1,4,1,2,2,1,3,3,6,2,1,2,0,5
"2956444",1,1,1,0,2,0,0,2,0,0,3,0,0,1,1,1,0,0,0,1,1,3,7,2
"2956535",0,4,1,0,2,5,0,7,5,7,1,2,2,1,1,1,0,2,5,2,1,3,2,7
"2956571",7,3,3,0,3,0,0,1,0,4,3,7,0,2,1,0,1,3,4,2,2,1,0,0
"2956655",4,7,1,3,1,1,2,2,0,1,0,6,3,2,2,1,2,2,1,0,1,6,3,0
"2956712",1,3,2,1,5,1,3,7,2,3,0,2,3,2,0,3,1,0,0,1,5,2,1,0
"29574",7,3,0,6,1,5,2,6,2,0,1,4,1,0,1,0,1,1,0,1,1,1,3,6
"2975050",0,0,1,0,0,0,0,0,0,0,1,0,0,0,1,0,0,0,0,0,0,0,0,7
"2981578",0,3,0,1,0,2,1,1,4,2,3,1,1,1,2,0,1,2,4,0,2,2,6,7
"3015951",0,0,5,1,7,1,0,0,1,2,0,0,1,3,0,2,3,0,0,1,1,3,0,3
"3020829",1,5,0,7,0,1,1,2,1,0,2,4,0,0,1,1,2,3,3,2,3,1,2,0
"3047737",2,1,1,3,0,2,1,7,2,1,3,0,3,1,4,4,4,1,3,0,0,2,1,0
"3048149",7,1,2,3,2,1,2,2,0,4,2,0,2,2,1,1,2,1,0,2,1,4,2,5
"3048181",2,5,2,1,3,2,2,2,1,2,2,3,3,2,3,2,3,2,6,6,4,7,2,4
"3048334",4,3,0,2,0,1,1,0,1,2,0,7,1,0,2,0,2,0,0,0,0,1,4,0
"3050272",2,3,4,6,2,0,4,7,1,2,1,1,0,1,1,2,2,2,4,1,2,0,3,6
"3050313",0,4,0,1,0,1,1,1,0,0,7,5,1,0,3,2,0,1,1,5,2,1,0,5
"3074082",1,1,2,6,2,0,1,2,1,0,5,7,1,0,3,0,0,0,0,4,2,0,0,0
"3074101",4,2,3,4,6,1,1,2,6,2,1,1,1,4,5,5,7,4,4,3,1,3,2,2
"312278",7,2,5,3,1,6,0,3,0,2,0,1,3,0,1,2,5,1,4,2,3,5,0,2
"319017",4,2,7,2,6,2,0,4,0,0,2,4,0,2,0,2,2,1,0,1,1,4,0,1
"31977",3,3,2,5,7,1,2,2,1,0,0,0,1,0,3,3,3,4,2,2,0,2,2,3
"328615",2,4,3,1,4,4,7,1,1,7,3,4,0,6,4,4,7,1,5,3,1,6,0,4
"33992",3,4,1,4,1,3,6,2,3,0,6,5,2,1,1,2,7,2,1,2,2,2,3,3
"345201",1,3,1,1,1,3,1,1,1,2,0,2,0,0,0,2,0,1,1,3,1,0,7,0
"35788",7,1,0,2,0,0,2,0,2,1,0,0,0,2,1,1,2,0,1,0,0,1,0,1
"373405",3,3,3,3,3,0,3,7,2,1,0,1,4,5,2,2,2,1,1,0,2,1,3,3
"374422",3,5,4,2,4,7,2,3,2,1,4,4,3,1,2,3,1,4,5,5,3,1,4,2
"376418",1,3,1,4,7,3,4,3,2,3,0,5,1,1,0,1,0,3,1,0,2,0,5,2
"395331",1,4,3,2,2,1,5,7,3,2,3,2,1,2,3,3,1,1,0,1,5,1,1,5
"417280",1,7,4,0,0,0,2,3,0,2,1,2,1,0,1,0,1,0,0,3,0,2,0,1
"430531",4,6,4,3,4,1,6,5,1,0,4,2,2,3,1,2,1,0,7,4,1,2,4,5
"444612",2,4,1,3,3,0,1,1,2,4,0,3,1,0,7,3,2,2,1,2,1,0,2,1
"45363",1,5,2,7,5,7,1,1,1,4,3,6,0,2,0,1,2,2,5,1,2,5,3,6
"45654",2,3,2,4,2,3,1,2,2,2,2,3,0,4,0,4,2,0,0,7,1,5,2,1
"47901",0,0,2,4,1,7,1,1,1,0,3,2,2,1,0,3,4,1,2,4,1,6,1,5
"499235",6,5,2,1,7,0,4,2,3,2,1,2,3,2,1,1,0,0,0,0,2,1,5,3
"512749",2,4,6,7,3,2,2,1,6,4,2,3,6,1,4,1,3,2,6,1,0,3,4,3
"538220",0,7,1,3,3,3,1,1,1,2,0,0,1,4,3,0,1,0,2,0,1,3,2,7
"552509",3,0,1,2,7,2,0,0,0,0,0,1,0,0,0,0,0,0,0,0,0,0,0,0
"558415",0,0,2,0,0,0,1,7,1,1,3,4,0,2,0,0,1,0,5,1,1,3,5,3
"573591",6,6,2,3,7,0,0,1,1,1,1,1,0,3,1,0,4,3,5,0,0,2,0,0
"646",0,7,0,1,0,1,4,2,4,0,1,1,0,1,0,2,0,0,1,0,0,0,0,0
"65123",1,1,4,3,2,7,4,3,0,0,1,2,0,0,0,0,1,0,1,2,0,4,0,0
"69655",7,2,3,3,7,4,1,6,3,1,1,2,0,0,1,0,0,2,0,1,2,1,1,2
"710648",2,7,3,4,3,3,3,6,0,3,1,2,3,2,5,1,1,1,4,1,3,1,0,3
"74969",5,3,3,4,4,4,0,1,7,7,0,5,1,0,2,4,4,4,1,2,0,4,1,0
"753085",3,1,1,0,2,4,5,4,0,3,0,1,0,0,0,2,0,7,0,1,1,1,4,0
"754067",2,0,3,1,1,1,1,2,7,1,3,0,0,2,3,1,0,1,1,1,0,3,0,1
"754070",3,6,0,2,7,2,0,1,1,0,0,1,2,4,2,1,0,3,4,3,2,0,0,2
"783",1,2,0,0,4,0,1,7,0,3,1,0,1,1,0,1,5,0,1,1,1,0,1,0
"81459",3,3,3,5,0,7,3,4,3,2,0,4,0,1,1,3,2,1,4,3,2,1,4,3
"830",4,3,3,3,6,1,1,2,7,3,3,4,4,1,2,5,2,1,4,5,2,2,4,1
"948071",7,1,0,1,2,4,2,0,2,1,0,0,1,0,0,2,1,1,0,0,0,3,0,0
"97393",2,0,1,0,0,7,0,1,0,1,2,5,2,2,2,2,1,2,0,1,0,2,2,2
"984991",4,3,1,3,1,2,0,2,1,1,0,2,1,3,2,0,6,2,4,0,0,7,3,2
"998086",7,0,2,1,0,1,1,1,0,1,2,1,1,0,2,1,2,2,0,0,0,2,0,2
"1034114",6,1,4,5,1,1,3,2,4,1,5,2,0,4,1,0,0,1,1,1,1,5,1,5
"10492",0,3,2,2,6,0,5,1,1,0,1,0,2,0,0,1,5,0,6,0,0,0,3,1
"10497",6,4,0,2,1,4,2,6,0,1,2,1,3,3,0,4,3,3,2,0,1,0,3,6
"108015",4,6,3,4,0,2,2,0,1,3,2,4,3,4,1,3,3,4,1,5,1,2,1,3
"1089111",0,2,0,2,1,3,0,0,3,1,0,0,0,2,6,1,2,3,0,1,0,0,0,2
"1109716",5,0,5,4,4,2,3,3,0,3,2,3,2,4,1,1,1,1,0,1,3,6,2,0
"1146873",1,6,2,4,2,2,1,1,1,1,0,2,2,1,2,3,2,1,0,3,2,0,0,0
"1198451",3,6,0,2,1,0,1,1,2,0,5,1,1,2,1,3,2,4,1,4,3,4,6,1
"120576",5,6,4,4,6,2,2,3,4,5,2,4,4,3,0,6,2,1,4,1,3,0,3,1
"1211641",4,1,0,3,6,6,1,4,1,4,3,3,2,0,4,4,5,2,5,2,3,4,1,4
"1233460",4,0,4,1,4,2,5,2,3,4,4,4,4,6,1,1,0,1,6,1,1,1,2,3
"1235850",1,1,5,1,1,2,0,1,1,5,6,2,5,0,3,0,6,3,1,2,3,4,3,4
"130310",5,2,6,1,1,6,1,1,1,1,0,2,3,0,3,0,4,0,2,1,1,0,1,2
"130369",3,0,1,1,2,6,5,3,1,3,1,3,1,1,2,0,1,4,4,2,3,3,1,0
"1340709",0,3,0,0,0,0,1,2,3,1,3,1,1,0,0,2,3,3,1,1,2,0,6,1
"142",2,4,3,2,0,3,0,2,0,0,2,0,0,0,1,0,5,1,2,1,0,6,0,1
"142649",5,0,2,4,3,4,5,6,1,3,0,4,1,3,0,1,5,5,2,1,2,1,4,5
"142651",3,5,0,2,4,6,2,0,1,1,4,2,1,1,1,2,2,0,2,1,0,1,1,1
"1433513",4,6,3,1,3,5,5,3,1,3,5,4,3,1,0,2,3,1,0,3,2,2,1,4
"1463811",1,1,4,1,1,6,1,2,1,1,0,5,1,2,0,3,0,1,3,0,1,4,2,0
"1501348",6,3,5,1,1,2,0,2,2,1,1,4,0,0,1,6,1,0,0,1,2,1,2,0
"1538",3,1,6,6,0,5,0,2,0,2,2,1,0,0,2,3,1,2,3,2,0,4,0,0
"158684",3,1,1,0,0,3,0,4,1,2,6,1,2,0,5,0,1,0,2,0,4,1,0,0
"1609546",3,2,1,4,0,6,0,2,0,1,0,1,0,1,0,0,2,0,0,0,0,2,0,2
"1623278",6,6,4,0,0,1,2,0,2,6,0,3,0,2,3,1,2,1,1,3,1,2,4,5
"1647472",2,5,1,2,0,0,0,1,0,3,4,2,1,1,6,2,1,1,0,0,2,4,0,1
"1649",1,0,1,1,1,0,1,0,1,0,1,4,0,0,0,0,0,0,0,0,0,6,0,0
"1663208",4,2,2,6,4,0,3,4,5,3,6,2,5,4,5,5,3,2,2,2,4,1,3,1
"1663210",2,6,2,0,0,1,1,0,0,1,0,0,0,0,0,0,0,0,1,0,0,2,0,2
"1701853",2,1,6,2,0,5,6,1,2,1,0,0,1,0,2,6,1,3,2,1,3,1,3,0
"1702238",5,3,1,0,4,4,3,4,2,1,5,2,3,0,2,1,1,1,2,0,0,3,1,6
"1827481",3,2,4,5,2,6,1,2,0,3,1,0,2,3,2,1,1,3,0,1,3,1,6,3
"1840267",5,0,2,2,4,1,3,2,4,3,2,0,0,1,6,0,1,3,5,1,5,2,5,2
"1848517",5,5,6,3,6,2,2,2,2,0,4,2,3,1,4,1,1,0,2,1,5,2,2,0
"1898060",0,0,0,0,0,0,0,0,0,0,1,0,0,0,1,0,0,0,0,0,0,0,6,0
"1904",2,3,1,1,1,4,1,0,1,0,6,1,2,1,2,0,0,2,1,1,1,1,0,2
"1914850",2,1,3,0,1,3,0,6,2,1,3,0,3,0,0,3,0,0,3,1,0,0,0,1
"1918540",3,6,2,0,3,4,0,1,0,1,2,5,2,5,6,4,3,1,2,1,0,0,3,2
"1918725",4,1,6,3,0,1,0,0,0,0,0,1,1,1,0,0,1,0,1,0,0,0,0,1
"1919083",0,1,3,1,2,0,2,0,1,0,2,2,0,3,0,4,6,0,3,1,1,0,1,0
"1920762",5,2,0,2,2,3,3,1,1,1,3,1,0,6,0,0,6,0,3,3,1,1,0,3
"1921526",1,2,3,0,3,0,1,6,0,0,1,3,1,0,2,1,0,0,3,1,3,0,0,3
"1929477",0,1,4,5,2,4,4,1,4,1,2,1,4,4,3,4,2,5,3,2,4,0,6,2
"1963026",1,2,6,3,0,2,0,2,0,1,0,3,0,2,1,2,3,0,5,1,0,0,2,0
"1970189",0,5,1,3,2,4,3,0,2,1,0,6,0,1,2,0,2,1,6,2,0,0,3,3
"1971488",3,6,0,4,5,4,1,3,0,1,5,5,1,0,1,0,1,2,2,0,0,5,0,4
"1972867",6,0,4,0,2,1,1,4,3,0,0,0,1,4,0,2,1,3,2,2,2,3,0,0
"1980948",5,1,3,6,1,1,1,1,4,0,4,0,0,6,3,2,0,1,5,2,1,0,1,0
"1982093",3,1,0,1,0,0,1,1,0,0,1,2,0,3,0,1,0,0,0,1,0,0,6,3
"1982363",0,2,1,0,2,0,6,1,0,1,2,3,0,0,2,1,1,1,0,2,1,2,0,0
"1982561",0,3,0,6,0,3,0,3,1,2,3,4,0,2,1,0,2,1,1,0,0,0,1,0
"1982570",2,4,1,1,3,1,1,2,1,5,2,1,1,0,6,1,1,1,0,6,0,0,0,0
"1983751",4,1,3,3,2,4,2,3,1,6,3,5,2,4,1,3,2,0,5,1,3,2,0,2
"1984784",1,2,2,3,1,3,0,4,3,0,1,2,1,3,3,3,6,2,3,2,0,4,0,3
"1985731",6,0,2,2,1,1,1,2,1,3,0,4,0,1,0,1,1,3,6,0,1,3,1,1
"1986021",0,1,3,2,0,1,2,2,1,0,2,1,1,0,6,1,3,0,0,0,1,0,0,2
"1993879",1,4,1,3,3,2,5,0,2,2,2,4,2,0,0,5,0,3,0,0,1,0,2,6
"2009331",0,0,0,0,3,4,1,0,0,0,2,6,0,1,0,0,0,1,2,1,0,5,1,0
"2041855",0,0,1,0,1,4,1,1,0,1,3,5,4,0,1,3,2,3,0,3,0,6,0,1
"2060617",6,6,1,1,4,5,2,6,4,6,2,1,1,2,1,2,1,2,3,0,4,5,5,2
"2105",0,6,1,0,4,1,0,2,0,1,1,3,1,2,1,1,0,0,3,1,2,2,1,2
"2109686",2,0,0,0,0,1,0,1,2,4,0,0,0,0,0,2,0,2,3,0,0,6,1,1
"2163605",0,2,0,3,2,0,1,0,1,1,6,1,1,2,1,1,3,4,0,5,0,2,2,2
"2169652",3,2,3,4,2,4,6,4,0,2,3,2,0,2,2,3,5,3,3,1,5,0,1,4
"2170173",1,0,2,0,0,6,1,1,0,0,0,3,1,1,0,2,3,0,1,0,1,0,1,4
"2171500",2,0,1,0,1,2,3,2,5,6,1,4,3,2,3,2,0,4,0,1,0,0,0,1
"2195",2,6,2,1,1,1,1,2,0,0,0,3,0,1,4,1,3,3,5,3,3,0,2,0
"2233998",1,4,3,6,6,3,2,0,0,1,0,1,2,2,5,1,1,1,0,6,0,2,5,2
"2250389",0,1,0,0,6,1,0,1,0,0,1,3,0,0,0,1,3,0,2,0,0,0,0,1
"225143",1,4,6,2,4,1,2,4,1,3,4,0,1,5,0,2,5,2,1,1,3,3,1,4
"2283289",1,1,2,6,4,2,0,0,1,3,0,0,1,2,2,4,1,1,0,1,0,1,2,2
"229545",4,3,2,6,4,4,2,5,2,0,2,3,1,0,2,2,1,3,2,2,1,2,0,2
"2302",6,0,0,3,0,3,0,2,0,0,1,3,1,0,1,0,0,2,0,0,0,5,4,0
"233067",1,3,0,0,0,1,0,2,2,0,1,0,1,0,2,0,1,2,2,6,0,0,0,0
"2338395",1,6,0,1,4,0,1,1,2,0,1,2,0,0,0,1,0,1,0,2,1,0,0,0
"234831",4,1,6,4,4,1,0,3,4,0,2,6,2,4,1,0,4,4,3,3,0,1,1,1
"2382163",6,4,3,2,6,3,1,4,0,1,5,2,2,4,0,3,2,0,4,0,0,4,0,0
"2419609",5,1,5,6,2,4,0,2,1,1,1,2,2,1,0,1,1,0,5,0,1,2,3,0
"2419610",2,1,0,2,6,0,2,0,0,2,0,2,0,0,0,0,1,0,2,1,1,1,0,3
"2419630",3,0,6,3,0,0,5,0,4,4,2,4,3,3,0,0,1,1,1,0,1,2,1,4
"2510522",4,4,4,2,1,4,0,3,2,2,0,5,5,6,1,1,2,2,4,1,1,1,1,4
"251542",0,5,1,4,1,1,0,1,0,1,0,1,1,6,2,0,4,0,0,1,0,0,1,2
"2560086",0,1,0,2,1,3,0,1,0,1,0,6,0,0,0,1,0,0,5,0,2,2,0,0
"2560134",2,2,0,0,2,1,0,1,1,1,1,0,1,1,2,0,1,1,6,2,2,1,3,0
"2560202",6,1,0,0,0,0,0,1,0,0,0,0,0,0,2,0,0,0,0,0,2,0,0,0
"2560297",5,1,1,0,1,1,1,5,2,0,0,0,0,0,1,1,2,1,1,0,1,1,6,1
"2560300",5,3,3,6,4,1,5,3,2,2,2,1,4,3,6,1,1,0,2,2,0,1,1,6
"2560434",2,1,1,4,1,0,1,2,0,1,6,3,0,2,1,0,1,1,1,1,1,1,2,0
"2560501",4,3,4,2,5,3,2,5,1,1,1,0,3,0,6,3,0,3,4,6,1,3,2,0
"2560511",3,0,6,0,1,5,4,1,1,6,1,1,1,1,2,1,0,1,1,2,0,1,1,2
"2560593",1,2,1,2,0,2,0,5,1,1,0,4,0,0,0,1,0,0,6,0,1,2,0,0
"2560657",6,0,0,3,1,1,0,1,2,0,2,0,0,0,0,0,0,2,1,1,0,2,3,1
"2560689",5,3,1,2,2,1,0,6,1,2,0,2,2,1,1,1,2,2,1,0,0,5,0,2
"2560703",0,6,2,0,0,0,0,3,1,0,2,0,0,1,0,0,0,0,0,1,0,0,0,0
"2560706",3,4,4,3,6,1,0,1,5,0,0,3,0,0,0,1,2,1,1,0,3,1,0,1
"2560719",0,3,2,1,1,2,0,2,0,2,6,1,1,2,0,1,2,4,1,1,1,2,2,0
"2560789",6,1,3,0,0,0,0,0,0,0,0,3,0,0,0,0,0,0,1,0,0,0,0,0
"2560790",6,0,2,0,0,5,1,6,0,0,1,1,1,1,2,0,2,0,1,0,0,0,2,1
"2563664",2,2,3,2,3,1,0,1,1,1,6,3,2,0,2,4,2,1,1,1,0,5,2,4
"2563668",6,3,1,3,1,6,1,2,3,2,0,3,3,1,3,4,4,3,0,3,4,4,2,5
"2563669",2,0,2,6,1,5,2,6,1,1,2,4,2,5,3,2,1,4,3,2,4,1,2,0
"2582830",0,0,6,0,0,1,0,0,0,0,0,0,0,1,1,1,0,0,0,0,1,1,0,0
"2583589",0,0,0,0,3,6,1,0,0,1,0,0,0,0,0,0,1,0,0,0,0,1,0,0
"2591121",0,0,0,0,2,0,0,0,0,0,0,0,0,0,0,0,0,4,2,0,0,6,2,2
"2591189",2,2,0,3,2,4,3,6,3,1,3,4,0,6,5,5,3,3,0,4,1,0,5,2
"2596714",2,0,1,0,0,2,0,1,2,3,0,0,0,0,1,0,3,1,0,2,0,1,0,6
"2598457",4,5,1,1,6,6,2,1,1,3,2,1,2,1,0,6,3,3,2,2,0,3,1,2
"2606912",6,4,1,0,0,1,3,0,1,1,1,4,2,2,3,0,1,0,2,2,1,1,5,0
"2607407",0,6,1,1,1,3,1,1,1,2,1,1,1,1,1,0,0,2,2,1,1,0,2,2
"2608254",2,0,6,1,0,2,0,2,0,2,0,0,0,1,1,1,1,2,3,0,0,0,1,3
"2656530",0,5,3,2,1,1,1,3,3,1,1,1,0,0,0,4,2,5,3,5,1,6,1,1
"2663019",2,3,0,3,5,3,3,1,1,2,0,6,3,1,1,1,0,3,0,0,0,1,0,0
"2675101",4,0,6,0,6,0,2,4,0,0,0,1,1,2,2,0,2,0,1,0,1,1,1,2
"2675774",6,4,4,1,4,2,2,3,3,5,2,0,2,0,1,0,2,0,2,1,3,2,0,1
"2675781",1,4,1,6,4,3,1,6,2,4,0,3,1,4,3,0,2,1,3,2,0,5,0,3
"2675783",3,4,4,2,3,2,0,1,1,0,2,0,1,0,0,1,0,0,2,2,0,6,1,2
"2675785",6,0,5,0,0,4,5,2,0,1,4,4,0,3,2,2,0,0,3,0,2,1,1,3
"2675790",3,4,6,4,1,3,5,4,5,1,0,1,1,3,3,0,1,2,1,6,2,5,1,0
"2682455",4,5,5,2,5,4,2,5,3,4,1,2,0,2,1,0,1,2,1,2,1,5,6,2
"2683822",3,1,2,2,1,1,3,4,1,0,1,1,0,3,0,1,1,5,4,2,0,3,6,0
"2686098",0,0,0,2,0,0,1,1,0,0,0,6,1,0,0,2,0,0,1,1,0,1,1,0
"2697370",1,6,2,3,0,0,2,1,1,3,0,2,1,0,0,5,2,2,0,1,2,2,2,0
"2711179",1,1,0,2,1,6,2,1,0,2,2,0,2,1,0,0,1,2,1,0,2,0,1,0
"2712957",1,0,6,1,1,0,1,6,0,1,0,2,0,0,1,0,1,2,1,0,1,0,0,1
"271881",0,2,0,4,4,6,1,3,2,4,2,5,2,4,6,4,1,0,2,1,1,3,1,1
"272136",0,0,0,3,0,6,1,0,6,0,1,0,0,3,3,0,1,0,2,0,1,0,1,0
"2725684",5,1,0,6,4,1,1,3,3,3,2,1,0,2,1,2,5,2,3,0,2,1,0,4
"273135",6,4,4,0,2,4,2,2,2,6,0,5,1,0,3,2,2,0,0,0,2,4,1,3
"2731621",0,6,2,0,0,0,0,0,1,0,0,0,0,0,1,0,0,0,0,2,0,0,0,0
"2732693",2,4,5,0,0,2,2,3,0,0,2,2,1,0,1,4,6,3,0,3,2,2,2,3
"2733178",0,1,1,2,2,3,4,2,0,2,1,2,1,0,0,1,1,0,1,0,3,1,6,0
"2733200",6,1,0,0,0,0,0,2,1,3,0,2,0,0,3,1,1,0,0,0,0,0,5,2
"2733333",0,0,2,3,6,3,0,1,0,2,1,5,1,1,0,0,1,5,1,2,1,0,1,1
"2733591",6,3,5,2,6,1,1,5,4,0,1,3,0,3,3,0,2,0,3,0,3,0,0,0
"2733596",3,5,4,4,2,2,2,2,1,4,5,0,0,4,1,1,6,1,4,1,0,1,0,0
"2733941",1,1,3,1,1,4,3,3,0,1,3,6,0,3,1,0,2,5,1,3,5,4,3,3
"2733946",1,1,4,1,0,0,6,0,0,3,0,4,3,3,1,1,0,1,3,0,0,2,2,0
"2733955",0,0,0,0,0,0,1,0,0,0,0,0,1,0,0,1,0,0,0,0,0,6,0,0
"2734104",5,5,0,6,1,2,0,1,3,0,0,1,2,0,0,2,2,0,4,0,1,4,2,2
"2734108",0,2,0,0,0,0,1,0,0,1,1,0,0,0,0,0,0,1,1,0,1,0,0,6
"2734143",1,0,0,0,2,6,3,1,3,1,1,0,1,0,0,0,1,1,1,1,0,0,3,1
"2734187",0,6,0,0,0,1,0,0,2,0,1,0,0,0,0,0,0,0,2,0,0,1,0,0
"2734190",2,4,0,3,0,1,0,3,6,1,1,1,0,1,0,0,0,0,1,0,3,3,1,1
"2734203",6,0,2,1,0,0,1,1,0,0,0,2,1,0,0,0,0,0,1,0,0,0,0,0
"2734218",0,4,6,6,2,0,0,3,4,2,0,2,4,3,2,2,1,0,3,0,2,3,1,4
"2734225",1,0,0,6,0,1,0,0,2,1,0,0,3,0,0,0,0,0,2,2,0,2,0,0
"2734227",0,3,0,1,1,2,0,6,1,1,2,2,2,2,1,2,0,3,6,1,0,1,1,3
"2734255",0,2,3,1,0,2,2,1,3,3,0,3,1,0,3,0,0,0,1,2,2,0,6,0
"2734259",0,2,0,2,1,3,2,0,0,1,3,1,0,4,0,6,0,0,2,1,0,1,0,4
"2734290",1,6,2,0,0,3,0,0,0,1,0,1,2,0,0,1,0,2,0,1,1,0,0,4
"2734333",4,3,5,0,0,6,0,0,1,0,1,1,2,1,4,0,2,3,2,0,3,1,0,2
"2739834",2,3,6,1,3,3,1,0,4,1,4,2,0,3,6,0,2,1,5,0,1,1,3,1
"2740297",2,1,0,1,0,6,0,0,1,1,0,2,1,0,1,0,0,1,0,0,0,0,1,0
"2742641",2,6,2,3,5,1,0,2,2,1,0,4,0,3,0,3,1,1,1,1,1,3,2,1
"2742653",4,2,3,3,1,1,0,1,1,1,0,2,1,0,0,0,0,1,0,0,3,1,6,1
"2742673",2,2,3,6,2,6,1,3,4,2,2,0,1,0,0,2,0,0,1,3,1,2,2,0
"2742675",3,6,0,1,2,1,2,2,0,1,0,4,1,4,3,5,2,4,2,0,1,3,2,1
"2742677",1,3,0,3,1,2,1,4,5,2,1,3,0,0,1,5,0,0,2,4,1,0,6,2
"2743404",4,5,3,1,0,6,2,2,0,4,2,3,2,3,2,3,3,3,0,1,0,3,1,4
"2746072",2,3,6,3,2,1,4,3,2,6,4,3,2,3,3,0,6,3,1,1,2,2,6,2
"2749809",3,1,4,3,6,3,1,3,1,2,1,0,2,0,1,1,2,2,6,2,2,1,2,1
"2759662",2,2,1,1,2,0,5,0,0,4,4,3,0,6,1,4,1,0,2,1,1,3,1,5
"2762329",4,2,1,1,5,6,0,1,2,0,2,0,0,0,0,2,2,2,0,0,2,0,0,0
"2762398",6,1,5,0,4,3,6,6,1,1,3,3,1,5,1,2,4,2,4,0,5,3,1,1
"2762410",6,3,4,3,1,0,5,1,3,3,1,6,4,3,3,4,1,3,0,3,3,3,3,0
"2767877",0,6,3,4,3,2,3,2,2,0,5,2,6,2,0,0,1,3,2,3,1,0,3,2
"2771471",0,6,4,1,4,1,0,1,0,0,1,2,0,0,1,0,2,0,2,3,0,2,0,2
"2772432",2,4,5,2,2,1,2,3,3,6,3,1,3,2,0,2,5,0,2,3,2,3,4,3
"2782653",0,3,1,0,0,3,2,1,1,1,0,1,1,4,2,3,1,1,0,0,6,1,0,0
"2785913",6,6,1,2,4,5,5,2,1,1,2,3,3,3,4,0,2,3,3,3,2,5,3,4
"279383",5,6,3,5,3,4,3,5,2,4,5,2,3,2,1,5,5,5,5,2,3,5,3,0
"2796140",4,5,0,1,0,3,0,5,4,6,1,4,2,3,1,0,0,4,0,3,5,2,2,3
"2796141",6,0,1,3,4,2,1,0,0,1,0,0,1,1,3,0,2,1,1,2,1,6,1,0
"2816911",1,0,0,6,0,0,0,0,0,0,0,0,0,0,0,0,2,0,0,0,0,0,0,0
"2819619",4,6,3,3,0,1,2,3,1,1,0,2,2,3,1,3,1,3,1,0,0,2,1,2
"28228",5,2,1,1,1,6,1,3,0,2,0,4,0,0,0,0,2,2,2,1,0,1,2,6
"2836009",2,3,2,2,3,0,2,1,2,6,0,0,0,3,0,1,2,5,3,2,1,2,2,4
"2842458",2,0,1,0,6,0,0,0,0,0,0,0,1,0,0,0,0,0,0,0,3,1,0,0
"2842653",5,1,6,3,4,1,0,0,0,0,1,0,0,2,0,1,4,1,5,1,1,3,0,0
"2843347",2,0,0,0,3,0,1,0,1,0,1,0,0,0,0,0,0,1,6,1,0,0,0,1
"2843400",3,3,4,3,0,1,0,6,1,0,2,2,1,0,1,1,0,0,4,0,0,0,0,0
"2843896",6,2,4,2,4,2,1,3,2,0,1,4,1,1,4,4,4,1,2,1,0,0,2,3
"2844016",2,0,1,6,3,0,2,3,0,1,2,0,1,2,3,0,0,0,1,0,0,0,3,6
"2845587",2,2,6,3,2,2,3,5,3,0,1,4,0,1,1,3,5,0,1,2,2,6,1,2
"2845596",0,1,1,1,6,0,1,1,2,0,2,1,0,4,0,0,0,0,6,0,0,1,0,1
"2845758",1,0,6,1,1,0,0,0,2,3,1,1,1,3,1,0,0,1,1,1,0,0,0,3
"2846039",1,2,1,6,1,0,3,2,2,0,1,2,1,1,1,0,0,1,1,0,0,0,0,0
"2846185",3,6,0,4,4,5,3,1,0,1,2,2,1,3,4,0,2,4,0,0,2,2,0,4
"2846388",2,1,0,2,1,1,2,1,0,5,0,0,0,6,0,1,3,0,2,0,1,0,0,0
"2846689",1,0,1,0,0,0,1,1,1,0,0,4,0,0,2,0,3,1,0,1,4,0,0,6
"2848881",2,1,0,1,6,3,6,1,1,0,3,3,1,2,2,1,1,0,0,4,4,1,2,3
"2859476",2,6,3,2,2,4,3,4,3,6,4,2,2,2,1,3,3,5,3,1,1,3,3,3
"2859634",1,4,2,2,3,0,3,0,4,0,1,1,4,1,1,1,0,0,2,2,1,2,2,6
"2859658",6,1,0,1,1,1,2,1,2,0,0,1,1,2,1,2,2,1,0,0,2,3,1,1
"2863583",6,6,0,2,1,4,1,2,3,3,0,1,4,1,1,3,0,1,4,4,0,0,4,1
"288",0,6,3,2,2,3,1,1,2,2,2,4,2,2,1,0,1,1,3,3,1,2,3,4
"2883107",1,2,1,2,0,1,0,6,2,3,0,1,0,1,0,0,3,1,2,2,0,1,0,1
"2885152",0,2,1,0,6,0,0,2,1,1,0,0,1,2,1,0,2,0,1,0,1,3,1,3
"2885974",3,1,4,6,2,3,2,3,1,1,0,2,3,3,3,2,2,3,3,0,2,2,3,2
"289201",3,5,4,3,4,1,3,4,4,4,0,3,2,4,5,1,2,3,3,2,6,2,2,2
"2909581",5,4,0,1,0,1,2,1,1,5,3,6,2,4,1,4,2,4,3,1,3,5,5,1
"2912654",2,6,2,5,2,0,3,2,2,3,2,2,3,4,5,5,4,2,2,2,1,4,3,5
"2925837",2,6,3,2,3,1,1,1,2,4,1,2,0,0,1,2,0,0,4,1,1,1,1,0
"2926475",3,0,2,5,6,3,3,2,1,1,4,0,0,1,1,1,1,3,0,1,2,2,3,3
"2927283",1,1,0,0,2,0,0,0,0,0,0,3,1,0,0,0,6,0,1,0,0,2,0,0
"2932867",0,2,3,0,1,4,0,1,1,3,0,5,2,1,0,4,1,4,6,1,2,2,0,2
"2944392",2,1,0,3,2,0,1,0,3,0,0,0,1,2,2,4,0,0,4,1,6,0,2,0
"294702",4,5,3,6,1,4,2,0,2,3,4,1,2,2,3,4,5,3,5,1,0,0,5,1
"2948808",2,5,4,0,1,6,1,1,1,0,1,1,2,1,1,0,5,0,2,0,0,0,0,1
"2948873",2,2,6,5,3,4,3,6,3,4,2,3,1,0,3,2,2,0,3,3,1,1,3,2
"2948935",2,2,0,4,5,1,3,5,2,2,5,1,1,4,6,1,4,5,0,5,0,2,1,2
"2951104",6,3,3,3,1,0,3,3,1,4,2,1,1,0,3,1,1,1,0,1,1,3,1,0
"2954016",6,2,0,4,1,0,0,0,0,0,0,1,1,0,0,2,1,0,1,2,0,3,0,0
"2955237",0,2,4,0,1,1,2,1,1,2,0,0,0,1,1,0,0,0,2,0,6,3,0,0
"2955240",0,6,0,0,1,0,0,0,1,2,0,0,1,0,0,0,0,2,1,0,1,1,0,0
"2955353",4,5,5,3,3,4,6,3,3,6,4,0,3,1,4,4,3,3,2,1,2,3,3,1
"2955363",6,4,6,1,4,1,3,3,1,2,1,1,4,0,0,0,2,1,3,2,0,2,0,2
"2955374",3,0,0,1,3,0,2,0,1,2,1,1,1,0,1,1,5,6,5,1,0,1,0,0
"2955380",6,0,0,2,0,0,0,4,1,0,0,0,0,0,0,0,0,2,0,0,0,0,0,0
"2955390",6,1,1,0,1,1,1,1,0,0,1,0,2,0,0,1,4,1,2,1,1,1,1,1
"2955537",1,1,1,0,2,1,0,6,2,0,1,4,0,0,5,3,1,1,1,2,0,0,0,2
"2955546",1,0,3,0,0,0,1,6,2,0,0,3,0,1,0,1,3,0,0,3,1,1,0,0
"2955701",0,0,2,0,0,0,2,0,1,2,0,0,1,0,2,0,1,0,6,1,1,0,0,0
"2955719",1,0,0,0,0,6,0,0,2,0,0,0,0,0,1,0,0,0,0,0,1,0,0,0
"2955723",2,3,2,0,0,1,2,3,1,2,4,1,0,2,1,0,6,0,2,1,1,3,3,0
"2955904",0,2,2,2,6,0,1,1,2,0,0,0,0,0,2,1,0,0,0,0,0,1,0,0
"2955966",6,2,3,4,6,2,4,1,0,0,3,4,5,2,5,3,1,2,0,4,0,0,0,4
"2955968",5,2,6,1,3,1,1,1,2,1,1,2,0,0,4,2,3,2,2,3,1,0,5,1
"2955976",1,1,0,0,0,4,0,6,0,1,1,1,0,0,0,3,0,1,2,0,0,0,0,1
"2956044",0,5,1,1,5,4,0,2,0,5,3,5,2,6,5,1,0,2,3,2,6,2,2,2
"2956055",1,3,4,1,1,1,1,1,2,4,3,6,1,1,6,0,0,6,3,4,4,1,2,3
"2956084",6,1,4,0,6,6,4,2,3,1,3,4,6,2,5,0,5,4,1,3,0,5,1,0
"2956091",1,0,2,4,0,1,2,1,0,0,1,6,1,0,0,0,0,1,0,0,0,0,0,0
"2956095",6,3,4,1,3,4,3,4,2,2,5,0,4,2,1,6,5,5,0,4,1,6,0,2
"2956134",1,4,3,0,2,0,0,4,1,6,2,3,3,0,1,2,1,1,3,0,1,1,1,0
"2956136",2,3,3,1,0,2,6,5,2,1,0,3,0,2,2,2,3,1,1,2,0,1,2,1
"2956235",4,6,6,3,4,0,1,6,1,2,3,4,4,2,2,2,2,1,2,5,3,5,6,0
"2956238",2,2,6,4,2,4,2,2,1,5,0,0,0,4,3,5,2,1,1,0,2,1,5,2
"2956341",6,1,1,4,0,2,1,2,2,1,0,1,0,2,1,1,2,2,0,1,0,2,2,1
"2956365",2,0,0,1,4,6,0,0,2,1,0,0,1,0,0,0,0,0,1,0,1,2,0,0
"2956367",0,2,3,2,2,5,3,4,1,2,2,0,4,1,1,2,0,1,0,0,2,1,6,0
"2956382",2,3,2,1,6,3,2,3,0,0,1,1,0,4,3,0,2,1,4,3,2,4,0,1
"2956433",0,6,3,1,0,2,2,1,4,2,0,0,0,3,1,2,1,1,0,0,0,1,2,0
"2956543",3,4,1,3,1,5,2,6,1,1,2,3,0,1,5,6,3,4,1,1,3,3,1,4
"2956662",3,2,1,3,0,1,0,3,1,6,4,0,2,0,1,2,0,0,0,0,1,1,6,3
"2956689",1,2,5,1,4,1,1,3,3,2,2,1,2,2,1,5,2,1,0,2,3,1,5,6
"2956697",0,0,2,1,1,1,0,0,1,0,2,6,0,3,0,0,0,0,2,1,1,2,3,1
"2956706",3,2,0,3,2,6,5,1,2,0,3,6,2,3,1,3,1,3,1,1,2,3,2,4
"2975532",2,3,1,2,1,4,0,4,2,1,1,6,0,2,0,1,2,0,2,0,3,2,4,0
"2992719",0,0,2,2,3,1,1,2,0,1,4,0,0,2,0,2,0,1,0,1,0,6,2,0
"3025755",3,0,4,3,4,3,0,2,2,0,2,1,2,4,2,1,6,3,0,1,1,3,1,5
"3047754",2,6,0,0,0,2,0,1,0,0,0,0,1,0,1,0,1,0,2,0,0,0,0,0
"3048197",0,0,0,1,0,0,0,3,0,0,0,0,0,0,0,0,0,0,0,0,0,2,0,6
"3048237",4,0,0,2,2,6,0,0,0,1,0,0,0,0,1,0,1,0,0,1,2,1,0,0
"3048240",1,0,1,2,1,6,1,0,0,0,0,1,2,1,0,1,0,0,0,0,0,0,0,0
"3050301",1,2,0,2,1,2,5,1,1,1,2,2,0,2,1,0,0,2,1,6,1,0,3,1
"3050302",0,4,3,6,1,1,2,5,1,0,4,0,2,4,0,3,0,0,0,0,2,5,1,0
"3050311",5,3,1,1,3,1,0,1,6,2,0,2,2,2,3,1,4,0,0,2,0,1,1,0
"3050319",0,2,6,6,1,0,1,3,0,4,1,0,2,0,1,3,1,3,2,2,1,3,1,0
"3050321",4,0,6,1,3,2,0,6,2,6,0,1,1,6,0,4,1,2,3,5,3,0,4,5
"3050356",2,0,1,1,2,0,3,0,1,0,6,1,0,3,1,0,2,2,1,0,1,0,0,0
"3051122",5,1,3,0,3,6,0,3,1,0,0,3,0,3,0,0,2,0,1,0,0,3,0,0
"3052245",3,1,0,2,1,6,0,6,2,1,2,4,0,4,3,2,5,1,3,5,3,0,2,1
"3059992",1,2,6,0,6,4,1,2,3,0,2,4,4,2,1,0,6,0,3,1,2,2,1,4
"310769",1,3,3,1,4,4,4,0,3,5,6,2,4,6,2,3,5,6,1,6,3,1,6,3
"33040",1,3,2,2,1,6,0,3,3,4,3,0,1,2,0,1,2,1,0,2,2,0,0,0
"340071",6,0,1,0,2,3,1,6,2,0,0,0,2,0,1,0,1,0,0,2,0,5,0,0
"35789",4,6,3,0,4,4,0,2,0,3,1,4,0,1,1,0,2,0,4,2,0,4,1,2
"35791",1,3,2,0,3,6,1,1,2,3,0,1,0,5,0,0,5,0,2,2,2,1,1,2
"35792",2,0,0,0,0,2,1,0,1,2,0,1,0,0,0,0,3,2,0,0,0,2,0,6
"36363",6,2,1,0,0,0,0,1,0,0,0,0,0,0,0,1,0,0,0,0,0,0,0,2
"43687",3,2,1,6,0,2,0,1,0,1,0,1,2,4,1,3,4,2,0,0,1,2,2,0
"526525",3,5,2,1,1,3,3,2,3,2,1,4,1,2,2,0,6,0,4,3,0,0,3,2
"536079",1,3,0,0,1,3,0,0,0,1,6,0,2,3,1,1,0,1,2,0,1,1,5,2
"54258",1,5,1,1,1,6,2,4,4,0,4,0,3,2,3,5,1,2,1,4,2,0,0,0
"545123",3,1,1,2,4,2,0,6,5,0,1,2,1,1,0,0,1,1,1,0,0,0,3,0
"545908",6,0,1,1,0,0,2,0,1,0,2,0,0,1,2,1,4,0,2,1,1,0,2,2
"561996",2,2,6,6,1,2,6,2,4,4,1,2,5,1,4,2,1,1,2,0,2,1,2,4
"57372",1,1,2,0,1,5,4,2,2,0,2,4,0,2,1,3,0,1,2,5,2,4,6,2
"59310",0,5,6,1,2,1,1,5,0,0,0,0,0,2,0,2,1,1,2,2,0,0,2,0
"624134",0,0,0,2,2,1,1,0,3,0,0,0,1,0,0,1,0,2,0,1,1,0,6,0
"648800",2,0,5,0,0,6,1,0,1,2,0,1,0,1,0,3,3,0,4,0,0,4,2,1
"64897",2,0,6,1,1,3,1,0,0,1,1,3,1,1,0,1,0,0,1,0,0,0,0,5
"678",0,1,0,2,0,6,0,1,0,1,3,1,0,0,2,0,0,0,0,1,0,1,1,0
"683292",6,1,2,3,0,4,1,4,2,2,3,2,2,1,0,0,3,3,0,2,1,2,1,2
"71253",2,1,3,6,1,1,2,0,1,5,5,2,1,2,2,2,1,1,4,2,2,0,4,0
"745410",4,3,2,6,5,5,3,2,3,3,1,1,4,1,2,1,3,2,2,1,3,1,2,1
"747763",2,4,6,0,2,1,5,2,1,0,2,0,1,3,1,2,0,0,5,1,2,1,2,1
"755272",4,3,2,0,0,0,0,0,2,0,2,0,4,1,0,3,6,0,1,0,0,3,0,0
"84023",2,4,2,6,1,4,0,1,0,0,1,1,2,4,4,0,2,3,3,4,2,2,2,1
"84025",0,0,3,4,2,0,2,0,1,1,4,0,2,6,3,0,1,1,2,1,3,5,0,0
"94138",4,3,4,0,6,2,1,1,1,2,0,5,0,0,1,0,0,3,2,0,0,2,0,2
"100177",0,3,0,1,0,2,0,1,2,1,1,5,3,5,0,0,1,1,1,2,1,3,0,1
"100217",0,1,2,1,2,5,0,3,1,0,1,0,3,0,0,1,2,0,1,1,0,0,1,0
"1034111",1,3,0,3,1,0,0,1,1,0,0,2,3,0,0,1,0,0,1,1,1,5,0,0
"106578",4,1,1,2,0,1,1,0,0,1,0,0,3,0,2,0,2,1,1,0,2,1,0,5
"10708",5,0,0,0,0,0,1,3,1,0,0,0,1,1,1,0,3,0,0,0,0,0,0,0
"10724",0,0,0,0,0,0,0,0,0,0,0,5,0,0,0,0,0,0,0,0,0,0,0,0
"108080",2,2,2,4,3,2,4,4,3,1,0,3,1,3,3,1,2,3,5,3,1,0,2,5
"1097754",0,1,0,1,0,2,0,5,1,1,1,0,1,1,0,0,2,0,1,0,1,0,0,0
"1146877",0,1,1,0,0,0,0,2,5,0,4,2,0,3,0,0,0,3,0,1,0,3,0,0
"1157947",1,1,3,1,2,3,2,2,5,0,0,1,4,2,1,0,0,1,1,1,5,1,2,3
"116598",1,2,2,3,3,3,3,1,1,3,0,0,0,2,1,1,0,1,0,2,1,5,1,0
"1170710",1,2,2,2,3,2,3,0,0,5,0,0,0,1,2,0,0,1,4,0,1,2,0,0
"1179664",1,2,0,5,0,1,1,0,0,0,0,1,0,0,0,0,2,0,1,2,0,0,0,1
"1183239",1,0,2,3,5,2,0,1,0,1,1,0,0,0,0,2,0,1,0,0,2,2,0,2
"1211642",3,5,0,0,0,3,4,0,1,4,2,4,2,3,0,5,3,3,3,4,3,5,4,2
"1211644",4,5,3,0,4,5,2,1,1,4,1,2,4,1,0,0,3,3,5,1,1,0,3,2
"1240483",0,3,3,2,3,2,1,1,2,0,0,5,3,2,0,0,1,1,0,2,0,1,1,2
"1250400",0,0,1,2,1,1,3,1,2,1,3,0,5,2,1,1,0,0,0,0,2,0,1,0
"12643",1,0,3,3,2,1,0,0,0,1,1,3,2,1,2,0,2,3,5,1,0,1,3,2
"126740",3,4,1,1,1,4,3,5,1,2,2,2,1,1,0,1,2,3,3,3,2,0,0,3
"130308",3,3,2,1,5,1,2,0,0,2,3,3,0,0,1,0,3,3,3,3,3,0,5,0
"1327036",5,0,0,0,1,1,0,3,1,0,1,2,0,1,0,1,2,0,1,0,1,0,0,2
"1328881",0,1,0,2,0,5,0,1,3,2,1,0,0,0,1,0,1,0,0,1,0,0,0,0
"1330546",5,0,0,2,3,0,4,3,2,2,1,1,2,0,3,1,4,3,3,2,0,1,5,1
"1354510",4,0,5,2,0,1,1,5,0,0,3,3,1,0,0,1,0,0,0,1,0,5,1,0
"136241",3,0,1,5,2,4,2,2,0,2,1,4,0,0,0,0,1,0,2,2,1,1,0,4
"1381133",3,1,5,4,2,0,0,1,0,3,0,2,0,2,0,0,0,0,3,2,1,1,1,4
"1390132",0,5,0,5,1,0,0,0,0,5,2,2,1,1,1,0,5,3,0,1,0,0,1,0
"141391",2,5,0,3,3,0,1,3,1,2,0,2,0,1,1,0,3,1,2,3,0,0,2,2
"1434102",2,1,0,1,2,3,0,5,1,0,1,1,0,2,1,2,0,0,1,0,0,4,1,0
"1450761",2,0,5,1,3,2,3,1,3,2,0,1,0,4,0,1,1,0,2,2,1,0,2,2
"1468409",2,5,1,2,2,2,1,1,1,0,0,1,0,3,1,1,1,0,0,1,0,0,1,0
"1486473",1,5,0,0,0,0,1,0,1,0,2,0,0,2,1,0,0,0,0,0,0,1,1,0
"150055",1,5,2,3,4,4,1,3,4,1,3,4,2,1,1,3,3,1,3,4,0,4,4,3
"1545835",2,5,0,1,0,2,0,4,0,0,1,1,1,0,0,2,1,1,0,2,0,1,2,0
"155615",4,4,4,2,0,3,2,2,2,0,1,1,4,2,1,4,1,4,5,3,0,4,0,5
"1567473",3,1,4,4,1,0,0,3,0,3,5,1,0,3,1,3,1,5,1,0,2,2,0,2
"1610509",5,2,2,1,2,2,0,0,0,1,1,1,0,0,0,1,2,0,0,0,1,0,1,2
"1623283",4,2,1,3,2,4,0,2,3,0,0,4,0,5,4,2,4,3,1,2,3,4,1,2
"1623289",0,2,0,3,1,1,0,1,1,0,2,5,1,1,0,2,3,2,0,4,0,0,2,0
"1636182",2,4,0,1,1,0,0,4,1,1,1,1,0,2,0,5,0,1,2,0,0,0,1,2
"1647283",2,5,2,0,2,1,1,1,1,4,0,0,3,4,0,1,0,2,3,0,0,0,1,2
"1649459",0,0,5,0,0,1,0,1,0,1,0,0,0,1,0,0,0,0,1,0,0,0,0,0
"1660074",4,0,2,4,3,4,1,2,2,3,4,2,1,2,2,0,0,0,5,1,2,1,4,0
"1675029",0,0,0,2,0,1,0,0,0,0,0,5,0,0,0,2,1,0,2,1,0,0,0,2
"1718278",0,0,0,1,0,1,1,0,0,1,0,0,0,1,0,0,0,0,0,0,0,0,0,5
"1775248",3,3,3,0,4,3,0,5,1,0,2,3,0,0,1,2,0,2,0,1,2,2,2,0
"1777061",2,2,4,0,2,0,1,3,0,0,3,3,2,5,0,1,0,1,1,0,0,3,1,1
"1785960",1,1,0,1,0,5,0,1,0,2,0,5,1,1,0,0,1,0,1,0,0,0,0,2
"1798219",0,1,0,3,0,1,0,0,5,0,2,0,1,0,2,1,1,0,2,0,0,3,0,0
"1798221",4,2,0,1,0,2,0,0,2,0,1,2,2,0,1,5,0,2,1,0,0,0,0,0
"1806216",2,1,1,4,5,1,0,1,0,2,1,1,0,2,0,1,1,1,2,1,0,2,1,3
"181083",5,0,0,3,1,0,0,0,1,0,2,0,0,0,1,2,1,0,0,1,1,0,1,0
"1840257",1,3,0,2,0,1,0,5,0,1,1,3,0,0,2,0,1,3,4,3,2,5,1,2
"1853231",5,3,2,1,0,2,0,1,0,2,0,2,0,4,0,0,1,1,2,0,2,1,0,2
"186806",1,4,1,0,3,4,2,0,5,1,2,5,1,1,1,2,4,4,1,2,0,2,5,3
"186827",1,3,1,0,0,1,2,1,2,4,5,0,1,3,1,4,1,0,0,1,2,1,3,0
"1868655",4,0,0,0,1,0,2,3,0,0,1,1,0,1,2,0,5,0,3,0,0,0,1,1
"1883379",0,0,1,0,3,2,1,4,0,0,2,3,5,0,0,3,2,3,4,1,1,2,1,1
"1887643",5,5,0,0,0,0,2,1,0,1,0,2,0,1,2,0,2,3,0,3,5,0,1,3
"1903266",4,0,1,1,2,3,0,5,1,1,2,2,1,1,1,0,0,0,0,0,0,2,2,0
"1911929",5,1,0,2,0,2,1,3,0,2,0,1,0,0,3,1,0,0,0,1,0,0,0,0
"1913655",1,0,2,0,0,0,0,2,1,0,0,5,0,1,0,0,0,0,0,0,0,0,0,1
"1914851",0,0,0,1,1,0,0,0,1,3,3,5,0,0,0,0,0,1,0,1,2,0,0,0
"1915205",0,5,0,0,0,0,0,0,1,0,0,1,0,0,0,0,0,0,1,0,0,2,0,0
"1920860",1,2,2,3,1,1,4,0,2,0,0,0,2,0,1,5,0,0,0,1,2,0,2,1
"1922327",0,1,1,3,1,1,5,1,3,1,0,1,0,2,0,1,2,0,1,1,3,0,2,0
"1922705",3,0,0,4,2,0,0,5,0,0,0,3,0,0,0,0,0,0,0,0,0,0,0,0
"1923351",0,5,0,0,0,2,0,0,0,0,0,0,0,0,0,0,0,1,0,1,0,0,1,0
"1925780",0,2,0,1,1,0,2,0,0,2,1,2,0,0,4,1,1,1,2,2,1,0,5,0
"1940319",1,3,1,0,0,2,0,5,0,1,0,0,0,0,0,0,1,0,1,0,0,0,0,0
"1941347",5,1,2,1,2,5,1,1,1,4,1,4,1,1,0,1,2,1,0,0,2,3,3,0
"195950",1,0,1,0,1,2,1,1,1,0,0,1,0,1,1,0,1,1,1,0,5,0,2,1
"1960084",1,2,5,0,2,1,0,0,1,1,0,0,2,0,0,0,1,1,0,0,1,1,1,1
"1962299",1,3,2,0,2,2,2,2,1,5,2,4,4,2,1,1,4,0,5,4,4,0,0,3
"1971485",5,2,2,3,2,5,0,2,1,2,1,5,3,2,1,3,2,0,1,3,0,0,0,3
"1980956",2,0,0,0,1,0,0,1,0,2,1,1,1,2,0,0,0,0,5,0,1,0,1,1
"1982097",1,5,0,0,1,1,0,2,1,0,0,2,0,0,3,1,0,1,0,4,0,2,0,5
"1982107",2,2,3,4,3,1,1,5,3,2,2,0,2,2,2,3,3,0,2,0,2,1,1,2
"1982148",4,1,1,3,0,2,3,0,0,4,1,5,1,1,0,1,3,5,3,3,1,3,3,1
"1982228",0,2,1,5,0,1,1,0,0,0,1,0,0,1,1,0,0,0,1,2,3,1,0,1
"1982229",3,0,4,1,5,3,0,0,0,0,2,1,0,0,0,0,0,1,1,0,0,2,0,0
"1982251",2,0,1,1,2,2,0,2,1,4,2,1,4,4,5,2,2,0,1,2,4,0,4,0
"1982365",2,5,2,1,3,1,2,2,1,3,2,1,2,0,0,1,2,3,0,0,0,0,2,0
"1982375",1,0,1,0,0,5,0,0,0,0,1,0,1,0,0,3,0,1,0,0,0,0,0,0
"1982574",2,1,1,0,0,1,0,0,1,0,1,0,0,1,0,0,2,0,0,0,5,0,1,0
"1982750",0,1,1,0,2,0,0,0,5,1,0,0,0,1,0,0,0,2,0,1,2,5,0,2
"1982888",2,5,0,0,1,0,2,2,2,2,0,1,2,3,0,0,3,0,0,1,0,1,1,3
"1982891",0,5,0,3,1,1,0,0,1,1,1,1,3,2,1,0,1,4,1,0,4,1,1,3
"1982918",0,0,2,3,2,0,0,0,2,3,0,1,2,0,2,0,0,1,0,0,2,5,0,0
"1983742",3,2,1,1,0,2,3,2,0,1,1,0,1,0,5,4,4,0,0,5,3,1,2,2
"1984783",3,2,2,0,2,1,4,1,5,2,3,2,2,2,1,4,3,2,2,1,2,2,4,0
"1985733",0,1,1,1,0,1,0,3,3,0,5,0,3,0,2,2,0,2,2,1,1,0,0,0
"1985736",1,1,1,2,1,5,0,1,3,1,0,2,2,3,1,2,2,1,1,2,3,4,1,2
"1993630",2,1,1,5,0,0,2,1,0,0,1,2,0,1,0,0,1,0,2,0,0,0,0,0
"2006175",0,0,0,0,0,1,0,0,0,0,0,0,0,0,0,0,0,0,5,0,0,0,0,0
"2015370",1,0,4,2,0,2,2,0,3,1,0,0,1,3,2,1,1,4,0,5,0,1,2,0
"2022656",0,0,0,0,2,0,2,1,0,1,1,0,0,3,0,0,1,0,5,0,0,2,0,0
"2041859",0,4,2,0,0,1,0,0,0,0,1,2,0,0,0,0,0,0,0,0,5,0,0,0
"2057791",3,1,1,1,2,1,2,0,0,1,2,1,5,1,0,4,0,2,4,3,2,1,0,3
"205879",0,2,1,5,0,2,3,1,0,1,1,1,2,0,2,0,0,2,2,2,1,1,0,0
"2079397",0,1,0,2,0,0,0,0,0,1,1,0,0,0,0,5,2,0,0,1,0,0,2,0
"208215",0,1,3,0,0,3,0,0,0,2,0,5,0,0,0,1,3,0,0,1,0,0,1,0
"2082385",4,2,5,2,0,0,1,2,1,1,4,0,1,2,0,3,0,1,2,0,1,2,1,5
"2169536",3,2,2,1,0,1,5,2,1,2,1,1,1,1,1,2,0,1,3,3,1,0,4,0
"2169651",1,0,0,1,2,0,0,1,0,0,0,4,1,2,0,0,0,1,2,0,0,5,1,0
"2169686",3,2,1,0,0,3,0,0,5,1,1,0,2,0,0,0,3,1,0,1,0,0,2,2
"2169700",2,1,1,3,1,0,1,2,2,2,1,1,3,4,2,1,1,0,1,0,0,1,0,5
"2169731",0,1,3,1,2,3,4,0,1,0,3,0,3,1,0,3,4,1,3,1,2,1,5,0
"2169873",0,1,2,4,1,5,3,0,0,0,1,2,1,1,1,1,5,0,1,0,2,0,1,2
"2169910",1,2,5,2,0,4,2,1,1,0,5,0,2,0,2,1,1,0,3,1,3,1,1,3
"2169963",3,2,0,3,3,1,0,5,0,0,1,2,0,0,1,1,0,1,2,3,0,1,1,1
"2170002",2,3,1,0,3,4,3,3,5,1,1,1,0,0,4,1,1,2,3,1,1,1,3,3
"2170042",4,2,2,0,0,1,2,0,1,0,1,3,2,1,1,3,1,0,1,1,0,0,5,2
"2170204",0,0,5,0,0,0,0,0,0,0,0,1,0,0,0,0,0,0,0,0,0,0,0,0
"2182400",1,2,0,0,5,0,1,1,3,3,1,0,0,0,0,4,3,1,1,0,1,0,4,1
"2202225",5,1,0,5,4,0,1,0,2,2,0,0,1,4,0,0,2,2,2,0,1,1,2,1
"2218618",1,4,1,3,1,1,3,0,2,1,1,3,5,0,2,2,3,0,1,2,1,1,2,0
"2233",2,0,0,1,4,1,3,0,0,1,1,0,1,1,3,5,2,1,0,4,3,0,1,1
"2234092",0,1,1,0,1,0,0,0,0,0,0,0,1,0,0,1,5,0,0,0,0,2,0,0
"2250412",2,0,0,0,0,0,0,5,0,0,0,0,0,0,0,0,0,0,0,0,0,0,0,0
"2259647",2,1,3,3,2,1,4,4,3,0,2,1,0,1,1,5,3,0,1,3,1,3,1,1
"2260",0,5,0,3,5,1,0,1,2,0,0,0,3,0,0,1,0,0,0,1,0,4,2,0
"2303527",1,1,0,1,2,0,0,0,0,1,5,0,0,0,1,0,1,0,2,0,1,0,2,0
"2336",4,3,4,0,5,2,0,2,0,1,1,4,1,2,2,2,3,2,2,2,4,2,4,1
"233894",0,1,0,1,3,0,0,1,2,1,1,0,0,1,2,1,1,5,0,2,0,1,4,0
"2419964",2,3,3,2,0,1,3,0,3,0,1,2,4,0,1,0,1,4,5,0,1,2,0,1
"2425",0,3,0,4,5,0,0,1,1,1,1,2,0,3,1,0,0,0,1,1,0,1,1,1
"246861",0,3,4,1,2,0,5,5,1,0,1,1,1,1,0,2,5,1,1,0,4,1,3,5
"2500542",1,0,0,1,3,1,3,0,1,0,5,2,0,3,2,0,1,2,1,0,2,2,0,0
"255527",4,4,5,3,2,0,0,4,1,1,2,4,0,0,1,0,4,0,2,0,0,3,2,2
"2560133",1,0,1,0,1,0,0,0,0,1,0,0,0,1,1,1,0,2,2,0,0,5,0,2
"2560139",1,1,1,0,4,2,3,5,1,3,3,1,0,1,0,1,0,0,1,0,3,2,1,3
"2560160",5,0,1,1,0,2,2,0,0,1,0,0,0,0,1,2,0,0,0,0,1,0,0,0
"2560161",3,2,3,1,1,3,1,2,2,0,5,0,0,1,0,0,0,2,1,0,0,1,0,3
"2560163",0,0,0,5,0,1,0,0,0,0,0,1,0,0,0,0,0,0,2,0,0,0,0,0
"2560267",2,5,0,0,0,2,0,0,0,0,0,0,0,0,0,0,0,0,1,0,0,0,0,0
"2560283",0,2,2,1,0,1,3,2,1,0,1,1,1,0,0,0,1,0,5,1,0,1,4,3
"2560286",0,3,4,3,3,4,0,4,0,0,1,3,0,1,0,1,1,1,0,0,2,5,3,4
"2560387",2,1,2,5,2,2,2,1,0,2,1,2,1,3,0,3,3,2,2,1,2,1,0,2
"2560435",0,0,3,1,1,1,2,1,1,5,2,0,3,5,1,2,1,1,3,0,0,1,3,0
"2560440",0,0,0,1,1,1,0,0,1,1,0,1,2,2,2,1,0,2,0,0,1,0,0,5
"2560495",0,1,0,1,0,0,2,0,0,1,0,0,5,0,1,1,5,1,1,0,2,0,1,0
"2560679",1,1,2,2,4,2,0,1,1,0,5,1,2,1,1,1,3,4,0,5,3,1,0,0
"2560720",2,1,5,0,0,0,2,1,1,1,0,0,1,0,1,0,0,0,1,0,1,0,2,0
"2560721",1,1,0,2,0,0,1,1,3,0,0,0,0,1,0,1,0,0,0,5,0,0,0,0
"2560791",2,0,1,0,1,0,0,5,1,1,0,1,0,0,0,0,0,0,1,0,0,0,0,1
"2560802",1,1,0,3,1,1,1,5,5,2,0,1,0,0,0,3,1,3,5,1,5,1,0,0
"257758",5,3,1,2,0,3,3,3,0,5,0,2,1,0,1,3,1,2,0,3,3,5,0,5
"2583530",1,5,0,2,3,0,3,3,0,1,0,0,0,1,0,4,0,0,1,0,0,0,0,0
"2583584",0,3,1,0,0,1,2,0,0,0,0,0,0,0,0,0,5,0,0,0,0,0,0,1
"2588096",1,0,0,0,1,1,0,0,0,1,3,1,0,0,0,1,0,0,5,0,0,0,1,1
"2589790",0,4,1,2,3,2,3,3,0,0,3,5,0,3,1,3,0,0,2,1,2,1,0,3
"2593335",4,2,0,1,4,3,2,2,2,0,5,2,3,0,0,1,0,0,1,2,0,3,1,0
"2596745",3,0,1,5,0,3,0,0,0,1,0,3,0,1,1,1,1,1,5,0,0,0,0,1
"2596898",0,5,1,0,0,0,1,0,0,0,0,0,1,0,2,1,1,0,1,0,1,2,3,1
"2675780",5,2,2,3,0,2,0,3,1,0,0,1,0,1,0,0,0,1,3,3,0,3,1,5
"2675784",2,1,5,2,1,3,0,3,0,1,0,0,3,0,1,1,3,2,0,2,3,0,0,1
"2675786",3,3,2,3,0,2,1,5,0,1,1,4,1,0,0,2,1,1,0,3,1,0,0,1
"2692624",3,5,3,4,1,1,2,0,1,0,3,2,1,1,4,0,3,2,2,0,5,0,1,1
"2719231",3,2,1,2,5,2,3,5,2,4,1,4,0,2,1,0,2,3,3,0,1,3,2,4
"2732683",1,1,5,0,0,1,0,0,1,0,0,0,0,0,0,1,0,0,1,0,0,0,0,0
"2733092",0,0,2,1,5,0,1,0,3,0,2,0,0,1,0,0,0,0,2,0,1,1,0,0
"2733095",0,0,0,0,0,1,3,1,0,0,2,0,1,0,0,0,1,0,2,0,0,1,5,1
"2733207",3,1,2,0,2,0,4,2,5,5,0,0,2,2,1,0,0,0,3,0,2,1,1,1
"2733353",3,1,0,1,0,0,2,0,1,0,0,3,2,3,0,0,0,0,0,1,1,5,2,0
"2733354",2,0,2,0,2,0,2,1,0,1,0,2,0,2,4,1,1,2,3,1,4,0,5,1
"2733363",5,0,1,1,0,0,0,0,1,1,0,1,0,0,0,0,2,1,0,0,1,1,0,1
"2733595",1,0,0,0,1,1,1,0,5,0,0,2,2,1,1,0,2,1,0,1,0,1,0,0
"2733939",2,2,1,2,3,0,5,1,1,0,0,1,2,1,1,0,0,0,1,2,1,0,2,1
"2733954",5,0,0,0,1,1,0,4,1,0,0,0,0,1,0,0,1,0,0,0,3,1,0,0
"2734095",0,1,0,2,1,1,1,1,2,1,1,3,0,0,2,1,5,0,2,0,2,0,1,2
"2734102",0,1,1,4,0,3,1,1,5,0,0,0,0,0,0,3,0,0,1,1,1,0,0,2
"2734118",1,5,2,0,1,0,0,2,1,0,1,0,0,2,0,0,2,0,2,1,1,0,0,1
"2734140",2,5,1,5,0,1,0,0,1,0,1,0,0,1,0,0,1,0,4,1,0,0,2,2
"2734160",5,4,0,1,0,1,0,1,1,4,0,3,1,0,1,5,1,0,0,2,1,0,0,0
"2734219",1,5,4,4,4,0,1,2,2,2,0,2,0,3,1,1,3,1,2,1,0,1,2,1
"2734246",3,1,0,2,4,1,2,2,2,1,1,1,2,3,1,1,3,0,5,1,3,2,3,3
"2734250",0,3,5,4,3,1,1,1,0,4,5,4,3,4,4,5,3,1,2,0,1,3,2,1
"2734253",5,1,1,1,1,2,0,0,1,0,0,2,1,1,2,1,1,5,0,1,2,0,2,0
"2734256",0,0,0,0,0,0,0,1,1,3,0,0,0,0,0,5,1,0,0,0,1,0,0,0
"2734572",2,1,1,0,2,5,0,0,1,2,1,0,0,0,0,2,0,2,0,0,0,1,0,1
"2734576",0,5,0,0,0,1,0,0,0,0,1,0,0,0,0,0,0,0,1,0,0,0,0,0
"2738125",1,2,0,0,0,0,1,2,0,0,1,0,0,0,0,0,0,5,1,0,0,2,0,0
"2740298",5,1,1,3,1,3,1,1,1,2,2,3,0,1,1,1,4,2,1,0,1,0,2,2
"2747322",0,1,0,4,1,0,1,1,4,4,2,1,2,1,1,2,2,5,0,1,0,0,1,1
"2752475",1,1,2,0,3,2,0,2,3,0,1,5,1,1,1,1,1,2,1,0,2,3,3,0
"2755560",2,2,1,0,2,1,2,2,2,2,3,0,1,1,1,3,1,5,1,3,4,0,2,1
"2767889",0,5,0,3,1,0,0,0,1,2,1,0,0,0,0,0,1,0,0,1,0,0,3,0
"2776857",3,1,1,0,1,2,2,5,4,1,3,0,4,2,1,2,3,0,2,1,2,1,2,4
"2787014",1,0,3,1,1,2,0,3,4,0,2,1,3,2,0,0,0,1,5,3,0,1,2,2
"2791001",1,0,0,1,0,0,0,0,0,0,0,1,0,0,0,0,2,2,5,0,0,0,0,1
"2799495",1,5,0,1,1,0,4,0,0,2,0,1,2,2,0,0,0,0,1,0,0,2,2,0
"2801524",5,2,1,0,0,1,0,2,0,2,0,0,1,0,0,0,0,1,2,3,1,1,0,0
"2807095",1,1,4,0,1,0,1,0,2,0,0,0,0,0,0,1,1,5,1,2,0,3,1,0
"2810196",3,2,2,2,4,1,2,2,5,3,2,1,3,3,1,1,1,0,2,1,2,1,0,4
"2812759",4,2,0,4,1,5,0,1,2,2,0,3,4,1,0,1,0,0,3,1,3,3,1,1
"2813673",0,2,4,3,0,0,0,4,0,5,1,1,0,2,2,3,0,0,0,2,2,0,1,2
"2819104",0,1,1,3,0,4,0,0,1,0,1,0,0,2,0,0,0,5,3,0,1,4,0,1
"2822114",2,5,1,2,3,4,0,0,0,1,0,1,2,0,0,1,0,1,1,0,2,5,2,2
"2822848",3,0,5,0,0,4,1,0,1,4,1,4,0,0,1,0,0,0,4,1,1,2,0,1
"2831519",5,1,1,0,0,0,0,0,0,0,0,1,0,0,0,0,0,0,2,0,0,0,0,0
"2831892",5,1,1,5,4,0,1,3,2,1,1,3,0,0,0,1,1,5,0,3,1,2,1,0
"2831969",5,2,0,1,0,1,0,2,2,0,2,1,2,2,0,0,0,2,3,2,0,0,0,0
"2835951",5,3,0,3,3,0,5,0,0,3,0,3,4,1,3,1,4,3,2,3,1,2,3,0
"2837485",2,4,5,2,0,2,1,1,1,0,5,2,3,0,0,5,3,2,1,2,2,1,2,1
"2841283",0,5,0,0,0,0,0,1,0,0,0,0,0,0,0,0,0,0,0,0,0,0,0,0
"2843403",5,1,2,5,1,1,0,2,0,1,0,2,0,1,0,0,1,0,4,2,2,1,0,1
"2843629",5,2,0,1,0,1,0,2,0,0,0,0,0,0,0,0,0,0,0,0,0,1,1,0
"2843650",5,0,0,0,0,0,0,0,0,0,0,0,0,0,0,0,0,0,2,0,0,0,0,0
"2843793",5,3,1,0,1,0,0,0,0,2,0,3,0,1,2,0,0,0,0,2,0,3,0,2
"2843794",1,1,5,1,0,0,0,0,0,0,0,0,0,1,1,0,2,0,0,0,2,2,4,1
"2843953",4,0,0,0,2,0,0,3,0,0,0,2,0,0,0,0,5,0,0,0,0,0,1,1
"2844669",2,0,2,1,0,1,1,3,0,1,0,0,0,2,1,1,1,0,1,0,1,5,2,0
"2844670",1,1,1,2,0,0,1,5,0,0,0,0,0,0,0,0,0,0,0,0,0,0,0,0
"2845649",0,0,0,0,1,0,0,3,0,0,0,0,0,0,0,0,0,0,5,0,0,0,0,0
"2845657",1,3,1,0,4,2,1,2,0,3,0,1,0,1,5,2,3,2,0,1,1,0,0,0
"2846079",2,0,3,0,1,1,0,0,0,0,0,0,0,0,0,0,0,1,5,0,0,1,0,0
"2846391",1,1,2,4,5,2,0,0,1,2,2,1,2,1,1,0,0,1,1,0,1,2,2,0
"2846408",5,1,1,0,4,4,0,0,2,2,2,2,0,1,1,0,2,0,1,1,3,0,0,2
"2849666",2,4,0,0,1,1,2,5,2,0,0,1,0,1,2,0,1,0,1,0,1,0,2,5
"2859488",3,2,0,4,0,0,1,2,0,0,1,2,1,1,0,0,0,1,2,1,3,5,2,2
"2861801",1,4,3,0,5,3,4,4,2,2,1,3,0,0,2,1,0,0,0,2,0,2,4,2
"2865672",1,1,0,0,2,0,0,0,2,0,5,0,0,1,0,0,3,0,2,0,1,1,1,2
"2866196",0,0,0,0,0,0,1,0,1,5,1,0,0,0,1,1,0,0,0,0,0,0,0,0
"2869553",5,1,4,4,0,3,0,1,0,1,1,5,1,1,2,0,1,0,3,1,0,1,3,1
"2874284",1,2,4,1,5,3,1,0,2,0,0,3,0,0,0,0,1,2,0,1,1,3,3,0
"2883075",1,0,1,0,0,5,2,1,0,0,1,1,3,1,2,2,2,4,5,1,2,4,0,2
"2886375",2,1,1,0,5,3,1,0,1,0,0,0,0,2,1,0,2,0,2,0,2,1,0,0
"2890836",3,1,0,0,0,2,1,1,1,0,1,3,1,0,0,1,0,3,3,0,2,3,0,5
"2894203",3,2,0,5,2,2,3,2,4,1,2,1,3,3,1,0,3,2,0,1,1,2,2,1
"2944951",3,4,2,3,2,2,1,4,0,1,5,5,4,4,2,1,5,1,2,1,2,0,0,4
"2945019",2,2,0,1,0,0,0,0,1,0,0,0,0,1,0,1,1,5,1,0,0,2,1,1
"2946820",1,0,1,2,3,0,3,2,0,3,0,4,5,0,0,1,0,1,0,1,1,1,3,0
"2948807",0,0,5,2,2,2,2,1,3,1,0,1,1,1,0,0,0,2,3,1,0,0,0,0
"2948926",5,4,3,1,5,1,1,3,2,0,2,5,1,4,3,3,0,1,1,0,5,2,0,3
"2951084",4,3,2,2,2,5,0,2,1,2,1,3,0,1,0,0,2,2,2,1,2,4,0,2
"2954008",2,4,1,2,0,5,0,1,1,0,1,0,0,0,1,1,4,1,0,0,0,0,2,0
"2954098",3,0,3,0,5,0,0,4,1,3,1,2,0,0,0,2,0,2,0,0,0,5,0,1
"2955325",4,0,3,1,3,4,0,1,0,5,1,0,4,2,0,0,0,0,3,1,2,0,0,0
"2955406",4,5,2,1,0,4,0,0,1,0,2,2,0,0,1,3,3,4,2,1,5,5,3,2
"2955514",2,3,3,1,0,2,4,3,2,2,4,2,1,1,1,1,2,3,0,3,5,1,0,0
"2955687",0,2,0,3,1,3,0,2,1,0,0,1,0,0,3,1,5,1,1,1,0,2,1,2
"2955755",4,2,2,2,4,5,3,3,2,3,2,4,0,1,3,4,2,2,1,2,0,4,2,3
"2955842",5,0,4,5,2,5,2,1,1,1,3,0,1,1,2,3,3,0,1,5,2,3,4,0
"2955891",3,0,0,0,0,1,1,1,0,0,0,0,0,5,0,0,0,0,0,1,0,0,0,0
"2955894",1,0,0,1,0,0,0,0,0,0,0,0,2,0,0,0,0,2,0,0,0,0,5,1
"2955914",0,0,0,5,0,0,0,0,0,1,0,0,1,0,5,0,0,0,0,2,1,0,2,1
"2955951",0,0,1,2,1,0,0,0,0,0,1,0,1,0,1,0,0,0,1,0,5,1,0,0
"2955960",3,4,2,4,4,0,5,2,5,1,4,5,2,4,1,4,3,0,0,2,4,1,1,0
"2955974",2,2,2,5,0,2,1,0,1,0,5,0,0,1,1,3,0,0,0,5,0,1,0,2
"2956052",0,2,1,1,1,1,0,0,0,2,1,5,1,0,0,2,1,4,5,1,0,0,0,0
"2956078",2,0,1,5,0,0,1,0,1,0,0,2,0,1,2,2,1,0,2,2,1,5,0,1
"2956080",3,3,3,3,0,4,3,1,3,2,5,0,3,0,1,3,3,0,0,2,2,1,3,5
"2956081",1,0,0,0,0,0,0,0,1,1,0,2,3,0,0,1,0,0,1,0,2,0,5,0
"2956093",0,1,1,3,5,0,0,0,1,0,0,0,0,0,0,0,0,0,0,1,0,0,0,0
"2956102",3,5,3,0,0,0,0,0,1,3,0,0,0,3,1,0,0,0,1,0,4,2,4,1
"2956120",2,2,2,3,3,4,3,0,4,5,0,0,5,3,2,1,0,4,0,2,0,2,2,2
"2956126",3,2,1,1,0,1,0,2,2,5,0,1,1,0,0,1,4,0,1,1,0,0,3,0
"2956192",3,0,0,3,0,3,0,2,1,0,4,1,4,3,3,4,2,1,1,2,5,2,3,0
"2956398",2,3,2,2,0,2,1,2,1,5,3,3,1,0,1,2,2,3,1,1,0,1,4,1
"2956465",2,5,2,0,2,1,3,5,3,4,1,1,1,3,4,2,3,0,1,3,2,4,5,0
"2956516",0,0,0,0,0,0,0,0,1,0,0,0,0,5,0,0,0,0,0,0,0,0,0,1
"2956531",1,5,0,2,1,0,1,0,1,0,2,1,1,0,2,2,2,2,2,1,2,0,3,0
"2956534",3,3,1,5,3,4,0,1,2,1,1,0,1,0,2,0,3,0,5,3,1,2,2,1
"2956559",1,1,0,1,2,0,0,0,3,0,0,0,0,2,0,0,0,0,0,2,0,0,0,5
"2956638",0,5,1,0,4,2,4,2,2,2,1,3,2,1,3,1,2,0,3,0,2,1,1,2
"2956656",1,2,2,3,5,3,1,1,3,4,0,1,2,2,1,3,3,2,2,2,3,2,2,0
"2956657",4,1,0,2,0,2,1,2,0,5,3,3,1,0,2,1,5,0,0,0,1,1,0,0
"2956664",1,2,1,0,0,5,5,3,0,0,4,0,3,0,1,2,2,4,2,0,2,0,2,0
"2956668",0,2,0,5,0,0,0,1,1,0,0,1,0,1,0,0,1,0,0,0,0,0,0,1
"2956681",0,2,2,1,1,0,1,5,1,0,0,0,0,1,2,0,0,1,0,0,1,1,0,0
"2956700",4,1,3,1,2,1,0,4,0,3,0,4,0,5,1,5,0,3,5,1,3,3,3,1
"2956830",0,0,1,3,1,0,1,3,1,0,0,0,0,0,0,0,0,0,0,1,0,0,5,2
"2962679",3,2,1,2,2,0,1,1,3,1,5,5,2,0,3,4,3,0,4,0,2,0,1,2
"2968680",0,0,0,0,0,0,2,0,3,0,0,0,0,1,0,5,0,0,0,0,1,0,0,0
"3029088",4,1,0,0,2,2,3,1,2,1,0,3,2,3,2,4,4,1,3,1,2,1,0,5
"3030529",0,0,5,4,1,0,2,1,0,0,1,1,0,1,2,1,3,0,5,0,0,4,4,2
"3035288",0,2,3,2,3,1,0,4,0,0,0,2,0,0,1,1,1,1,1,3,0,5,1,0
"3037654",2,3,3,2,5,4,2,5,3,3,5,3,4,2,0,0,2,4,3,3,2,3,2,1
"3047749",0,1,0,2,3,5,0,0,1,2,2,0,0,0,0,1,1,1,0,3,0,0,1,0
"3047751",0,1,3,1,1,2,2,3,1,2,2,0,0,0,1,1,5,1,2,0,1,0,0,2
"3047752",2,3,5,2,5,3,3,3,3,2,0,1,0,1,3,2,5,4,0,0,0,3,0,1
"3047753",1,2,0,0,1,2,1,1,5,0,0,0,1,5,2,0,0,0,1,2,0,2,1,1
"3047786",2,4,5,0,3,4,2,1,0,1,4,2,1,0,1,1,3,1,0,4,1,2,1,2
"3048195",2,0,5,1,1,1,0,0,1,1,1,0,3,1,0,1,2,0,1,2,1,0,0,0
"3048268",0,2,5,1,0,2,2,0,0,1,1,1,3,1,0,0,0,0,1,0,0,1,0,1
"3048330",2,1,0,5,0,0,0,0,0,0,0,0,0,0,0,0,1,0,0,2,0,0,0,0
"3048338",1,1,1,2,1,5,3,1,0,0,1,0,2,0,0,0,2,4,3,1,1,3,2,1
"3050286",0,3,0,1,0,4,0,3,0,0,1,0,0,1,0,0,0,0,0,0,1,4,0,5
"3050288",0,0,2,1,2,0,1,2,0,1,1,0,0,3,1,0,5,5,2,0,0,1,2,0
"3050300",0,3,0,4,2,0,0,2,1,3,0,5,0,1,1,0,2,0,2,1,1,3,1,0
"3052052",0,0,0,5,0,0,0,0,0,0,0,0,0,0,0,0,0,0,0,0,0,0,0,0
"3052209",0,3,1,0,2,0,1,4,5,0,0,1,2,0,1,1,1,0,0,0,0,0,0,0
"3052537",0,0,0,0,5,0,0,0,0,0,0,0,0,0,0,0,0,0,2,1,0,3,0,0
"3052608",1,0,0,0,1,0,0,5,0,0,1,1,0,0,0,4,1,0,0,0,1,0,0,0
"3052622",5,0,0,0,0,0,0,0,0,0,0,0,0,0,0,0,0,0,0,0,0,3,0,0
"3074130",1,0,0,5,0,1,0,2,1,1,1,1,2,0,1,1,1,0,4,1,1,0,0,4
"335797",4,2,2,1,1,2,2,0,2,5,2,2,3,1,4,1,0,4,3,2,1,0,2,1
"342409",5,3,4,4,1,2,0,2,1,0,3,3,0,1,3,0,1,0,1,0,0,2,0,4
"347328",1,0,1,0,1,2,0,5,2,0,1,0,0,2,1,1,0,0,0,0,0,0,0,0
"35793",1,3,0,0,5,2,1,1,0,0,1,1,0,1,0,0,0,2,0,3,2,0,0,1
"358023",1,5,2,1,0,0,1,0,0,4,0,1,1,0,0,0,0,0,0,2,0,0,0,3
"373407",4,0,4,1,0,0,3,5,0,1,0,0,0,0,0,2,1,1,0,1,0,4,1,2
"42862",1,0,0,2,0,0,0,0,0,0,0,0,0,1,2,0,0,2,3,0,0,0,0,5
"437329",1,4,3,4,2,4,1,5,1,1,1,0,2,2,0,2,2,1,2,2,0,1,1,0
"44449",5,4,4,4,5,1,2,3,3,1,3,2,1,2,5,2,1,2,4,0,3,2,4,0
"455364",3,3,2,3,5,1,2,3,0,0,0,3,0,0,3,2,1,0,5,1,2,1,4,5
"463676",0,0,0,0,0,0,0,0,0,0,0,0,0,0,0,0,0,0,5,0,0,0,0,0
"47834",4,5,1,3,0,5,1,2,1,0,3,4,1,2,0,3,0,1,3,1,1,0,1,3
"478807",2,0,0,2,2,0,0,5,1,2,0,1,3,1,0,0,0,0,1,0,1,0,0,0
"515417",3,3,1,1,5,1,3,2,2,0,1,1,1,0,0,0,0,1,4,1,0,1,1,1
"54297",3,1,3,4,3,2,3,3,1,4,1,2,1,1,1,0,4,5,0,0,2,1,2,1
"573569",0,1,0,3,5,1,2,1,2,1,3,0,0,1,0,1,0,0,3,0,1,1,0,1
"580459",5,3,0,0,0,0,0,0,0,1,1,0,0,0,0,0,0,1,1,0,0,0,0,0
"66229",1,1,1,0,0,0,3,4,1,3,2,1,4,3,1,2,1,0,0,0,1,2,5,1
"671126",5,3,0,4,1,4,0,3,0,0,1,0,0,0,0,0,0,1,0,0,0,1,0,3
"68295",3,1,4,3,1,5,2,3,2,2,1,1,4,4,2,0,0,0,1,1,1,2,4,3
"69656",3,2,1,5,4,5,4,2,1,0,2,3,1,5,4,0,5,3,1,1,0,3,1,2
"754069",2,0,3,2,1,2,1,3,1,2,5,2,3,0,2,2,1,1,2,1,1,1,3,3
"766894",1,2,5,3,3,4,0,2,5,1,0,4,4,5,5,3,0,4,1,4,0,5,4,3
"775",3,1,2,0,1,3,0,1,0,0,0,3,0,0,0,0,1,2,5,1,1,0,2,0
"861045",0,2,1,4,1,1,1,1,0,0,4,1,1,2,0,2,5,2,0,0,1,1,0,0
"89374",4,1,1,0,0,1,0,0,1,1,0,0,0,2,0,1,2,0,0,1,0,5,4,3
"909929",3,1,1,2,5,3,1,1,1,0,1,1,3,4,0,2,5,4,2,2,1,1,1,1
"933845",2,0,2,3,2,1,5,3,3,0,3,1,0,1,1,2,0,0,2,0,3,3,1,0
"936902",1,4,2,3,5,5,2,2,3,3,0,0,1,0,1,0,0,0,0,1,1,0,1,0
"999883",1,1,1,2,0,5,1,1,0,2,0,1,0,0,0,1,0,1,0,0,1,1,0,0
"1003177",4,0,3,0,1,0,0,1,1,0,0,0,0,0,0,0,1,0,0,0,0,0,0,0
"1028381",4,0,0,0,0,0,0,0,0,0,0,0,0,0,0,0,0,0,0,0,0,1,0,0
"1034135",4,0,0,0,0,0,0,0,2,1,0,1,2,0,1,1,0,0,0,0,0,0,1,1
"1034136",2,0,1,0,3,0,1,3,0,3,1,1,0,0,2,2,3,0,0,1,1,1,0,4
"10486",2,1,1,0,0,0,0,0,0,0,0,0,0,0,4,0,0,1,0,0,1,0,0,1
"10506",0,0,0,1,2,0,0,4,0,0,1,1,1,2,0,0,1,2,1,2,1,1,0,0
"1054968",1,1,0,0,0,0,0,0,0,0,0,0,0,0,0,0,0,0,0,0,0,4,0,0
"105850",2,3,1,0,3,1,0,2,0,3,2,2,1,4,0,3,2,1,0,3,0,0,2,2
"10664",0,0,0,0,0,4,0,0,0,0,0,0,0,0,0,0,0,0,0,0,0,0,0,0
"10683",2,0,0,0,0,4,0,1,0,0,0,1,1,0,0,1,0,0,1,0,2,0,0,0
"1074304",0,2,0,2,0,2,1,3,4,0,0,1,0,0,0,2,1,1,1,0,1,2,0,3
"1089132",0,0,0,0,0,0,1,0,1,0,0,0,0,0,0,0,0,0,4,0,0,0,0,0
"1099",4,1,0,2,0,0,1,0,0,0,0,0,0,1,2,0,3,0,0,1,2,0,0,0
"1105106",0,1,0,0,2,2,0,0,0,0,0,1,0,4,0,0,0,0,0,0,0,0,0,0
"1127516",0,0,0,0,0,0,0,0,0,0,0,0,0,1,0,0,0,0,0,0,0,4,0,0
"1128151",2,4,1,1,1,2,1,1,0,0,0,4,1,1,3,1,0,0,2,0,3,0,1,3
"1131462",0,2,4,2,3,0,1,1,0,2,1,4,3,0,0,1,1,2,0,1,0,0,3,0
"1147129",4,0,4,2,1,2,1,1,2,3,2,3,2,1,2,1,3,1,1,1,1,0,4,1
"1158",0,4,0,1,0,0,1,2,0,0,1,1,0,0,0,0,0,0,0,0,1,0,4,0
"1165907",0,4,0,0,0,0,0,0,0,0,0,0,0,0,0,0,0,0,0,0,0,0,0,0
"1165908",0,1,4,1,0,1,0,1,3,0,0,0,1,0,0,2,1,1,0,0,0,1,3,0
"1176145",0,0,0,0,0,0,0,0,0,0,0,0,0,0,0,0,0,0,0,0,0,0,4,0
"1179815",4,0,1,1,0,1,0,1,0,0,0,1,1,0,2,0,1,1,0,0,1,0,2,1
"1195085",3,3,3,0,3,0,1,0,2,1,0,4,0,0,0,2,0,0,3,0,1,0,0,1
"1195166",0,0,0,1,0,4,0,0,0,0,0,1,0,0,0,0,0,0,0,0,0,0,1,0
"119858",4,0,1,0,0,0,0,0,0,0,0,0,1,0,2,0,1,0,0,1,0,0,0,0
"1221880",1,0,0,3,1,0,0,2,2,1,0,1,0,0,4,2,2,0,2,0,0,1,0,0
"122866",3,1,3,0,4,4,0,2,1,1,0,4,4,1,0,0,0,2,4,0,0,0,1,0
"1234144",0,0,0,1,0,2,3,0,2,1,1,0,0,0,0,0,2,1,0,2,4,0,4,0
"1255301",2,4,1,0,0,0,0,1,1,0,1,0,0,1,1,1,2,0,1,1,0,2,1,2
"1273748",1,2,4,2,0,1,3,2,1,1,2,0,4,2,3,2,3,0,2,2,2,3,1,2
"1295080",0,0,1,4,0,0,0,0,0,0,1,0,0,0,0,0,0,0,0,0,0,0,0,0
"129950",0,2,0,0,1,0,2,2,2,0,0,0,2,0,0,3,0,1,1,0,1,1,0,4
"1312524",0,2,1,1,2,0,0,1,1,2,1,0,4,2,1,0,0,1,1,1,1,2,1,0
"1327952",1,0,0,0,0,0,0,0,1,0,0,4,0,0,1,0,0,2,1,3,0,0,0,0
"136609",4,3,0,1,0,2,0,0,1,0,2,0,0,2,0,0,0,0,1,1,2,0,1,1
"1415145",4,2,3,1,3,3,2,4,3,3,2,0,0,0,3,1,0,0,2,0,0,1,1,0
"1420727",4,0,0,0,2,0,0,1,0,1,1,0,0,0,0,1,0,2,0,1,1,0,0,0
"1434042",4,0,3,0,4,4,1,0,0,3,2,2,1,2,1,2,1,1,1,2,0,4,1,2
"145261",1,0,0,3,0,1,2,4,0,1,1,3,0,1,0,1,1,0,1,0,0,1,0,0
"1458841",4,3,1,0,0,3,1,2,1,1,0,0,0,0,1,1,0,1,0,1,0,1,0,3
"1487956",0,4,0,0,1,2,0,0,1,0,0,0,0,0,0,0,1,0,1,0,0,1,0,0
"1506553",4,2,1,4,4,0,1,0,1,0,0,0,0,1,2,0,1,0,0,0,1,1,1,0
"1507401",1,0,4,2,1,1,1,2,0,0,0,0,0,0,0,1,0,0,0,1,0,0,1,0
"1516075",0,0,0,0,0,1,1,2,1,1,0,2,0,0,4,0,3,0,3,0,0,0,0,0
"1522671",0,4,1,0,1,3,0,0,0,0,0,1,1,2,0,1,0,1,0,0,0,0,2,2
"1545702",0,0,4,2,0,2,0,2,0,1,0,4,1,1,1,1,0,1,0,1,1,2,1,1
"1567466",1,0,1,2,0,1,0,1,0,0,1,2,2,0,1,1,1,1,3,3,0,4,1,0
"1572712",0,3,1,1,0,0,1,1,0,0,0,0,0,0,0,0,0,0,0,0,0,4,0,1
"159183",0,1,0,1,0,4,0,0,0,0,0,0,0,0,0,0,1,1,1,1,1,0,0,0
"1592576",4,0,0,0,2,0,0,1,0,0,0,2,0,0,0,0,0,0,0,0,0,0,1,0
"1603038",1,3,1,0,2,1,2,4,0,0,2,2,3,0,3,2,1,1,1,2,0,3,3,1
"1623282",2,0,4,1,2,2,0,2,0,0,4,1,4,0,1,0,0,3,2,0,0,1,0,4
"1623305",4,1,1,0,0,0,0,0,0,0,1,1,0,0,0,0,1,0,0,1,0,0,0,1
"164450",0,1,1,1,0,2,0,1,1,1,0,2,0,1,0,1,1,1,0,0,2,4,1,2
"1660076",3,1,1,1,2,4,3,1,2,0,0,1,0,4,1,3,2,1,1,2,0,4,2,4
"1678143",0,1,1,4,0,2,0,0,1,0,2,3,2,0,4,1,0,1,0,0,0,0,0,2
"1715860",0,0,1,0,0,0,1,0,0,0,0,0,0,0,0,1,1,0,2,0,0,4,0,0
"1718171",1,0,0,0,0,0,1,4,0,0,0,0,0,0,0,0,0,0,0,0,0,0,0,0
"1720526",0,0,0,1,1,0,0,0,1,2,1,1,0,0,0,0,1,4,2,2,1,1,0,0
"1755467",0,0,0,1,0,0,0,1,0,0,1,0,0,0,4,0,0,0,0,0,0,0,1,0
"1798222",0,4,1,1,2,0,1,0,0,1,0,0,0,1,0,0,2,1,0,1,2,1,0,1
"180170",3,3,0,1,0,0,0,0,3,0,0,3,2,3,0,1,1,1,0,1,4,0,0,0
"181084",0,0,4,0,0,0,0,0,0,0,0,0,2,0,0,0,0,0,1,0,0,0,0,0
"1839798",1,0,0,4,1,1,1,0,2,2,1,3,2,1,0,0,0,0,0,1,0,1,1,2
"1840323",2,1,1,0,4,0,0,0,0,0,0,0,0,0,0,0,0,0,0,0,0,0,1,0
"187218",1,0,0,2,0,1,1,0,1,0,0,0,0,0,0,0,0,0,4,1,0,1,0,2
"1873895",4,0,1,0,0,0,0,0,1,0,0,0,0,0,0,0,0,0,1,0,0,0,0,0
"1883377",0,0,2,0,0,2,0,0,0,0,0,0,0,0,1,2,0,0,0,1,0,0,3,4
"188350",0,4,0,2,0,0,2,0,0,0,1,1,0,0,0,0,0,0,0,0,0,0,0,1
"1887645",3,0,0,0,0,0,0,0,0,0,0,4,0,0,0,0,0,0,0,0,0,0,0,0
"190062",1,0,2,1,1,1,0,1,2,1,1,3,0,2,0,3,0,0,0,0,0,0,4,1
"190063",1,2,0,0,0,1,0,1,2,0,0,1,1,1,3,1,2,3,0,4,0,0,1,3
"190065",1,0,2,1,2,0,1,0,0,1,3,2,2,3,0,1,1,0,1,3,4,4,0,0
"1914897",1,1,4,2,0,0,2,3,0,0,0,0,0,0,0,0,0,0,0,0,0,1,0,0
"1915209",2,4,0,0,1,3,0,1,0,0,0,0,0,0,0,0,0,0,1,0,0,3,0,1
"1917232",1,1,1,4,2,2,1,1,1,1,1,3,0,1,1,1,0,1,2,0,0,0,0,0
"1918522",0,2,4,0,0,0,0,1,1,0,1,2,1,1,0,0,0,0,0,0,0,0,0,0
"1921018",0,0,0,0,0,0,0,0,0,0,0,1,4,1,0,0,1,0,0,2,0,0,1,3
"1921407",2,1,1,3,0,1,1,2,4,3,0,0,0,3,0,1,0,0,0,1,0,2,1,1
"1921544",0,1,1,1,0,4,0,1,2,0,0,3,1,0,0,0,0,0,2,3,0,0,0,1
"1922242",0,0,0,0,0,0,0,0,0,0,0,0,0,4,0,0,0,0,0,0,0,0,0,0
"1922536",1,3,1,0,2,0,2,2,0,0,4,1,4,0,0,0,1,0,0,2,1,0,1,0
"1923282",0,0,2,0,1,4,0,2,0,0,0,0,0,0,0,0,0,0,0,0,0,0,1,0
"1923677",4,0,0,0,0,1,0,0,2,0,0,0,0,0,0,0,0,0,1,0,0,0,0,0
"1923687",0,0,0,4,1,0,0,0,0,0,0,0,0,0,0,0,0,0,0,0,0,0,0,0
"1933908",0,0,4,0,0,0,0,0,0,0,0,0,0,0,0,0,0,0,0,0,0,0,0,1
"1934253",0,1,1,1,1,0,0,2,1,1,1,2,0,0,0,0,4,0,0,0,0,0,0,0
"1938820",1,3,0,0,0,1,2,2,0,0,1,0,0,1,0,1,0,0,1,4,0,0,2,0
"196117",4,1,1,2,1,3,0,1,1,0,0,2,1,1,1,0,2,0,0,0,1,0,0,0
"1965384",0,2,0,4,3,0,0,0,0,0,1,2,4,0,0,0,1,0,0,1,0,0,1,0
"197575",0,0,0,0,0,4,0,2,0,0,0,2,0,0,1,0,0,1,0,1,0,1,0,0
"1980942",0,2,1,0,0,0,0,4,1,1,1,0,2,0,0,1,0,2,0,2,1,0,1,0
"1980949",4,2,2,2,2,0,0,1,1,0,0,0,2,0,0,0,1,0,1,0,0,1,0,0
"1982080",0,0,1,0,0,4,0,1,1,1,1,0,0,1,0,0,2,2,0,1,0,2,4,0
"1982096",3,1,0,1,2,4,0,0,2,0,0,1,0,4,0,1,0,1,0,0,1,3,1,1
"1982105",0,4,0,1,0,0,0,0,0,0,0,0,0,0,0,0,0,0,0,1,0,2,0,0
"1982106",3,2,0,0,0,1,1,3,1,1,1,0,1,1,1,2,0,0,0,0,0,1,4,1
"1982219",3,0,0,0,0,0,2,1,3,1,0,1,0,0,1,2,0,4,3,0,0,1,1,0
"1982236",3,0,1,0,2,2,0,1,1,2,2,0,1,3,4,2,3,0,1,1,0,2,0,0
"1982237",0,3,1,4,2,0,1,2,2,3,2,0,2,1,2,2,1,2,0,3,2,4,1,2
"1982238",0,0,0,1,1,0,1,4,0,0,2,0,4,0,0,1,0,0,0,3,2,1,1,1
"1982241",0,1,3,0,2,0,0,1,1,0,0,1,4,0,2,0,0,1,0,0,0,2,1,2
"1982360",0,0,0,1,0,1,0,1,0,0,1,1,1,2,4,0,2,0,0,0,1,0,1,0
"1982558",1,4,4,1,0,1,0,2,0,0,0,0,0,0,0,0,0,2,1,0,0,0,3,0
"1982592",1,3,0,1,3,0,0,1,2,1,0,0,0,4,0,0,1,1,0,0,0,0,0,0
"1982596",3,1,1,0,0,0,0,0,1,1,1,0,1,2,0,2,0,0,4,1,2,0,1,0
"1982886",2,0,1,1,1,1,0,0,3,2,0,0,3,4,0,1,0,0,0,0,1,2,1,1
"1982893",0,2,1,0,2,1,0,0,1,0,1,4,0,2,0,0,0,0,2,1,0,0,1,0
"1983109",0,1,0,1,0,0,0,1,1,2,0,0,3,0,0,0,0,0,4,2,0,1,0,0
"1983120",1,2,1,1,0,0,4,4,3,1,1,2,1,0,0,2,2,1,0,1,0,1,1,2
"1983738",1,0,0,0,4,1,0,3,0,0,0,0,0,0,1,1,1,0,3,0,2,0,0,0
"1985179",4,1,1,1,0,0,0,0,0,1,0,0,1,0,1,0,0,0,1,0,0,0,1,0
"1985338",4,1,2,0,1,0,2,0,2,1,0,0,0,1,0,0,0,1,0,0,2,1,0,0
"1986018",4,0,1,0,0,0,0,1,2,0,0,1,0,1,0,0,1,0,0,1,0,0,0,0
"1986118",0,3,1,0,3,3,1,4,1,1,1,1,2,0,0,2,0,2,1,0,1,1,3,3
"1993863",0,2,3,2,1,0,4,3,1,1,0,0,2,0,0,0,1,0,1,0,1,1,3,2
"2006135",0,0,0,0,0,0,0,0,0,0,0,4,0,0,0,0,0,0,0,0,0,0,2,0
"2024263",0,4,2,1,0,3,0,0,1,0,1,0,2,1,0,0,1,0,3,0,2,0,4,0
"2033844",1,4,1,0,0,1,0,3,2,0,0,0,0,0,0,1,0,1,0,4,0,0,0,0
"2044610",4,0,0,1,0,0,2,0,0,0,0,0,1,1,0,0,2,1,0,0,0,0,0,0
"2051905",0,0,3,2,1,0,2,1,0,0,0,4,0,0,0,0,0,0,2,0,0,0,0,0
"2053832",0,4,4,4,2,1,2,0,3,2,2,0,1,1,1,0,1,0,1,0,2,0,1,1
"205870",0,0,2,1,0,0,2,1,1,2,1,0,0,0,3,0,0,0,1,0,0,4,0,0
"2060307",2,3,4,2,2,1,4,0,0,1,0,0,1,1,1,2,2,3,0,1,2,1,0,3
"2079257",0,1,0,2,1,1,1,3,0,0,1,1,2,2,1,3,1,1,0,3,0,0,4,2
"2126928",1,2,1,2,0,0,4,4,2,2,0,1,0,2,0,1,1,0,1,1,0,1,0,1
"2169882",2,1,0,1,1,0,0,0,0,0,1,0,0,0,0,1,1,0,0,0,0,0,4,0
"2170174",2,0,2,0,0,2,0,1,1,0,0,0,1,0,3,2,0,0,4,0,0,0,0,1
"2170236",0,0,0,0,1,0,0,0,0,0,0,0,2,2,0,1,1,0,0,4,0,0,0,0
"2171497",1,2,4,0,0,0,0,0,0,2,0,1,1,0,1,0,0,1,0,0,0,0,1,0
"2182395",0,3,0,3,3,1,1,4,2,1,0,0,1,1,2,0,1,0,3,2,0,3,1,0
"2182397",2,0,0,0,2,2,1,1,2,1,4,0,0,4,4,1,0,0,1,0,0,0,0,4
"2200830",0,1,0,0,0,0,0,4,0,0,0,0,3,1,0,0,1,0,0,1,3,2,0,0
"2201441",1,4,2,1,0,0,0,0,2,0,0,3,2,2,3,2,0,1,2,1,1,2,0,0
"2232",0,2,1,1,0,2,2,3,0,0,1,2,0,1,3,1,3,1,0,1,2,0,4,1
"227470",1,0,2,0,0,0,0,0,0,0,0,0,0,0,0,1,0,0,0,0,4,1,0,2
"2279",1,1,0,0,4,0,0,0,0,0,0,1,2,0,1,0,2,2,0,0,0,1,2,2
"2282409",4,1,0,1,0,0,0,2,2,0,1,0,0,2,1,2,1,2,1,2,0,0,0,0
"2316020",0,3,0,0,0,0,0,2,4,0,0,0,0,0,2,1,2,0,1,1,0,0,0,0
"2375",0,2,1,4,2,4,1,2,1,3,4,2,2,2,0,2,0,0,2,2,1,1,2,3
"2419963",1,2,0,0,3,1,3,1,2,3,0,1,2,1,0,4,0,3,1,1,2,1,0,1
"2419968",0,0,1,1,2,2,1,0,2,1,1,0,3,4,4,0,3,0,0,2,0,0,0,0
"2483673",1,0,0,0,1,0,1,1,0,1,1,0,0,2,0,0,1,0,1,4,1,0,1,0
"2487150",0,0,1,0,1,1,0,0,0,0,0,4,0,0,2,1,4,1,0,0,0,2,0,0
"2497644",2,0,0,1,1,4,0,0,0,1,0,2,1,2,0,0,0,1,1,0,0,2,2,1
"2499023",2,0,1,1,2,1,1,2,0,0,4,2,3,3,0,1,0,3,2,1,0,1,1,3
"2509662",0,2,0,0,1,4,2,0,0,0,0,3,0,1,0,0,0,1,1,0,1,1,4,0
"251749",0,1,2,0,2,1,2,3,1,1,2,1,3,4,0,0,2,0,1,0,1,0,2,3
"2559074",1,3,0,1,1,0,0,0,0,1,0,0,1,0,0,4,1,1,4,0,0,1,3,1
"2560096",1,0,2,1,0,0,1,0,0,0,0,4,0,1,1,2,1,0,0,1,0,0,0,0
"2560147",0,2,0,0,0,1,0,2,0,1,0,0,0,1,0,0,0,1,2,0,0,4,1,0
"2560273",0,0,1,0,0,0,0,1,0,0,0,0,0,0,0,0,0,0,0,0,0,4,0,1
"2560306",2,1,0,0,1,1,0,0,1,2,0,1,0,2,1,4,1,1,2,0,0,0,1,1
"2560356",1,1,3,2,0,0,0,0,1,0,0,0,0,1,0,0,0,0,0,0,0,4,0,0
"2560476",0,0,0,0,4,0,0,0,0,0,0,0,0,0,0,0,0,0,0,0,1,0,0,0
"2560490",0,1,0,0,0,2,0,3,3,1,2,1,0,2,1,2,4,0,1,2,0,0,0,1
"2560507",1,4,0,2,0,1,1,0,1,1,0,2,1,0,0,0,1,0,0,0,2,2,0,0
"2560512",2,0,1,0,2,0,1,1,2,0,3,0,4,0,0,2,0,3,0,1,1,0,3,0
"2560607",0,1,1,0,0,4,2,0,2,1,0,0,0,1,1,1,1,2,0,1,2,1,1,1
"2560628",1,0,0,0,0,1,0,0,1,1,1,0,2,0,0,0,4,4,0,0,2,3,0,1
"2560631",1,1,1,1,4,0,0,4,0,2,0,0,1,0,0,2,0,0,3,0,1,0,0,3
"2560676",0,1,2,1,0,0,0,0,1,2,2,0,0,4,1,0,1,0,1,0,1,0,1,0
"2560683",3,0,1,0,0,1,1,1,1,0,0,0,1,2,4,3,0,0,0,1,2,1,2,0
"2560751",1,2,0,2,1,2,0,4,0,0,0,1,0,0,0,0,0,0,4,0,0,0,0,0
"2565372",3,0,2,1,4,0,1,0,0,3,1,0,0,0,1,0,0,0,0,0,1,1,1,0
"2565509",4,0,1,2,2,1,4,2,1,1,4,1,3,2,0,0,2,0,2,1,1,1,3,1
"2571247",1,0,2,1,0,1,0,0,0,4,1,3,1,1,1,0,0,1,0,1,0,4,2,3
"257277",1,0,0,0,1,0,0,0,0,0,0,0,2,2,0,0,0,1,4,0,0,0,0,0
"2578113",3,4,3,2,2,1,0,1,1,1,0,0,2,0,3,1,3,2,0,0,0,0,2,3
"2578114",1,0,0,0,0,0,0,0,4,1,0,0,0,0,1,0,0,0,0,0,0,0,1,0
"257816",0,0,0,0,4,2,3,0,0,0,0,0,0,0,0,0,0,0,0,0,0,0,0,1
"2591214",4,2,3,3,2,1,3,1,2,0,0,2,1,0,1,1,0,2,2,1,2,1,1,1
"2594453",2,4,0,2,2,2,0,0,1,2,0,2,1,1,0,0,2,0,0,0,0,0,3,2
"2594494",1,0,0,0,4,1,1,0,0,0,1,0,0,1,0,0,1,0,1,3,0,1,2,0
"2596974",4,2,2,3,2,1,1,3,2,1,1,0,1,2,3,1,1,1,2,2,0,2,2,4
"260373",4,1,0,2,0,1,1,1,0,0,0,1,1,0,0,2,0,0,1,0,0,0,2,0
"2604840",0,0,1,1,0,1,1,3,0,1,0,1,0,1,4,2,1,0,0,1,2,1,1,3
"2606911",1,4,1,0,1,0,0,0,2,3,1,1,2,3,1,1,2,0,2,0,1,0,1,3
"2614160",0,0,1,0,3,2,2,3,4,1,0,0,1,3,2,0,0,0,1,1,1,0,3,0
"262968",1,0,0,3,2,1,2,4,0,0,0,0,0,2,1,0,1,0,1,0,1,1,0,0
"2653271",1,2,2,2,2,2,1,3,1,0,0,0,2,0,0,0,2,0,4,0,0,1,0,0
"2653718",4,0,0,0,0,0,0,0,0,0,4,0,1,0,0,2,0,0,0,0,0,0,0,0
"2654281",3,3,1,2,0,1,1,0,3,0,0,4,1,0,0,1,0,3,1,0,0,1,0,3
"265522",2,0,0,3,0,1,0,0,0,0,0,4,0,2,0,2,0,1,0,2,1,1,0,4
"2661587",0,0,2,0,0,2,0,0,1,2,1,1,0,0,0,0,0,2,2,2,4,0,0,2
"2665175",1,4,1,4,0,1,1,1,0,1,1,0,0,0,0,1,1,0,3,1,0,3,0,0
"2675059",2,3,4,0,4,3,0,4,0,0,0,1,3,2,0,0,1,0,0,0,2,0,1,2
"2675775",1,1,2,3,1,3,0,2,2,0,0,1,1,4,1,0,1,0,4,3,1,3,3,0
"2675777",1,2,1,1,1,4,0,1,1,1,4,0,4,1,1,0,0,2,2,3,1,2,1,1
"2675788",2,4,0,0,1,1,0,0,1,0,0,1,0,1,0,0,0,0,0,0,0,0,1,0
"2675789",2,3,1,0,1,1,3,2,1,0,2,1,2,0,1,0,1,0,2,1,3,4,2,1
"2678565",1,0,0,0,1,1,0,0,1,1,0,0,0,0,1,1,1,0,2,0,0,1,4,0
"2681265",0,1,0,3,0,3,0,2,0,0,0,1,3,0,0,4,0,2,0,0,0,2,0,0
"2681861",0,2,1,2,1,1,0,2,3,1,0,1,0,0,4,0,2,1,1,1,3,2,0,4
"2713258",1,0,2,0,1,2,0,0,0,2,0,1,1,0,0,1,4,0,0,0,0,2,0,1
"2713260",2,1,3,0,2,0,2,0,3,1,2,0,0,1,2,1,4,0,0,0,3,0,1,3
"2731928",0,4,1,0,0,0,0,0,0,0,0,0,0,0,0,0,1,0,4,1,1,0,0,0
"2731942",0,0,0,0,4,2,0,1,0,1,1,3,0,1,0,0,0,1,1,0,0,2,1,0
"2732785",0,0,1,4,0,0,0,0,0,1,0,0,0,0,0,0,2,0,0,1,0,0,0,0
"2732912",0,0,0,0,4,0,0,0,0,1,1,0,2,0,0,0,0,0,4,3,1,0,0,0
"2732930",0,0,4,0,0,0,0,0,0,0,0,0,0,0,0,0,0,0,0,0,0,0,0,0
"2733124",0,2,1,4,1,1,0,0,0,0,0,1,0,2,3,2,1,0,1,0,2,1,0,0
"2733156",1,1,0,0,1,0,2,3,4,1,0,0,0,1,0,2,2,0,2,1,2,3,1,1
"2733201",0,0,2,0,0,2,0,4,0,1,1,0,0,0,0,0,0,0,0,0,1,0,0,0
"2733295",0,3,0,1,1,4,3,0,0,0,3,1,1,0,2,2,2,0,4,1,3,0,0,0
"2733316",1,0,0,0,0,0,0,0,0,0,0,4,0,0,0,0,0,0,0,0,0,1,0,0
"2733334",4,3,1,2,2,0,1,1,1,0,1,2,0,1,1,0,1,2,3,0,0,0,0,0
"2733348",0,0,0,0,1,4,1,3,1,1,0,0,0,0,1,0,1,0,0,0,2,0,0,1
"2733355",1,1,1,0,4,0,0,0,0,0,0,0,0,0,2,0,0,0,0,0,0,0,0,1
"2733579",0,0,0,0,0,0,0,0,1,0,0,0,0,4,3,0,0,0,0,0,2,0,0,0
"2733655",0,0,0,2,0,0,1,0,0,4,1,0,2,3,0,0,0,0,0,0,0,0,0,0
"2733665",0,0,0,0,0,0,0,0,0,0,0,0,0,0,0,0,0,0,0,0,0,0,0,4
"2733668",0,0,0,0,4,0,0,0,0,0,0,0,0,0,0,0,0,0,0,0,0,0,0,0
"2733896",0,0,2,0,0,0,2,0,1,0,0,0,0,0,2,0,0,1,0,0,1,0,4,0
"2733926",4,0,0,2,1,2,0,0,0,0,0,2,0,0,0,0,1,0,1,0,0,1,0,0
"2733927",0,4,4,1,0,2,2,1,2,1,1,2,3,2,0,1,0,3,0,0,1,4,2,0
"2733938",1,0,4,2,1,0,3,2,0,0,0,4,0,0,1,0,0,0,0,0,3,3,1,0
"2733952",2,4,1,0,1,2,2,3,2,0,3,2,0,0,3,1,0,1,0,2,1,4,3,0
"2734083",4,1,2,3,1,0,0,0,2,4,0,2,0,3,1,0,1,0,1,1,1,1,0,1
"2734084",2,2,0,2,0,1,0,1,4,1,2,0,0,0,2,0,1,0,1,1,3,3,0,2
"2734088",0,4,1,3,1,0,0,3,0,0,0,3,0,0,0,0,0,0,1,1,0,1,0,0
"2734105",1,2,4,1,0,3,0,0,1,2,2,0,0,1,0,0,0,1,0,0,2,2,4,2
"2734111",4,0,0,0,0,0,0,0,0,0,0,0,0,0,1,0,0,0,0,0,0,0,0,0
"2734124",0,0,0,0,0,1,0,1,0,0,1,0,1,1,4,0,1,1,0,0,0,2,0,0
"2734127",3,0,1,2,0,4,0,2,1,0,0,0,0,0,2,0,0,0,0,0,0,0,1,1
"2734128",2,1,1,4,1,3,0,4,1,0,0,0,0,0,0,0,2,0,0,1,0,2,2,0
"2734150",1,0,0,0,0,0,0,0,0,1,1,0,0,4,0,0,1,1,0,0,0,0,0,0
"2734153",2,2,3,1,2,0,0,2,1,0,0,1,1,1,1,1,4,0,1,0,1,0,0,3
"2734158",3,1,1,0,2,4,1,1,0,1,0,4,0,0,0,0,1,0,0,1,1,0,2,0
"2734199",1,3,1,0,3,2,2,0,1,2,4,0,0,1,0,1,0,0,1,2,0,0,0,2
"2734213",2,2,1,2,1,0,1,2,1,2,1,1,0,1,0,3,0,1,1,4,2,2,3,3
"2734216",3,0,0,0,0,1,1,0,0,0,1,3,1,0,2,0,4,0,3,0,2,1,0,0
"2734222",1,0,0,0,1,0,0,0,0,0,0,0,0,1,2,4,0,0,0,0,0,1,1,0
"2734224",2,0,4,1,3,2,0,0,0,1,0,4,0,1,3,1,1,1,0,1,0,2,0,1
"2734228",0,0,1,0,0,4,0,0,2,3,2,2,0,0,1,1,2,2,0,0,0,1,0,0
"2734237",2,4,0,1,1,0,0,1,4,2,2,0,2,0,2,1,1,0,0,1,0,0,2,1
"2734260",3,1,0,1,1,1,3,2,0,0,3,4,1,2,0,3,1,0,0,1,0,1,0,0
"2734271",1,0,0,1,1,3,0,2,2,0,3,0,1,1,0,0,0,0,0,0,1,2,0,4
"2734285",0,4,2,0,2,0,0,1,0,1,0,0,0,1,1,0,0,0,0,3,2,2,0,1
"2734287",0,0,0,1,2,0,2,1,1,0,0,1,1,0,4,0,0,0,0,0,3,2,0,1
"2734288",1,0,0,1,0,0,1,0,1,1,4,0,0,1,0,0,1,1,0,0,3,0,1,0
"2734289",4,2,2,3,2,3,1,0,2,3,0,1,1,0,2,0,3,1,0,2,1,0,1,0
"2734518",0,0,0,0,0,0,4,0,3,2,1,0,0,0,0,0,0,0,0,0,0,0,0,0
"2734574",0,0,0,2,4,1,0,0,2,1,0,0,0,1,0,0,0,0,0,0,0,0,0,0
"2736273",1,1,2,2,0,2,1,2,2,2,1,0,2,1,0,3,4,1,0,2,0,0,1,1
"2742657",2,1,0,0,0,0,0,4,3,2,0,2,0,2,1,1,0,0,0,2,1,1,0,1
"2748871",0,0,1,2,1,1,1,1,0,0,4,2,1,0,0,0,1,0,1,0,1,1,0,0
"2762280",2,1,1,4,3,0,4,1,1,3,2,1,2,2,0,0,0,0,0,0,1,2,4,1
"2762559",2,3,2,1,1,1,2,1,1,0,2,2,0,3,1,0,1,0,0,1,3,1,2,4
"2767890",3,0,0,0,0,0,1,1,4,1,2,2,4,0,3,0,3,1,0,0,0,1,0,0
"2770092",4,0,0,0,1,0,1,0,1,0,1,0,1,0,0,0,0,1,0,1,0,0,3,0
"2770772",1,0,0,4,0,0,0,1,0,1,1,0,0,0,0,1,1,1,0,0,2,1,0,1
"2770776",2,2,1,1,2,3,1,4,1,0,3,0,0,3,1,1,0,1,0,2,1,1,4,3
"2782652",0,0,2,3,0,0,2,1,1,0,1,0,1,1,1,0,1,0,0,0,1,4,0,0
"2790983",3,0,0,2,0,4,1,1,0,1,1,1,0,2,2,1,0,0,1,0,0,0,0,1
"2813545",0,0,0,0,0,0,1,0,0,0,0,0,0,0,0,0,0,0,0,0,0,4,0,0
"2819099",2,3,1,0,0,1,0,3,0,0,1,4,1,0,2,1,2,2,0,0,2,0,0,1
"2821409",0,1,0,1,1,0,2,2,1,1,0,0,0,1,0,1,0,1,0,2,2,3,0,4
"2832322",1,1,0,0,1,0,2,0,1,1,0,0,0,4,0,0,1,2,0,2,1,0,0,0
"28369",0,1,0,0,0,0,1,2,0,0,1,0,0,0,0,1,2,1,1,1,4,1,3,1
"2842586",2,0,1,0,0,4,0,0,1,1,0,0,0,2,3,1,0,3,2,1,0,2,3,1
"2842588",2,3,4,0,0,0,0,0,0,0,0,0,2,0,0,1,1,1,1,2,1,1,4,0
"2842751",2,0,4,0,1,0,0,0,1,0,0,0,0,0,0,0,0,0,2,0,0,1,0,0
"2842979",2,4,1,3,0,2,0,2,0,2,1,1,2,0,1,0,2,1,3,0,0,1,0,0
"2843352",1,4,0,0,4,1,1,2,1,1,4,1,2,2,3,0,0,2,2,2,0,1,1,0
"2843401",3,1,1,0,1,0,0,2,0,0,3,2,2,0,0,0,0,0,0,0,0,2,3,4
"2843728",3,1,2,0,2,3,1,2,0,4,4,0,1,2,3,2,2,4,1,2,1,2,0,2
"2843777",2,0,4,1,1,0,0,2,0,0,0,0,0,0,0,1,0,0,4,0,0,2,0,0
"2843897",3,1,3,1,1,2,3,4,2,0,4,3,1,1,1,2,1,1,2,1,0,0,0,4
"2844087",1,0,1,1,1,1,2,4,0,2,2,1,0,0,0,0,0,0,4,1,1,2,0,1
"2844163",4,2,0,0,1,3,3,1,1,1,4,2,4,1,2,0,0,1,0,3,1,1,0,0
"2844165",0,0,2,0,1,1,1,0,0,2,1,0,1,0,0,1,0,0,0,0,0,0,4,1
"2844679",0,0,1,0,0,0,0,4,0,0,0,0,0,0,0,0,0,0,0,0,0,0,0,0
"2844715",0,0,2,4,0,0,0,0,0,0,0,0,0,0,0,0,0,1,0,0,1,1,0,0
"2844725",0,4,0,0,0,0,0,0,0,0,0,0,1,0,0,0,0,0,1,0,0,0,0,0
"2845093",2,0,4,2,0,0,0,0,0,0,0,2,0,0,1,0,0,0,0,0,0,0,0,0
"2845137",0,0,1,0,0,2,0,4,0,0,0,0,1,0,0,0,2,0,3,0,0,0,0,1
"2845524",1,2,0,1,0,2,1,1,1,3,0,1,1,1,1,3,1,4,1,0,1,1,0,0
"2845656",1,1,2,0,1,2,2,1,1,2,1,0,4,4,2,0,3,0,0,1,2,2,1,0
"2845760",0,1,0,0,0,0,0,0,0,2,0,0,0,0,0,0,0,0,0,0,0,0,0,4
"2845837",0,0,1,0,0,1,0,0,0,0,0,0,2,0,1,0,4,0,0,0,0,0,0,0
"2845958",0,0,0,0,4,0,0,1,0,1,1,1,1,1,0,0,0,0,0,0,0,0,0,0
"2845971",4,1,0,0,0,0,0,0,0,0,0,0,0,2,0,0,0,0,0,0,0,1,1,1
"2846043",0,0,2,4,0,0,0,0,0,0,0,0,0,1,0,0,0,0,0,1,0,0,1,0
"2846045",1,0,0,4,1,3,1,0,0,2,0,0,0,0,0,0,0,0,2,0,0,0,0,0
"2846051",0,0,0,1,1,4,1,2,2,0,1,1,0,0,1,0,0,1,4,2,1,0,1,0
"2846179",0,4,0,0,0,0,0,0,1,0,0,2,0,0,0,0,0,1,4,0,0,4,0,0
"2846182",0,0,0,0,0,0,0,0,1,0,0,2,2,0,0,0,0,0,0,0,0,4,0,0
"2846183",0,0,4,0,1,0,0,1,0,0,1,0,0,0,0,0,0,0,0,0,1,0,0,0
"2846397",0,0,0,1,0,0,0,4,0,0,0,0,0,0,0,0,0,0,0,0,0,1,0,0
"2846401",4,0,0,0,0,2,1,1,0,0,2,0,0,0,0,0,0,0,0,3,0,1,0,0
"2846407",0,1,4,2,0,0,2,1,1,0,1,0,2,0,0,0,3,0,1,2,0,0,1,0
"2846672",0,0,0,2,2,0,0,2,1,1,1,4,1,1,0,0,0,0,0,1,0,1,0,1
"2846739",0,0,0,4,1,2,0,0,1,3,1,1,1,0,0,1,1,2,1,1,0,3,1,0
"2847108",0,1,4,0,0,0,0,2,0,2,1,1,2,0,0,3,1,0,2,0,0,0,2,1
"2850492",1,0,0,0,0,4,3,1,2,1,1,0,0,0,3,0,1,0,1,0,0,1,0,0
"2850493",1,2,0,0,2,2,0,0,2,1,0,0,0,1,1,0,2,0,1,2,0,4,0,0
"2857501",3,3,4,1,0,1,2,1,0,0,0,0,0,1,0,0,0,0,0,2,0,0,0,0
"2859227",4,0,0,0,2,0,0,0,0,0,0,0,2,0,1,0,1,0,0,0,0,0,0,0
"2859633",2,3,1,3,4,1,0,1,1,0,1,3,2,2,0,1,1,1,0,1,1,2,1,0
"2859655",1,0,1,1,2,0,4,1,1,0,0,0,1,1,0,0,0,1,2,1,0,2,0,0
"286130",0,0,3,0,0,0,1,0,2,4,0,2,3,1,0,1,0,0,1,0,2,0,0,2
"2863194",1,0,0,0,2,2,0,0,0,2,0,0,2,4,0,1,2,0,0,2,1,1,0,1
"2867473",0,4,1,0,2,3,0,4,0,1,1,0,3,0,0,0,1,1,0,0,2,0,1,2
"2869544",0,0,0,0,0,4,0,0,0,4,0,0,0,0,0,0,0,0,0,0,3,0,0,1
"2871538",1,0,0,2,2,4,0,1,3,2,0,2,2,1,0,2,3,0,1,1,0,0,1,1
"2873460",1,0,1,0,0,0,0,0,1,2,0,0,0,0,1,0,0,1,1,0,0,4,0,1
"2874886",0,0,0,0,0,0,0,0,0,0,0,0,0,0,0,0,0,0,0,0,0,1,0,4
"2876028",3,4,0,0,2,0,1,1,0,1,1,0,0,0,0,1,0,0,2,0,0,0,0,1
"2881426",2,3,4,3,1,3,2,4,2,4,1,1,3,0,3,0,1,0,0,2,4,2,0,1
"2883236",0,1,1,0,0,2,4,2,0,1,0,3,0,1,0,3,2,0,0,0,0,0,0,1
"2886823",1,1,2,2,2,0,0,2,0,1,2,1,2,1,1,0,0,1,0,2,4,1,3,2
"28874",0,1,4,0,0,0,0,0,0,0,0,0,0,1,0,0,1,1,0,2,0,0,0,1
"2898580",1,0,1,0,0,0,4,1,1,0,2,0,1,0,1,1,0,0,1,2,0,3,1,0
"2898581",0,0,0,1,4,0,0,0,0,0,0,1,0,0,0,0,0,0,0,0,0,1,1,2
"2906468",1,2,3,3,1,4,2,2,0,3,0,2,1,3,2,3,4,0,0,2,1,3,2,0
"2912630",1,0,3,0,0,3,2,0,0,0,3,0,0,0,0,2,0,0,1,0,4,1,1,0
"2922858",0,2,0,0,0,0,0,0,3,3,2,1,0,1,3,1,0,0,0,3,2,0,0,4
"2930131",0,1,0,0,0,0,1,0,3,0,0,1,0,0,4,1,1,0,1,0,0,1,3,0
"2937792",0,0,2,2,1,2,2,3,3,0,0,3,0,0,2,0,0,0,0,0,0,1,1,4
"2942480",2,2,4,2,2,3,1,3,1,1,2,3,4,2,1,0,1,3,1,3,1,0,1,0
"2948775",4,0,1,0,2,0,1,2,0,2,0,0,0,0,0,0,0,0,1,0,0,0,0,0
"2948823",0,4,0,4,2,1,0,1,0,2,1,0,1,1,0,1,2,0,0,1,1,2,0,0
"2948877",3,4,1,1,4,1,2,1,0,4,0,1,0,0,0,1,1,1,0,2,0,0,1,0
"2953978",1,3,0,0,1,2,0,4,1,1,0,2,0,0,0,2,0,1,0,0,0,0,2,4
"2953980",0,3,1,1,0,0,0,0,2,4,2,1,0,2,0,0,1,0,0,0,2,0,0,0
"2954023",0,1,0,0,1,0,1,0,0,1,0,1,0,0,0,0,0,0,0,0,0,0,3,4
"2954031",1,1,0,1,0,1,1,2,0,3,1,3,2,1,1,4,2,1,0,3,0,2,2,3
"2955228",2,2,4,0,2,1,2,1,3,1,2,2,2,1,1,2,2,2,4,2,1,1,3,2
"2955333",0,0,0,4,1,0,1,1,0,1,0,0,0,0,0,0,0,0,1,1,1,0,1,1
"2955350",0,3,2,1,1,0,2,2,2,1,1,4,0,4,1,1,1,4,1,3,2,0,1,0
"2955388",0,0,1,1,2,0,0,0,0,0,1,0,0,0,0,0,0,0,4,0,1,1,0,0
"2955404",1,0,0,1,2,2,0,2,1,1,0,0,1,1,0,1,3,4,0,2,0,0,0,0
"2955496",2,1,0,0,0,2,3,0,3,0,0,1,1,1,0,4,0,0,0,0,1,1,1,0
"2955538",3,1,0,4,0,3,1,1,1,0,0,0,0,0,0,0,1,0,2,0,2,1,0,1
"2955544",1,0,0,0,0,0,1,0,0,0,4,0,0,0,0,0,0,1,0,0,0,0,0,0
"2955611",1,0,2,0,2,1,2,1,2,0,0,2,2,4,0,2,3,0,1,0,1,1,0,1
"2955647",4,0,1,0,0,0,0,0,0,0,0,0,0,0,0,0,0,0,0,0,0,0,0,0
"2955718",0,0,0,1,1,0,1,0,0,1,0,0,4,0,0,0,0,1,1,0,2,0,2,0
"2955740",0,0,0,0,0,0,0,0,0,0,0,0,0,0,0,0,0,0,0,0,4,1,0,0
"2955764",0,1,1,0,2,0,4,0,0,0,0,2,0,0,0,0,0,2,2,2,1,1,2,2
"2955846",0,0,0,0,0,0,0,0,0,1,0,0,0,0,0,0,4,1,0,1,0,0,0,0
"2955885",1,1,3,1,0,1,3,0,3,4,0,1,2,0,0,0,0,0,0,0,0,1,2,3
"2955890",1,4,3,2,0,0,0,2,3,3,1,1,0,2,3,2,2,1,2,0,1,3,0,4
"2955895",0,0,1,0,1,1,0,0,1,0,1,0,0,0,0,2,2,0,0,2,4,0,0,0
"2955900",1,2,1,0,0,0,0,0,1,0,0,0,1,1,1,0,4,0,0,0,0,1,0,1
"2955915",1,2,1,3,1,1,1,2,0,2,0,2,0,3,0,0,1,0,1,0,1,1,0,4
"2955922",0,4,0,0,0,0,0,0,0,0,0,0,0,0,0,0,0,0,0,0,0,0,0,0
"2955971",2,3,0,2,1,1,2,0,0,2,0,0,0,0,0,0,0,2,1,2,0,0,4,0
"2956008",0,0,0,0,0,0,2,0,0,4,2,2,0,0,0,1,0,0,0,0,0,0,1,0
"2956047",0,0,0,0,0,0,0,0,0,4,1,0,4,1,1,0,0,0,0,1,0,0,0,0
"2956089",1,1,4,0,0,2,1,0,3,0,1,2,1,2,2,1,1,0,1,2,1,0,1,4
"2956096",1,0,1,0,4,0,0,0,0,0,0,0,1,0,0,0,0,0,0,0,0,2,0,0
"2956117",0,4,3,4,1,0,1,4,0,2,2,3,1,3,1,1,1,4,1,2,1,1,2,4
"2956132",3,2,0,2,4,1,0,4,4,3,0,1,0,0,0,3,0,1,2,0,1,0,0,1
"2956180",0,0,0,0,0,0,0,4,0,0,0,0,0,0,0,0,0,0,0,0,1,0,0,0
"2956194",0,1,1,0,4,0,0,1,0,3,1,1,1,0,2,0,2,1,1,1,0,0,0,0
"2956206",1,4,1,1,1,3,0,0,0,0,0,0,0,0,1,0,0,0,0,0,0,0,0,0
"2956261",1,3,4,0,1,1,4,1,2,3,0,4,4,0,4,1,1,2,0,0,2,4,0,2
"2956263",2,4,3,0,0,1,1,0,1,1,1,3,0,1,2,2,1,1,2,2,0,0,2,1
"2956309",2,0,0,4,3,2,1,2,1,2,2,4,0,1,0,1,1,1,2,1,0,0,1,0
"2956356",0,0,0,0,0,2,0,0,0,0,0,0,0,0,0,0,1,0,0,0,0,1,0,4
"2956358",1,4,2,1,3,0,1,2,1,0,0,3,0,2,0,1,2,3,4,4,1,2,1,1
"2956387",2,0,0,4,0,3,3,1,3,0,0,3,0,2,0,1,2,0,0,2,2,0,1,2
"2956400",0,0,0,0,0,0,0,0,0,1,0,0,0,0,0,0,0,0,0,0,4,0,0,2
"2956426",0,0,1,0,1,0,0,2,0,0,0,0,0,0,0,0,1,0,4,0,0,0,0,0
"2956437",3,2,4,3,4,0,2,3,0,1,0,3,2,0,2,3,1,3,0,0,0,1,2,4
"2956523",1,1,0,0,2,1,0,0,0,0,0,0,0,0,0,0,0,0,4,0,0,0,0,0
"2956536",2,3,4,0,2,2,2,4,0,0,0,4,0,0,1,1,0,3,0,0,1,2,0,0
"2956563",1,0,0,4,1,0,0,0,0,4,0,0,0,1,0,0,0,0,0,0,4,0,0,1
"2956640",4,3,0,0,0,0,0,0,1,3,2,0,1,3,0,2,0,0,0,1,4,1,0,1
"2956661",0,4,0,2,0,3,0,2,1,1,2,3,0,2,1,3,1,2,2,3,3,1,3,1
"2956665",1,2,4,1,0,3,0,0,1,1,1,0,1,4,3,3,3,1,2,1,1,0,2,1
"2956692",1,0,3,4,2,1,2,0,0,3,2,2,1,0,0,1,1,0,0,1,0,0,0,2
"2956693",0,0,0,0,0,0,0,0,3,0,0,1,0,0,0,0,0,4,1,0,0,1,0,0
"2956698",0,4,0,0,0,0,0,0,0,0,0,0,0,0,0,0,0,0,0,0,0,1,0,1
"2982871",2,2,1,1,3,3,1,1,1,1,2,2,0,0,0,0,2,0,0,0,4,1,1,0
"2983842",2,4,4,1,1,0,3,1,1,3,2,3,0,1,0,4,4,2,1,3,2,3,0,2
"2989772",0,4,1,0,0,0,1,0,0,1,1,0,2,1,0,2,3,0,0,1,0,2,0,3
"2993654",0,0,0,2,1,0,0,1,2,0,4,1,1,0,0,2,0,2,0,1,1,0,1,2
"3031799",2,0,0,4,0,3,0,0,0,2,0,0,1,0,1,0,0,0,3,0,1,0,0,0
"3039167",2,2,2,1,0,2,2,2,3,4,0,2,0,2,0,1,2,3,1,0,3,1,1,0
"304399",0,0,0,0,0,4,0,0,0,1,0,1,0,0,0,0,0,0,0,1,2,0,0,0
"3047354",0,1,1,1,1,2,0,1,3,4,2,1,3,1,3,1,4,1,0,1,1,2,2,0
"3047764",4,2,0,0,1,0,0,0,1,1,0,1,1,0,0,1,0,0,0,0,2,0,0,0
"3047782",4,2,0,1,0,0,0,1,0,0,2,1,2,1,0,4,0,0,1,2,0,0,2,0
"3047831",2,0,3,4,1,1,3,2,0,2,2,0,0,1,3,0,0,2,1,4,1,1,0,0
"3048336",3,4,4,3,1,2,1,2,2,4,0,4,1,1,3,1,1,0,2,0,2,2,0,2
"3048363",2,1,3,2,0,2,0,0,0,1,1,0,0,0,1,2,1,1,4,0,2,4,0,2
"3048436",3,2,0,4,0,1,1,0,3,1,1,2,1,0,0,2,2,1,2,0,1,2,2,3
"3050250",0,0,0,0,0,0,0,0,0,0,0,0,1,0,0,0,0,0,3,0,0,4,0,0
"3050269",3,4,4,2,4,1,0,1,1,1,2,1,0,1,1,1,1,1,3,1,1,3,2,4
"3050276",2,0,1,1,4,2,0,2,4,2,1,0,0,0,1,2,1,2,0,0,0,0,1,0
"3050294",2,1,0,1,0,3,1,0,0,0,4,0,0,0,0,0,2,1,4,0,0,1,3,0
"3050299",2,2,2,1,3,0,3,0,0,2,3,2,0,1,0,0,2,2,1,0,0,0,0,4
"3050315",0,0,2,0,0,4,1,0,3,0,0,0,1,1,0,1,0,2,2,1,0,1,0,0
"3050317",3,3,1,0,0,1,2,0,0,0,0,1,3,0,2,1,4,0,0,3,0,0,0,0
"3050326",0,0,4,2,0,4,0,1,0,0,3,3,0,1,0,3,0,1,0,0,3,1,4,1
"3050332",1,0,0,2,0,0,0,1,0,0,0,2,1,0,1,0,0,4,1,0,0,0,2,0
"3050349",1,4,1,0,3,3,2,0,1,0,1,2,0,0,2,0,2,1,1,1,1,0,0,0
"3050383",0,4,0,2,1,2,0,1,2,0,2,3,0,1,4,1,0,1,2,0,0,2,0,1
"3051412",0,0,0,0,0,0,0,0,0,0,0,0,0,0,0,0,0,0,0,0,0,0,4,0
"3051421",0,1,0,1,3,1,2,0,0,0,0,2,0,0,1,1,0,0,0,0,1,0,0,4
"3051617",1,0,0,0,1,4,0,0,1,0,2,1,0,4,4,0,0,0,1,2,0,2,0,1
"3052177",1,0,0,0,1,1,1,0,0,1,0,0,0,4,1,1,2,0,0,0,1,3,1,0
"3052605",0,4,0,1,0,1,1,0,0,0,0,0,0,0,0,1,0,0,0,1,0,0,0,0
"3052617",0,0,0,0,0,0,0,0,0,0,0,0,0,0,0,0,0,0,4,0,0,0,0,0
"3060030",0,0,0,0,0,0,0,0,4,0,0,0,0,0,0,0,0,0,0,3,0,0,0,0
"3060303",0,4,2,1,0,2,2,0,0,3,0,0,0,1,0,0,0,0,0,0,0,0,0,0
"3074086",1,4,3,4,1,1,3,4,2,0,3,2,1,2,0,4,1,3,2,1,0,2,0,1
"3074204",4,0,0,0,1,3,0,0,0,1,1,0,2,0,2,0,0,1,0,0,0,0,0,1
"324078",2,3,2,0,0,1,3,3,1,3,1,3,0,4,1,0,0,1,3,3,0,1,1,1
"327511",2,2,2,2,3,2,1,3,2,4,2,4,0,1,1,0,2,2,3,4,0,1,0,0
"333754",1,0,1,1,0,4,0,2,0,0,0,3,0,0,0,0,0,0,0,0,0,4,0,0
"336959",0,0,0,0,4,0,0,0,0,0,0,0,0,0,0,0,0,0,0,0,0,0,0,0
"35762",1,0,3,2,2,2,1,0,2,1,0,3,0,4,0,1,1,2,1,1,4,1,3,3
"367806",2,3,0,1,2,2,0,0,4,0,0,0,3,0,0,1,2,1,1,2,0,3,0,2
"37105",1,0,0,0,0,4,0,1,0,0,0,0,0,0,0,0,0,0,0,0,0,0,0,0
"373540",4,1,1,0,0,1,0,2,0,1,2,2,0,0,1,1,0,0,1,0,0,0,0,1
"373543",1,2,3,0,3,2,1,1,2,1,0,4,0,0,0,1,2,0,1,0,3,0,0,1
"373996",0,0,3,2,1,0,4,1,2,2,0,1,2,1,0,2,1,3,2,0,0,1,2,0
"38012",3,0,1,1,0,0,0,1,1,0,4,3,0,0,0,0,0,0,0,0,0,0,0,1
"38312",0,0,1,0,1,0,0,1,0,0,1,0,0,0,0,0,0,1,0,0,0,4,0,0
"393065",2,2,0,1,2,1,1,0,1,0,1,0,4,1,4,1,2,0,0,0,0,1,0,1
"393598",2,1,1,1,4,2,0,0,4,0,0,0,4,2,0,1,3,1,1,0,1,1,0,0
"399726",1,0,1,1,2,1,0,3,0,0,1,0,1,3,2,1,3,2,0,1,2,0,2,4
"401562",4,1,2,1,3,0,2,1,1,0,0,2,0,0,1,1,0,0,4,2,1,0,0,0
"401618",4,0,2,1,3,0,0,0,0,2,0,0,1,0,1,0,3,0,0,2,0,1,0,2
"406340",3,0,0,0,2,2,1,2,3,1,1,0,4,4,1,0,2,4,4,1,1,2,1,0
"409316",2,3,1,2,3,0,0,3,1,1,1,0,0,0,2,1,0,0,1,4,1,2,1,0
"452802",0,1,1,0,0,4,0,0,0,0,0,0,0,1,0,0,0,0,0,0,0,0,0,0
"459532",1,0,2,3,3,0,3,4,1,2,0,1,2,0,0,3,1,2,1,2,2,3,0,0
"46021",2,1,2,0,4,0,0,0,0,0,0,0,0,0,0,0,0,0,0,0,1,0,0,0
"498741",1,0,0,0,0,2,0,2,0,0,0,3,1,1,1,1,0,0,2,0,0,2,4,3
"511678",0,3,3,2,1,2,4,0,1,0,0,1,2,0,4,2,0,2,1,1,1,0,3,0
"51364",0,3,0,3,2,0,1,1,0,0,1,4,0,1,1,0,1,0,4,0,0,1,0,0
"52604",0,0,0,0,2,0,4,2,0,0,0,1,0,0,1,2,0,0,1,1,0,0,3,0
"53434",4,1,3,1,2,1,3,1,1,1,1,3,0,2,1,0,0,2,3,3,0,2,0,1
"540065",0,1,0,0,0,1,1,3,0,1,4,0,1,0,1,0,0,0,0,1,0,2,1,1
"55210",0,1,0,0,0,0,0,1,0,0,0,0,1,0,0,0,0,0,0,0,4,0,0,0
"554131",1,3,2,0,0,0,1,4,1,1,0,0,0,1,0,0,3,1,0,2,0,0,0,0
"566270",2,1,0,0,2,4,0,2,1,2,1,0,2,0,0,1,0,0,1,0,2,1,4,0
"56635",1,0,1,2,1,1,0,1,1,0,1,0,0,0,0,4,0,1,2,0,1,2,0,1
"599",0,4,0,0,1,1,0,1,3,0,0,0,0,1,1,1,0,2,0,0,0,1,0,1
"650377",0,2,3,0,1,3,0,0,4,0,3,3,0,2,0,0,0,0,1,2,0,1,3,0
"665097",3,0,1,0,2,1,2,1,4,2,0,2,0,3,0,0,3,0,3,0,1,3,0,2
"706422",3,2,2,0,0,2,0,1,2,3,0,1,0,0,3,0,2,0,2,1,0,4,2,0
"74385",1,0,3,2,2,0,0,0,0,0,0,0,0,1,2,0,0,0,2,0,1,4,1,0
"753084",2,1,0,4,1,2,0,0,0,0,0,0,1,1,1,1,2,0,0,1,0,1,1,3
"83191",4,4,1,3,0,3,0,1,0,0,0,3,0,1,3,0,1,1,0,2,0,1,0,3
"83554",3,0,1,1,3,2,4,3,0,1,2,0,1,0,0,2,0,2,3,2,2,2,0,3
"83612",4,0,0,0,0,0,0,0,0,0,0,3,0,0,0,0,0,0,0,0,0,0,0,0
"860",1,4,2,0,3,2,2,4,1,0,3,4,3,4,1,0,3,0,0,1,2,1,1,1
"861044",4,2,0,2,0,1,1,1,0,0,0,1,0,0,1,2,0,1,0,0,0,0,0,0
"866790",4,0,1,1,4,3,3,0,0,1,1,2,2,0,0,2,1,0,0,0,0,0,0,1
"880161",3,0,2,0,0,3,0,0,0,0,0,1,0,0,4,0,0,0,2,0,2,4,0,3
"889389",0,0,4,0,0,0,0,0,0,0,0,0,0,0,0,0,0,0,0,0,0,0,0,0
"90060",2,0,0,4,0,1,0,3,2,3,2,0,1,1,0,2,0,2,1,0,0,0,0,1
"909297",0,2,2,1,0,0,2,0,0,0,0,0,3,0,4,0,1,0,0,0,0,0,0,1
"944547",4,1,1,0,1,3,2,0,0,0,1,2,0,0,2,3,2,0,2,2,0,0,1,3
"96495",3,1,3,1,0,1,4,3,0,1,0,2,0,1,0,1,0,0,0,0,1,0,0,0
"100887",0,0,3,0,0,0,0,0,0,0,0,0,0,0,0,0,0,0,0,0,0,0,0,0
"100901",2,1,1,1,0,2,0,1,0,1,1,3,1,0,0,0,0,0,1,2,0,1,0,0
"10242",3,1,0,0,0,1,0,0,3,1,0,0,0,1,0,0,0,0,0,0,1,0,1,0
"10260",0,0,0,0,0,0,1,1,1,0,0,0,0,0,0,0,3,0,0,1,0,0,0,0
"10261",2,0,0,1,0,0,0,0,2,0,0,0,0,0,0,0,0,0,3,1,0,0,0,0
"1026955",1,0,3,3,0,0,1,3,0,1,0,0,0,0,0,0,1,1,0,0,0,0,0,0
"10273",0,0,0,0,1,0,3,1,0,0,0,0,0,0,0,0,0,0,0,0,2,0,0,1
"1027869",0,0,0,0,0,0,0,0,0,0,0,0,2,0,0,2,0,3,0,0,0,0,0,1
"1032892",1,3,2,1,0,1,0,1,1,0,0,0,2,0,0,0,0,0,0,0,0,0,0,0
"103371",0,0,0,0,0,1,0,0,3,1,0,3,2,0,0,0,0,0,0,1,0,0,0,0
"1034103",1,0,0,0,1,0,0,0,0,0,0,0,1,3,1,0,0,0,0,0,0,0,1,0
"1034112",1,0,0,1,1,1,0,1,0,1,0,0,0,0,0,1,3,0,0,0,0,0,0,0
"1034113",1,2,0,0,0,0,0,0,0,0,0,0,0,2,0,0,0,0,0,0,0,3,0,0
"1034133",1,0,3,0,0,1,0,0,0,1,0,0,0,0,0,0,0,0,0,0,0,0,0,0
"1034142",0,0,1,1,2,2,0,0,0,0,0,0,0,0,2,0,0,0,0,0,0,3,1,1
"1036613",0,1,1,0,0,0,0,0,3,0,2,0,0,1,2,0,1,0,1,0,0,0,0,0
"10379",1,0,3,0,1,0,1,0,1,0,0,0,0,0,0,0,2,0,2,1,0,0,0,1
"104388",1,0,0,3,0,0,0,0,1,2,0,0,0,0,1,0,1,0,0,0,0,0,0,1
"10484",0,0,0,0,0,1,2,0,0,0,0,0,0,0,0,0,0,0,0,1,0,1,3,1
"10570",0,0,0,0,0,0,0,0,0,0,0,0,0,0,0,3,0,0,0,0,0,0,0,0
"10652",0,0,0,0,0,0,0,0,3,0,0,0,0,0,0,0,0,0,0,0,0,0,0,1
"10685",0,1,1,0,0,0,0,0,0,0,0,0,0,1,0,0,0,0,0,0,0,3,0,1
"10719",0,2,1,1,0,0,0,2,3,2,2,2,0,0,0,1,3,1,3,0,2,1,3,1
"1075399",2,2,1,0,0,1,0,0,0,0,1,3,3,0,1,0,0,0,1,1,0,0,2,0
"1076136",0,0,0,0,1,0,0,3,0,0,0,0,0,0,0,0,1,0,0,0,0,0,0,0
"108098",0,0,2,1,0,0,0,0,0,1,1,0,0,1,0,0,3,3,0,0,0,0,0,0
"10814",3,0,0,0,0,1,0,1,0,0,0,0,0,0,0,0,0,0,1,0,0,0,0,0
"1089115",2,1,0,0,0,0,0,2,1,1,1,3,0,0,0,0,2,1,0,0,0,1,0,0
"1089118",0,0,1,0,0,0,0,0,0,0,0,0,0,0,0,0,0,0,0,0,0,0,3,0
"1114867",0,0,0,0,0,0,0,3,0,0,0,0,0,0,0,0,0,0,0,0,0,0,0,0
"1119533",1,3,3,1,1,0,1,2,0,0,2,2,1,0,0,1,2,2,3,0,2,1,0,1
"114378",1,1,1,0,0,1,0,0,0,3,0,0,0,1,0,0,0,2,2,0,2,0,3,0
"114424",0,0,3,1,0,0,0,0,0,0,0,0,0,0,0,0,1,0,1,0,0,0,0,0
"1147042",0,0,2,0,0,0,0,0,0,0,0,0,0,0,0,0,0,0,3,0,0,0,0,0
"1148",0,0,0,0,0,0,0,0,0,0,0,0,0,0,0,0,0,0,3,1,0,0,0,0
"1150991",1,1,0,3,3,2,0,0,1,0,1,0,0,0,0,0,1,2,0,0,0,1,0,2
"1157339",0,0,0,0,0,0,0,0,0,0,3,0,0,0,0,0,0,0,1,0,0,0,0,0
"1172191",1,1,0,0,0,0,1,3,0,0,0,2,1,1,2,0,0,1,1,0,0,0,2,2
"1172193",0,1,0,0,3,0,3,0,0,0,0,0,0,0,0,1,0,0,0,0,0,0,0,0
"1183411",0,0,2,1,1,1,2,2,0,0,1,0,0,2,0,0,0,2,0,2,0,0,0,3
"1188",1,2,1,1,1,1,0,0,0,0,1,1,0,0,3,0,0,1,1,0,0,0,0,1
"1190451",1,3,0,0,1,0,0,0,1,0,0,0,0,0,0,0,1,0,1,0,0,0,0,1
"1198137",0,0,0,0,2,0,0,1,1,0,0,0,0,0,0,0,0,0,0,0,3,2,0,0
"11983",0,0,3,0,0,2,0,0,0,0,0,0,1,0,0,0,0,0,0,0,0,0,0,1
"12230",0,0,0,0,0,0,0,0,3,0,0,0,0,0,0,0,0,0,0,0,0,0,0,0
"1224145",0,1,0,3,2,0,1,0,1,0,0,0,0,0,2,0,0,0,0,0,0,0,3,1
"1225862",0,1,1,1,0,0,0,3,0,1,1,1,1,1,0,1,1,0,0,0,0,3,1,2
"12433",0,0,0,0,0,2,1,0,0,0,3,0,1,0,0,0,1,0,0,0,0,0,1,0
"1245814",2,2,0,0,0,0,0,0,0,0,0,2,0,0,0,0,0,1,3,0,0,1,0,0
"12558",3,0,0,0,0,1,0,0,1,0,0,0,0,1,0,0,2,2,0,0,0,1,0,0
"1273711",1,1,3,0,0,0,0,1,0,0,0,0,0,0,0,0,1,1,1,3,0,0,2,0
"1283076",0,0,0,1,0,1,0,0,0,0,0,0,0,0,2,3,0,0,0,3,2,2,1,0
"129951",0,1,3,0,1,2,0,1,3,1,0,0,1,2,2,1,0,1,2,0,0,0,0,1
"130370",3,0,0,1,0,0,0,2,0,0,0,1,0,2,0,0,0,0,0,0,0,0,0,0
"130371",0,2,2,0,3,0,0,0,0,0,0,0,0,0,1,0,1,2,2,1,0,0,0,0
"1329969",2,1,1,0,0,0,1,3,1,1,0,1,0,0,1,0,0,0,2,1,0,1,0,0
"1330070",1,1,1,3,0,1,2,1,1,0,2,0,0,1,0,2,0,0,1,0,0,1,0,2
"1335053",0,0,1,0,0,2,2,0,2,0,1,2,0,0,0,1,0,2,0,1,0,0,3,0
"1348911",1,1,0,0,0,0,1,0,0,1,0,0,1,1,1,3,0,0,0,1,1,0,0,0
"135617",1,2,0,0,3,0,0,0,0,0,0,0,0,0,0,1,0,0,0,1,0,2,0,1
"1383054",3,1,1,0,0,0,0,1,0,0,0,0,0,0,1,0,1,0,0,0,0,0,0,0
"1390116",3,3,0,2,1,0,2,0,1,0,2,0,0,3,1,0,1,0,0,2,2,0,0,1
"1390131",2,1,0,0,1,3,1,1,1,3,0,2,1,2,2,1,2,0,0,1,0,0,0,0
"1391456",0,1,0,0,0,0,0,0,0,0,1,3,0,0,0,0,0,1,0,0,0,0,0,3
"1415630",1,1,0,0,0,0,0,0,0,0,0,3,0,1,0,0,1,1,0,0,1,0,0,1
"1432563",0,0,0,0,0,0,0,0,0,0,0,0,0,0,0,0,0,0,0,0,1,0,3,0
"1437443",3,1,0,0,1,0,0,2,1,0,0,0,0,0,0,0,0,0,0,2,0,0,0,0
"143919",2,0,1,1,1,0,2,1,3,0,1,3,1,2,1,0,0,1,0,1,0,0,0,0
"1443109",0,1,0,0,0,0,0,0,0,0,0,0,0,0,0,0,0,0,3,0,0,0,0,0
"1449437",0,0,0,0,0,0,0,0,0,1,0,0,0,0,0,0,0,3,0,0,0,0,0,1
"1449783",1,0,0,0,0,2,1,0,0,0,0,0,0,0,0,0,0,0,0,0,0,3,2,0
"1458860",0,0,0,1,0,0,0,0,0,0,0,0,0,0,0,0,0,0,0,0,0,0,0,3
"1459800",0,1,3,0,1,1,0,0,1,0,0,0,0,1,0,1,0,0,0,0,0,0,0,0
"1461743",0,1,0,0,0,0,0,0,0,0,0,0,0,0,0,0,0,1,0,0,0,3,0,0
"1508644",2,2,0,0,0,1,0,3,0,0,1,3,2,0,0,0,0,0,0,0,0,1,0,2
"1513260",0,0,0,1,1,3,0,0,0,0,0,0,0,0,0,1,0,0,0,2,0,0,1,0
"1513274",0,0,2,0,0,0,0,0,1,0,0,1,0,3,0,0,0,0,0,0,0,0,0,1
"1513458",1,1,0,0,0,1,0,0,0,0,0,0,0,0,0,2,0,1,1,1,0,3,0,0
"1523522",3,2,1,0,0,1,1,0,1,0,0,2,0,1,2,3,0,1,1,1,1,1,1,0
"1527513",0,0,1,2,0,0,0,3,0,0,1,0,0,0,0,0,0,0,1,0,1,0,0,0
"154347",0,2,1,0,0,0,0,3,0,1,0,0,0,0,0,2,0,0,0,0,1,1,0,0
"1548721",0,0,0,0,0,0,0,0,0,0,0,0,0,0,0,0,0,0,2,0,0,0,0,3
"1555235",0,0,0,0,1,3,0,2,0,0,0,0,0,0,1,0,0,0,0,0,0,1,0,3
"155862",3,0,0,1,0,0,1,0,0,0,0,0,0,1,0,0,0,0,0,0,0,2,0,0
"1560514",0,0,0,0,0,0,0,0,2,0,1,0,1,0,0,0,0,0,0,0,0,0,3,0
"1567468",1,0,1,1,0,0,3,0,0,1,0,0,1,0,0,0,2,0,0,0,0,0,0,0
"1573458",0,3,0,2,3,0,2,2,1,2,1,1,1,3,0,1,0,0,2,2,1,1,0,1
"1588048",0,0,0,0,0,0,0,3,0,0,0,0,0,0,0,0,0,0,0,0,0,0,0,0
"1592085",0,0,1,0,0,2,0,0,0,0,2,0,0,0,0,0,0,3,0,0,0,0,0,0
"1605379",3,0,0,0,0,0,0,1,0,0,0,0,0,0,0,0,0,0,0,0,0,0,0,0
"1618252",0,0,0,0,0,0,0,0,0,0,0,0,0,0,0,0,0,0,0,0,0,0,3,0
"1636271",0,1,1,1,0,0,0,0,0,1,0,2,3,0,1,0,0,0,0,0,1,0,1,0
"1636617",0,1,0,2,0,3,0,3,0,0,0,0,0,0,1,0,0,1,1,0,0,0,0,1
"1636618",0,1,1,1,0,2,1,0,0,1,0,0,0,3,0,0,0,0,0,0,0,0,0,1
"1653174",1,0,2,0,1,3,1,0,0,0,2,2,0,0,0,0,0,0,0,0,0,1,0,0
"1653839",2,1,0,0,0,3,0,0,0,1,1,0,0,1,0,0,0,0,0,1,0,0,0,0
"1661257",0,0,0,0,0,0,0,0,0,0,0,0,0,0,0,0,0,0,0,3,0,0,0,0
"1675689",0,0,0,0,3,0,0,0,0,0,2,0,0,1,0,0,0,0,2,0,0,0,0,1
"1678165",0,3,0,0,0,0,0,2,0,0,0,0,0,0,0,0,1,0,0,0,0,0,0,0
"1698417",2,3,1,0,0,0,0,1,1,1,0,0,0,0,0,0,3,0,1,0,0,1,0,1
"1698441",3,0,2,0,2,0,0,0,0,0,0,2,1,2,0,0,0,0,0,0,0,1,0,0
"1698713",0,0,1,0,2,0,1,2,0,0,0,0,0,0,3,1,1,2,3,0,3,1,0,0
"1701845",0,0,0,0,2,0,0,0,1,1,1,1,2,0,1,0,0,0,1,1,3,2,1,2
"1718166",1,0,3,1,0,1,1,1,0,2,1,0,0,1,1,1,0,1,2,0,0,0,1,1
"1732176",0,0,0,0,0,0,0,0,0,0,0,1,0,0,3,0,0,0,0,0,0,0,0,0
"1737406",0,0,1,0,0,3,0,0,3,0,0,1,0,0,0,0,0,0,0,2,0,0,0,0
"1746058",0,1,3,0,0,0,0,0,0,0,0,2,0,0,0,0,0,0,0,0,0,0,0,1
"1755681",0,0,1,0,3,1,0,0,0,0,0,0,0,0,0,0,0,0,0,0,1,0,0,0
"176652",0,0,0,1,2,0,0,3,0,0,0,1,0,0,0,0,0,0,0,0,1,0,1,0
"1775140",0,0,1,0,0,0,0,3,0,0,2,0,0,0,0,0,0,2,0,0,0,0,0,0
"1777491",0,3,0,0,0,0,1,0,0,0,0,0,0,1,2,0,0,0,0,1,0,0,0,0
"1793721",0,0,1,0,0,2,0,0,0,0,0,0,0,0,0,0,2,0,1,0,0,0,0,3
"1798220",0,0,2,1,0,0,1,0,1,0,2,1,1,1,0,0,1,3,1,0,0,0,0,0
"1805958",0,0,0,1,1,2,3,0,1,1,1,0,0,1,1,0,0,0,0,3,1,1,1,2
"181082",2,2,3,3,1,0,1,0,0,1,1,1,1,0,0,1,0,0,0,1,0,2,0,1
"1813599",1,3,0,1,1,1,1,0,0,0,0,0,1,0,2,0,0,0,0,1,0,0,0,0
"1815969",0,2,2,0,2,1,2,2,1,0,0,3,1,0,0,0,0,0,1,1,0,0,0,0
"1839799",0,1,1,0,1,0,2,0,2,0,2,1,0,1,2,0,1,2,0,3,1,0,0,2
"1840301",3,1,1,2,1,0,0,2,0,0,1,0,0,0,0,0,0,0,1,1,0,0,0,0
"185782",0,0,1,1,0,2,0,0,1,1,0,2,2,3,2,0,0,2,1,0,0,0,0,1
"1857845",3,0,0,0,0,0,0,0,0,0,0,0,1,0,0,0,1,3,0,0,0,0,0,0
"186171",0,2,1,0,2,1,1,1,0,0,0,1,0,0,0,0,0,0,0,1,1,0,3,0
"1883371",0,0,0,0,0,1,3,1,0,1,0,0,0,1,2,0,0,0,0,0,0,0,0,2
"1887649",0,0,0,0,0,0,0,0,0,0,2,0,0,0,0,1,3,0,0,0,0,0,0,0
"1890426",3,0,2,0,1,0,0,2,1,1,1,3,0,1,2,1,0,0,0,1,0,3,1,0
"1897640",0,3,1,0,1,1,0,0,0,0,0,1,0,0,0,0,0,0,0,0,0,3,1,3
"190061",0,3,1,3,0,1,1,0,1,0,0,0,1,2,1,1,1,1,0,1,0,0,0,3
"190064",0,3,1,0,0,0,2,0,0,1,0,0,1,0,0,2,0,0,0,0,0,1,0,1
"1905288",0,0,2,2,1,3,1,0,0,3,1,1,1,2,0,2,3,2,1,1,0,1,3,2
"1911685",3,2,0,0,1,2,0,0,0,0,0,0,0,1,1,0,0,0,0,2,1,0,3,1
"1913650",0,0,0,3,0,0,0,0,0,0,0,0,0,1,0,0,0,0,0,0,0,1,0,1
"1913652",3,0,0,0,0,0,0,0,1,0,0,2,0,0,0,0,1,1,0,1,0,1,0,0
"1914895",1,2,0,0,0,0,0,0,3,0,0,0,0,0,0,0,1,0,0,0,0,0,0,1
"1915206",0,1,0,0,1,0,0,1,0,0,0,1,0,0,0,0,2,0,0,0,0,3,0,2
"1915207",2,0,0,0,0,0,0,0,0,0,0,0,0,0,0,0,0,0,0,0,0,0,0,3
"1918005",0,0,0,0,0,0,0,3,0,0,0,0,0,0,1,0,0,0,0,2,0,0,3,0
"1918010",1,0,0,0,0,1,0,0,3,3,0,0,0,0,0,0,0,0,0,0,0,0,0,0
"1918720",0,0,0,0,0,0,0,0,3,0,0,0,1,0,0,0,1,0,0,1,0,2,0,0
"1918724",0,0,3,0,0,0,0,0,0,0,0,0,0,0,0,0,0,0,0,0,0,0,0,1
"1920866",0,0,0,3,0,0,0,0,0,0,0,0,0,0,0,2,0,0,0,0,0,0,0,0
"1921002",0,1,0,1,0,0,0,1,0,0,2,3,0,0,0,0,0,1,2,0,0,0,0,1
"1921548",3,2,1,1,3,2,3,1,2,3,1,2,1,1,0,1,1,0,3,0,0,3,2,1
"1921555",0,0,0,0,0,0,0,0,0,0,0,0,0,0,0,0,3,0,0,0,0,0,0,0
"1922210",3,0,0,0,0,0,0,1,0,0,0,0,0,0,0,0,0,1,0,0,0,0,0,0
"1922387",0,3,1,2,0,0,0,0,0,0,1,0,0,0,0,0,0,0,0,0,2,0,0,2
"1922542",0,0,0,0,0,0,0,0,0,0,1,1,1,0,0,0,0,0,0,0,0,0,3,0
"1922714",0,0,0,0,0,0,1,0,0,0,0,0,0,0,0,0,0,0,3,0,0,0,0,0
"1922743",0,2,0,0,0,3,1,0,0,0,0,0,0,0,0,0,1,0,1,1,0,0,1,0
"1922771",0,0,0,3,0,0,0,1,0,0,2,0,0,1,0,0,0,2,0,0,0,1,0,0
"1923083",0,0,0,2,3,0,0,0,0,1,0,0,0,0,1,0,0,0,0,0,0,0,0,0
"1923383",0,0,0,0,3,0,0,0,0,0,0,0,0,0,0,0,0,0,0,0,0,0,0,0
"1923541",1,0,0,0,1,0,0,3,0,0,1,0,1,0,0,0,0,0,0,1,0,0,0,0
"1923542",0,0,0,0,1,0,2,0,1,0,0,1,0,3,1,0,2,0,0,2,0,3,0,0
"1923547",0,0,0,0,0,0,0,0,0,0,0,0,0,0,0,3,0,0,0,0,0,0,0,0
"1923655",0,0,0,0,0,1,0,0,0,0,0,0,0,0,0,0,0,0,0,0,0,0,3,0
"1923692",0,0,0,3,0,0,0,0,0,0,0,0,0,0,0,0,0,0,0,0,0,0,0,0
"1923695",0,1,0,0,0,3,0,0,0,0,0,0,0,0,0,0,0,0,0,0,0,0,0,0
"1923778",0,0,0,0,0,0,0,0,0,0,0,0,0,0,0,0,3,0,0,0,0,0,0,0
"1930304",2,0,0,2,0,0,0,0,0,0,0,0,3,0,0,1,0,0,0,0,0,0,0,0
"1932881",0,1,1,0,0,2,3,1,1,1,0,3,0,2,0,2,3,3,0,1,2,0,0,0
"1933910",0,0,2,1,0,0,0,1,0,0,0,1,0,0,0,1,0,1,0,0,0,0,3,0
"1955137",0,0,0,0,0,0,0,0,0,0,1,0,0,0,0,0,0,0,0,3,0,0,0,0
"1955558",2,0,2,1,0,1,1,1,0,0,1,0,0,0,0,0,3,2,0,3,0,1,0,0
"1962300",3,2,0,0,2,3,2,2,0,1,1,1,0,0,0,1,0,0,0,0,0,0,0,3
"1966265",3,2,3,2,2,0,1,0,2,1,3,0,0,0,1,2,1,2,0,0,0,0,3,2
"1972684",0,0,0,0,0,3,0,1,0,0,0,0,0,0,0,0,0,0,0,0,0,0,0,0
"1977412",0,0,0,0,0,0,2,1,3,0,0,2,0,0,0,0,0,0,0,0,0,0,0,1
"1977566",1,0,2,1,3,1,1,0,0,2,0,0,0,0,0,0,0,0,0,2,0,3,3,0
"1980917",0,1,0,0,0,1,0,0,0,1,0,0,0,1,3,1,0,0,0,0,0,0,0,0
"1980950",0,0,0,2,2,1,1,0,0,1,0,0,1,1,0,0,2,3,1,0,0,0,0,0
"1980958",0,1,1,0,2,0,0,0,0,0,1,0,0,0,0,0,0,0,3,0,0,0,0,0
"1981041",0,3,0,0,0,0,0,1,0,0,0,0,0,0,0,0,0,0,0,0,0,0,0,0
"1981048",0,0,1,0,0,1,0,1,2,0,1,2,0,0,0,3,2,0,1,1,1,1,0,1
"1982079",1,0,0,1,0,0,0,3,0,1,1,0,0,0,0,0,0,0,0,0,2,0,0,0
"1982084",3,0,1,0,0,0,0,0,0,0,0,0,1,1,0,1,0,1,2,0,0,0,2,0
"1982087",1,0,0,0,1,0,1,0,2,1,2,2,0,3,3,0,1,3,0,3,0,0,0,2
"1982092",0,0,0,2,1,1,1,2,0,0,0,1,0,0,0,3,0,1,1,1,0,0,0,0
"1982112",1,0,1,0,1,3,0,0,1,1,2,1,0,0,0,1,0,2,0,0,0,2,0,1
"1982240",0,0,0,0,0,3,1,0,0,0,0,0,0,2,1,0,1,0,0,0,0,1,0,0
"1982244",0,1,0,0,0,0,0,0,0,0,0,0,0,0,0,0,3,0,0,0,0,0,0,1
"1982261",1,1,0,0,0,0,0,0,3,1,0,0,0,0,0,0,0,0,0,0,0,0,0,0
"1982270",0,1,0,0,0,1,0,0,0,0,0,0,0,3,0,0,0,0,0,0,1,0,0,0
"1982276",0,0,0,0,0,0,0,0,0,0,3,0,0,1,0,0,0,0,0,0,0,0,0,0
"1982278",1,0,0,0,0,0,1,1,0,1,1,3,0,0,0,0,0,0,1,0,0,1,0,0
"1982285",0,0,0,0,0,0,0,0,0,0,0,0,0,0,0,3,1,0,0,0,0,0,0,0
"1982364",0,1,0,1,1,0,1,0,1,2,0,0,0,0,0,1,3,0,0,1,0,0,0,0
"1982554",1,0,0,0,3,0,1,2,2,0,1,0,0,1,1,0,0,0,0,1,1,0,0,0
"1982559",0,1,0,0,0,0,0,0,0,0,0,1,0,0,0,0,3,0,0,0,0,0,0,0
"1982563",0,3,0,0,0,1,2,0,0,2,0,0,0,1,2,0,0,0,1,0,1,2,1,3
"1982564",3,0,0,0,0,0,0,0,0,0,0,0,0,0,0,0,0,0,1,0,1,3,0,0
"1982578",2,3,0,1,2,0,0,3,2,2,0,0,0,2,1,1,2,1,3,1,0,0,0,0
"1982595",2,0,1,1,3,0,0,3,0,0,0,0,1,0,1,0,1,0,0,0,1,2,1,1
"1982885",0,0,0,0,0,0,0,0,0,0,0,0,0,0,0,0,0,0,1,0,3,0,0,0
"1982890",1,1,1,1,3,0,0,0,1,1,0,0,0,2,1,0,1,1,0,3,0,0,1,1
"1982894",1,1,3,1,3,0,3,3,1,1,3,2,1,2,2,0,1,1,1,1,1,1,2,0
"1982917",0,0,0,0,0,0,0,0,0,0,0,0,0,0,0,0,0,0,0,3,0,0,2,1
"1982928",0,0,0,0,0,1,1,0,2,0,0,0,0,1,0,0,0,3,1,0,0,0,0,0
"1983108",0,0,0,0,1,2,2,0,0,0,0,1,0,1,3,1,0,0,0,0,1,0,0,1
"1984796",2,0,1,1,0,0,0,3,1,0,1,1,0,1,1,0,2,1,0,1,0,0,0,2
"1985175",0,0,0,0,2,1,0,0,0,0,0,0,0,1,0,0,0,3,0,1,0,0,0,0
"1985180",0,0,0,0,0,0,0,0,0,0,0,0,1,0,0,0,3,0,0,0,0,0,0,0
"1985328",0,0,0,0,3,0,0,2,0,0,0,0,1,0,0,0,1,1,1,0,1,0,0,0
"1985690",0,0,0,3,0,0,0,0,0,0,0,0,0,0,0,0,0,0,0,0,0,0,0,0
"1985724",3,0,0,0,0,1,0,1,0,0,0,0,0,0,0,0,0,1,0,0,0,0,0,0
"1985725",0,3,0,0,0,0,0,0,0,0,0,0,1,0,0,0,0,0,0,0,0,0,0,0
"1985730",3,1,0,1,0,0,0,1,0,0,1,0,0,0,3,1,2,0,0,0,0,0,0,0
"1985735",1,0,0,0,0,0,0,0,0,0,0,3,0,1,0,0,0,0,0,0,0,0,1,1
"1986023",0,0,0,0,1,0,0,0,0,0,1,0,0,0,3,0,0,3,0,0,0,0,0,0
"1986350",0,3,2,0,0,0,1,0,0,1,0,0,2,0,0,0,0,2,1,1,3,2,0,0
"1987124",0,3,0,0,0,0,0,0,0,0,0,0,1,0,0,0,0,0,0,0,0,0,0,0
"1987728",1,1,0,0,1,0,0,2,2,0,0,0,0,0,0,0,0,0,0,0,1,0,3,0
"1987729",0,0,1,0,0,3,0,0,0,0,0,0,0,0,0,0,0,0,0,0,0,0,0,2
"1993873",1,1,2,0,0,1,1,0,0,1,1,0,2,0,0,0,3,0,3,0,0,0,0,0
"1993882",2,1,0,0,0,1,0,0,0,0,1,0,0,3,1,0,0,0,0,0,0,0,0,0
"2003502",2,1,3,1,3,2,2,2,1,3,1,0,0,1,2,1,2,0,0,0,0,2,0,1
"2006134",1,0,1,1,1,2,3,0,1,2,0,3,0,0,0,0,0,1,1,1,1,2,2,2
"2006137",0,3,0,0,0,0,1,0,2,0,0,2,0,0,0,1,0,0,0,0,0,0,2,0
"2006138",0,0,0,0,3,0,2,0,0,2,0,0,0,0,0,1,0,1,0,0,2,0,0,0
"2006668",0,1,3,0,1,0,0,0,1,0,1,0,0,0,1,0,2,0,1,1,0,0,0,1
"200667",0,2,0,0,2,0,0,1,0,0,1,3,0,0,3,0,0,0,2,1,0,1,0,0
"2011078",1,0,0,0,0,3,0,0,0,0,0,0,0,0,0,1,3,0,0,0,0,1,1,0
"2015376",0,0,3,0,0,0,0,0,0,0,0,0,0,0,0,0,0,0,0,0,0,0,0,0
"2017966",1,2,1,0,0,0,0,3,0,2,0,1,3,0,1,2,3,0,0,1,0,3,1,0
"2024312",0,3,0,0,0,0,0,0,2,0,0,0,0,0,2,0,0,0,0,0,0,0,0,1
"202462",1,0,0,0,0,0,0,0,0,0,2,0,0,0,0,0,0,0,0,0,0,3,0,0
"2025397",0,0,0,0,0,0,0,3,0,0,0,0,1,0,0,0,0,0,0,0,0,0,0,0
"2033437",1,1,1,1,0,3,0,1,0,1,0,1,1,1,0,1,0,2,0,0,0,1,1,0
"2041350",1,0,1,1,1,2,0,0,0,3,0,0,1,1,1,1,0,0,3,0,0,3,0,0
"2055263",0,0,0,0,0,0,0,3,0,0,0,0,0,1,0,0,0,0,0,0,0,0,0,0
"2059867",0,0,0,2,0,0,0,0,0,1,1,1,0,0,0,0,0,1,1,0,1,3,1,0
"2070759",2,1,2,0,0,3,0,1,0,0,2,3,0,0,1,0,3,1,1,1,0,0,1,0
"2077147",2,1,0,0,0,3,1,0,0,0,0,0,0,1,0,0,1,1,0,2,0,0,0,0
"2081631",1,0,0,0,0,0,0,0,0,0,1,0,0,0,1,0,0,1,0,0,1,3,0,0
"209052",1,0,0,3,0,2,0,0,1,1,0,1,0,1,2,0,0,0,0,0,0,1,1,0
"2093834",0,0,1,0,3,2,3,0,0,0,1,0,0,0,0,0,0,1,0,0,0,0,0,1
"2108552",0,0,0,0,0,0,0,0,0,0,0,0,0,0,0,0,0,0,0,0,3,0,0,0
"215173",2,0,1,0,0,1,0,0,0,0,1,1,0,0,0,0,0,0,3,0,0,0,0,0
"2158",1,2,0,3,1,0,1,0,0,0,0,1,0,1,0,1,0,0,0,0,0,1,0,1
"2169688",0,0,3,1,0,0,2,0,0,0,0,0,1,0,0,0,1,0,0,0,0,2,0,0
"2169705",1,0,0,0,0,0,1,1,0,0,0,1,2,3,0,1,0,2,0,0,0,0,0,0
"2169707",0,1,1,3,0,1,2,2,0,2,2,0,0,3,0,3,0,0,1,1,1,0,0,0
"2169709",3,0,0,0,0,0,0,2,0,0,0,1,0,0,0,0,0,1,0,0,0,1,0,0
"2169775",0,2,0,0,1,0,0,0,0,0,0,0,0,0,3,1,0,0,0,0,0,0,0,0
"2169798",0,0,3,0,0,0,1,1,0,1,0,2,0,0,3,0,0,0,0,0,0,0,0,1
"2169799",1,0,0,2,3,1,2,1,1,2,1,3,0,2,2,1,2,0,1,0,1,0,3,0
"2169868",0,3,0,0,1,0,2,0,3,1,2,0,0,0,0,1,0,0,0,0,0,1,2,0
"2169871",2,3,0,0,3,1,0,2,1,1,0,2,0,0,0,1,1,0,3,1,0,1,2,0
"2169883",2,0,1,1,0,0,1,1,0,1,0,3,0,2,1,1,0,0,0,3,2,2,0,0
"2169990",0,3,1,1,0,0,0,1,0,2,1,1,0,1,0,0,0,2,2,0,0,0,1,0
"2170001",0,0,0,0,0,3,0,0,0,0,0,0,0,0,1,0,0,0,0,0,0,0,0,0
"2170172",0,3,2,1,2,0,0,1,0,0,1,0,0,1,0,0,0,0,1,2,2,0,1,0
"2170191",0,0,0,0,0,2,1,3,2,0,0,1,0,0,1,0,0,0,0,0,1,1,0,1
"2201426",0,0,0,0,0,0,1,1,0,0,1,0,0,0,0,0,0,0,0,0,0,2,3,0
"2202565",2,1,1,2,0,0,0,0,0,0,0,1,0,0,0,0,0,0,0,0,3,0,0,0
"2220",0,0,3,0,0,2,1,0,2,0,1,0,0,0,1,0,3,0,0,0,0,3,0,0
"2250368",3,1,1,0,0,1,0,0,0,1,0,1,0,1,0,0,0,0,2,0,0,0,0,0
"2250414",0,1,0,0,0,0,3,0,0,0,0,0,2,0,0,0,0,0,1,0,0,0,0,1
"225362",2,1,0,1,2,2,0,0,0,0,0,3,0,0,0,0,1,2,1,1,0,0,2,0
"225588",0,0,0,0,0,1,0,3,0,0,2,0,1,0,0,0,1,0,1,0,0,2,0,0
"2301721",0,1,0,0,0,0,0,0,0,0,0,1,0,0,0,0,0,0,0,1,0,0,3,0
"2314",0,0,1,3,1,2,1,0,1,0,0,1,0,1,0,0,0,1,1,0,3,1,0,0
"2321115",2,1,0,0,1,1,0,3,0,0,1,0,0,0,0,0,0,0,1,0,0,0,0,0
"2358449",0,0,0,0,0,0,3,0,0,0,0,0,0,0,0,0,0,0,0,0,0,0,0,0
"2419948",0,1,3,1,2,2,3,0,2,1,0,0,2,0,0,0,3,0,2,1,0,1,3,1
"2419952",3,0,0,0,1,1,2,0,0,0,0,0,3,0,0,0,2,0,0,0,1,1,0,3
"2488595",0,0,0,1,1,0,0,3,0,1,0,0,0,0,0,0,0,0,1,1,0,0,0,0
"2494563",3,0,1,1,1,1,2,0,0,0,1,1,3,1,2,0,0,0,1,0,2,1,0,0
"2499932",0,0,0,0,3,1,0,0,0,0,0,0,0,0,0,0,0,0,0,0,0,0,0,0
"2501948",0,0,0,0,0,0,0,0,0,3,0,0,0,0,0,0,0,0,0,0,0,0,0,0
"2501966",0,0,0,0,0,0,0,1,0,0,0,3,0,0,0,0,0,0,0,0,0,0,0,0
"2509586",0,0,0,3,2,0,0,0,1,2,0,0,0,1,0,0,0,0,0,1,1,1,0,0
"2509666",1,0,1,0,0,0,1,1,1,0,1,1,0,2,2,0,0,0,2,0,0,3,0,0
"2509750",1,2,0,0,0,0,0,0,1,0,0,0,0,0,1,0,0,1,0,0,0,3,0,0
"2509785",1,2,0,0,0,0,3,0,0,0,0,0,0,0,0,0,0,0,0,0,0,1,0,0
"2509787",0,1,1,2,0,0,0,2,1,0,0,0,1,0,0,2,0,0,2,0,1,1,3,0
"2530392",0,1,0,1,0,0,0,0,0,1,0,3,2,0,0,0,0,0,3,1,0,0,0,0
"255431",1,1,1,2,2,3,1,0,2,1,0,0,0,3,1,0,1,0,0,1,1,1,1,1
"2560127",2,1,2,2,1,0,0,3,1,1,1,1,0,0,2,0,0,2,1,1,1,0,0,0
"2560132",0,0,2,0,2,0,0,3,0,0,0,0,0,0,0,0,0,0,0,0,0,0,0,0
"2560154",1,0,0,3,0,0,0,0,0,0,0,0,0,0,1,1,0,0,1,1,0,0,1,0
"2560197",2,0,1,3,0,0,0,2,1,0,0,0,0,0,0,0,0,0,1,0,1,0,0,0
"2560268",0,0,0,0,0,3,0,0,0,0,0,0,0,0,0,0,0,0,0,1,0,0,1,0
"2560301",1,2,1,2,2,0,1,1,2,0,0,1,2,0,0,1,1,0,2,0,0,3,1,1
"2560329",3,0,0,0,0,0,0,0,0,0,0,0,0,0,0,0,0,0,0,0,0,0,0,0
"2560397",0,0,0,0,0,3,0,0,0,0,0,0,0,0,0,0,1,2,0,0,0,0,2,0
"2560400",2,2,0,2,0,1,1,0,0,0,0,0,0,0,1,2,2,3,1,0,0,0,0,0
"2560436",0,3,0,0,0,0,0,1,0,0,0,3,0,2,0,0,0,0,0,0,0,0,0,0
"2560473",0,0,0,0,1,0,0,0,0,0,0,0,0,0,0,0,0,0,3,0,0,0,0,0
"2560491",0,1,1,2,0,0,0,0,1,0,3,0,0,0,2,0,1,0,1,0,0,0,2,1
"2560497",0,0,2,0,0,1,0,1,1,0,0,2,0,2,1,0,1,2,2,0,0,0,3,1
"2560498",1,0,0,0,0,1,0,0,0,0,2,1,0,1,0,0,1,0,3,0,0,0,0,0
"2560503",0,0,0,1,1,2,0,1,0,0,2,1,0,0,2,0,0,0,0,0,1,3,1,0
"2560655",0,0,3,0,0,0,0,2,0,1,2,0,2,0,0,0,1,1,3,1,0,0,1,0
"2560684",0,0,0,0,0,0,0,0,0,0,0,1,0,0,0,0,0,0,0,3,0,0,0,0
"2560691",2,1,0,2,0,3,2,0,1,1,0,1,0,1,1,1,0,0,1,0,1,0,1,2
"2560692",0,0,0,3,0,0,0,2,0,1,0,0,0,0,0,0,2,1,0,0,0,1,1,2
"2560705",2,0,0,2,0,1,1,0,0,0,0,3,1,0,0,0,0,0,0,0,0,0,0,1
"2560788",3,1,0,0,0,0,0,1,0,0,2,0,0,1,0,1,0,0,0,0,1,0,0,0
"2560833",3,0,0,0,2,1,1,2,1,0,0,0,0,0,0,1,0,1,0,0,0,0,0,0
"2560835",3,2,0,0,1,0,1,2,0,1,1,0,0,0,0,1,0,0,0,0,1,0,0,2
"2560849",0,2,1,1,2,0,2,0,0,0,1,0,1,1,1,3,0,0,2,2,2,2,0,1
"2572529",3,0,2,1,2,1,0,0,1,0,0,2,0,3,1,0,0,0,1,1,1,0,0,0
"2576356",0,0,3,1,1,0,0,0,0,0,0,0,0,0,0,1,1,0,0,0,2,0,0,0
"2576760",0,1,0,1,0,1,0,1,3,0,0,0,0,0,0,0,0,0,1,0,1,1,0,0
"2576762",0,2,1,0,0,1,0,0,1,0,0,2,0,0,0,0,2,0,2,3,0,2,0,0
"2583592",0,0,0,0,0,0,0,0,0,0,3,0,0,0,0,0,0,0,0,0,0,1,0,0
"2587860",0,1,0,0,0,0,1,1,3,0,0,0,0,0,0,0,0,0,0,0,0,0,0,0
"2588498",2,0,1,0,3,0,0,0,1,2,0,0,0,1,0,0,0,0,0,0,0,0,0,0
"2590932",2,3,0,0,0,2,1,2,1,0,2,3,2,1,1,3,1,0,2,0,0,0,1,1
"2591213",0,0,0,0,3,3,1,0,0,1,2,1,0,0,0,0,1,0,1,3,1,2,1,1
"2592193",0,1,1,0,2,0,1,0,1,3,1,0,1,1,0,1,0,1,1,0,0,3,0,0
"2593327",0,3,0,0,0,0,0,1,1,1,3,0,0,0,1,1,0,0,0,0,0,1,1,0
"2594458",2,0,2,2,0,0,2,0,2,0,0,1,0,1,2,0,2,3,0,2,0,0,1,1
"2596709",0,0,0,0,3,1,0,0,0,0,0,0,0,1,0,1,1,0,0,0,0,0,0,0
"2597325",1,2,3,0,0,0,0,0,2,0,1,0,0,0,0,0,1,0,1,0,0,0,0,0
"2654280",0,0,0,2,0,1,1,0,0,0,0,0,0,0,1,0,0,0,0,0,1,3,0,0
"2660750",1,0,3,3,0,0,1,0,1,0,0,0,0,2,1,0,0,0,0,0,0,0,0,0
"2663326",1,1,1,0,0,0,0,1,0,0,0,0,0,1,0,0,0,0,0,0,0,3,0,0
"2675782",3,1,1,0,0,1,2,2,1,1,0,0,0,0,0,1,1,1,3,0,2,1,0,2
"2681674",0,0,0,0,0,0,0,0,0,0,0,0,0,0,0,3,0,0,0,0,0,0,0,0
"2686311",1,1,1,1,2,1,0,0,2,1,0,1,0,1,1,0,0,1,1,2,0,3,0,3
"2686313",3,0,0,0,3,1,0,0,1,0,1,1,0,0,0,0,0,1,1,0,0,0,0,2
"2696411",0,0,0,0,0,0,0,0,0,0,0,0,0,1,0,0,0,3,0,0,0,0,0,0
"2698683",2,3,0,1,2,2,2,1,0,1,2,2,1,1,0,0,1,0,2,3,1,2,1,2
"2712941",0,0,0,0,0,3,0,1,1,1,1,0,0,0,0,2,0,1,0,2,0,0,0,0
"2712979",1,0,2,0,0,0,2,0,0,0,1,0,0,0,0,0,0,2,0,0,0,0,1,3
"2713263",0,3,0,3,3,3,1,2,1,1,1,1,0,1,2,0,1,2,2,0,1,0,0,0
"2718942",1,0,1,0,2,0,3,0,0,0,0,1,0,0,0,1,1,0,0,1,0,3,1,2
"2724322",3,0,0,0,0,0,1,0,0,0,0,0,0,0,0,0,0,0,0,0,0,0,1,0
"2725651",0,1,0,0,0,0,0,0,0,0,0,1,1,0,0,0,0,0,0,0,0,0,1,3
"2730846",0,0,0,0,0,0,0,3,1,0,3,0,0,0,0,0,2,0,0,0,0,1,0,0
"2730854",2,1,0,2,0,0,0,0,3,3,0,0,0,1,0,1,1,0,2,0,2,1,0,0
"2730914",0,0,0,0,1,1,0,0,0,0,0,1,0,0,1,0,0,0,0,0,0,3,0,0
"2732068",0,0,0,0,0,0,0,0,0,0,0,1,0,0,0,0,0,0,0,1,1,0,0,3
"2732675",0,0,0,3,0,0,0,0,1,0,0,0,0,0,0,0,0,0,0,0,0,0,0,0
"2732677",0,0,1,0,0,0,0,0,0,0,3,1,0,0,1,0,0,0,0,2,0,0,0,1
"2732929",0,1,0,0,0,0,0,0,0,0,0,2,0,0,0,0,0,0,0,0,0,3,0,0
"2732932",3,0,1,0,0,0,0,0,0,0,0,0,0,0,0,0,0,0,0,1,0,0,0,0
"2732968",1,1,0,0,0,1,3,1,1,0,0,0,1,0,2,0,0,0,0,1,0,0,0,0
"2732969",0,0,1,1,0,1,0,0,0,1,2,1,2,2,3,0,0,0,0,0,0,0,0,0
"2733109",0,0,0,0,0,0,0,0,0,1,1,0,0,0,0,0,0,0,1,3,0,1,0,0
"2733216",1,0,3,0,1,2,0,0,0,1,1,1,0,0,0,0,1,0,1,0,1,1,0,0
"2733219",0,2,0,0,0,0,0,1,0,0,0,0,0,0,0,1,0,3,0,0,0,0,0,0
"2733221",3,0,0,0,0,2,0,0,3,0,0,0,1,1,3,0,1,0,0,0,2,2,0,2
"2733329",1,1,3,0,0,2,0,0,1,2,1,3,2,2,0,1,0,0,1,0,2,2,0,0
"2733330",0,0,1,2,1,2,1,1,2,0,0,2,0,0,2,3,1,0,0,0,0,1,0,2
"2733331",0,0,1,0,0,0,1,1,0,1,0,2,0,1,0,0,3,1,0,1,0,0,0,1
"2733332",1,0,1,1,0,0,0,0,0,0,3,1,2,0,0,2,0,0,1,0,0,0,0,0
"2733346",0,2,1,0,0,0,1,1,0,0,0,1,0,0,0,0,0,0,0,1,0,3,1,1
"2733351",0,0,1,0,0,0,0,0,0,0,0,0,0,0,0,0,0,1,0,0,0,0,3,1
"2733352",3,0,0,0,0,3,0,0,0,1,0,0,0,0,0,1,0,0,0,0,0,0,0,0
"2733371",1,2,0,0,0,0,0,0,0,0,0,0,1,0,0,0,0,0,3,0,0,0,0,1
"2733602",0,0,0,0,0,3,0,0,1,0,0,1,0,0,0,0,0,0,0,0,0,0,0,0
"2733618",1,0,0,2,0,0,0,3,0,0,0,1,0,1,0,2,1,1,1,0,0,1,1,1
"2733619",0,2,0,0,1,1,0,1,0,0,0,2,0,0,3,2,1,0,1,0,0,0,0,2
"2733624",0,0,0,0,0,1,0,0,0,0,0,0,0,1,0,0,3,0,0,0,0,0,0,0
"2733658",0,2,0,0,0,1,1,0,0,0,0,0,0,0,0,2,3,0,0,0,1,0,0,0
"2733672",0,1,0,0,0,1,0,0,0,0,0,0,0,0,1,1,3,1,0,1,0,0,0,0
"2733682",0,0,0,0,0,0,0,0,0,0,0,0,0,0,0,0,0,0,0,0,0,0,3,0
"2733683",0,0,0,0,0,3,0,0,0,0,1,0,0,0,0,0,0,1,0,1,0,0,0,0
"2733898",1,1,3,0,2,0,0,1,2,2,1,0,1,1,2,0,0,0,0,2,1,1,2,1
"2733923",0,3,1,0,0,0,0,0,0,0,1,0,0,1,0,0,1,0,0,0,0,0,0,0
"2733945",1,0,1,0,0,0,0,0,0,0,0,0,0,2,0,1,3,0,2,0,1,1,0,0
"2733947",0,1,0,1,0,3,0,0,1,1,2,1,3,2,0,3,0,0,1,0,0,0,0,1
"2733951",0,3,0,0,0,0,1,1,0,2,0,1,0,0,1,0,1,0,2,2,0,0,0,0
"2733963",0,1,0,0,0,3,0,0,0,0,0,2,0,0,0,0,0,0,0,0,0,0,0,0
"2733975",3,0,0,0,0,3,0,1,1,0,0,1,0,0,0,1,0,0,1,1,1,0,0,0
"2733977",1,0,1,0,1,0,0,0,3,0,0,1,0,0,0,0,0,0,0,0,0,1,0,0
"2733979",0,0,0,0,0,0,0,0,0,0,0,0,0,0,0,0,3,0,0,0,0,0,0,0
"2734001",0,0,0,0,1,3,1,0,1,0,3,0,1,0,1,0,0,0,0,0,0,0,0,0
"2734031",0,0,1,3,0,1,0,0,0,0,0,0,0,0,0,0,0,0,0,1,0,0,0,0
"2734056",0,0,0,0,0,0,0,0,0,0,0,0,0,0,0,0,0,0,0,0,0,0,0,3
"2734079",3,1,2,0,1,2,0,0,0,0,0,2,0,1,1,0,0,0,1,1,0,0,0,0
"2734080",2,0,1,0,0,0,0,0,0,0,0,0,0,0,0,0,0,0,3,0,2,0,1,0
"2734109",3,2,3,1,2,2,0,1,0,0,0,0,1,1,0,0,0,0,0,1,0,2,1,0
"2734115",1,0,0,2,0,3,0,2,0,0,0,0,0,2,1,0,0,0,0,0,0,0,0,0
"2734120",0,0,0,0,0,0,0,0,0,0,3,0,0,0,0,0,0,0,0,1,1,0,0,1
"2734122",1,3,0,1,0,0,0,0,0,0,0,0,0,0,0,0,1,0,1,0,0,0,3,0
"2734126",3,2,1,0,0,0,1,0,0,0,0,2,1,0,0,2,0,1,1,0,2,1,0,0
"2734134",0,0,0,0,0,3,1,2,0,0,0,0,0,0,0,1,0,2,0,0,0,0,0,0
"2734141",0,0,0,0,0,0,0,1,0,0,2,2,1,0,0,0,0,0,0,0,0,3,0,0
"2734145",1,0,0,0,0,0,0,1,0,0,0,0,0,0,0,0,0,0,1,0,0,3,0,0
"2734147",1,0,0,0,0,0,3,0,0,0,1,0,0,0,0,0,1,0,0,1,0,0,0,0
"2734151",2,0,0,0,0,0,0,0,0,0,1,0,2,1,1,3,1,2,0,0,0,0,0,0
"2734159",1,1,0,1,0,0,0,3,2,0,0,1,3,0,0,1,3,0,0,0,0,1,0,0
"2734201",0,3,0,0,0,2,0,1,0,1,0,0,0,0,2,0,0,0,0,0,0,0,0,0
"2734212",0,0,0,0,1,1,1,0,0,0,0,0,0,3,0,0,0,0,0,2,0,0,0,0
"2734232",3,0,0,3,1,0,1,0,0,3,0,0,0,0,0,0,0,0,0,0,0,0,0,0
"2734262",0,0,1,0,1,2,0,1,0,1,2,1,0,1,2,0,0,0,0,0,3,0,0,0
"2734571",0,1,0,1,1,0,1,1,0,0,0,2,1,1,0,0,2,1,1,3,2,1,1,0
"2739681",1,2,2,1,1,0,2,3,1,1,1,0,0,1,1,1,0,1,1,3,0,2,1,0
"2742629",0,3,0,1,0,0,0,0,0,1,2,0,2,0,0,0,1,0,0,0,0,0,0,0
"2742646",0,3,1,1,0,0,0,3,0,0,0,1,0,0,0,0,0,1,0,0,3,1,0,0
"2742656",3,1,1,3,0,0,0,0,0,0,0,0,1,1,0,1,0,0,0,0,3,0,0,0
"2742671",2,1,1,1,1,0,2,1,0,2,1,3,2,1,0,2,0,0,0,0,0,0,0,1
"2742678",2,0,0,1,0,0,3,2,1,3,0,1,0,0,0,1,0,1,0,0,1,0,1,3
"2747320",0,1,1,0,3,0,0,0,0,1,1,2,2,1,2,0,0,0,1,1,1,1,1,0
"2747372",0,0,0,0,0,0,0,0,1,3,0,0,0,0,0,0,0,0,0,0,0,1,0,0
"2748244",3,0,0,0,0,0,0,0,0,0,0,0,0,0,0,0,0,0,0,0,0,0,0,0
"2753656",0,0,0,0,0,0,0,0,3,0,0,0,2,0,0,0,0,0,0,0,0,0,0,0
"2759197",0,0,0,0,0,0,0,0,3,0,0,0,0,0,0,0,0,0,0,0,0,0,0,0
"2759395",0,0,0,1,0,0,0,0,0,0,0,3,0,0,0,1,0,0,1,0,0,0,0,0
"2762389",0,1,2,0,3,0,3,0,0,1,0,0,0,0,0,2,3,1,0,1,0,0,0,1
"2762819",3,1,2,1,0,2,0,0,0,1,1,0,1,0,0,0,0,0,0,0,0,0,0,0
"2763068",1,0,0,3,0,0,0,0,0,0,1,0,0,0,0,0,1,0,0,0,0,0,0,0
"2766781",0,0,3,0,0,3,1,3,1,1,3,2,1,0,0,2,3,2,0,2,3,2,1,1
"2776839",2,0,0,2,3,2,1,3,0,0,1,2,1,0,0,2,1,0,0,1,0,1,1,1
"2776866",1,0,0,0,3,0,0,1,0,0,0,0,2,0,0,1,0,0,0,0,0,0,0,0
"2777363",0,2,0,2,1,3,0,1,0,3,0,2,1,0,0,0,0,0,0,0,1,0,0,0
"2781608",1,2,2,2,0,1,0,0,0,0,0,1,0,0,0,3,1,1,2,0,0,0,0,0
"2781976",3,0,3,0,0,0,0,0,0,0,0,1,0,0,0,0,0,0,1,0,0,0,0,0
"2783539",1,0,3,3,0,1,0,0,0,0,0,1,1,0,0,0,0,0,0,0,2,0,0,0
"2783673",0,1,1,1,1,0,2,3,0,0,0,2,1,0,0,0,0,0,0,1,1,1,2,1
"2785910",2,0,0,1,1,1,0,0,3,0,1,2,0,0,0,0,3,0,1,2,2,1,1,0
"2789210",0,3,0,0,0,1,1,0,0,0,0,1,0,1,0,2,0,0,0,1,1,0,0,0
"2791015",0,0,0,0,1,1,2,0,0,0,1,1,0,0,2,0,3,1,2,0,0,1,0,0
"2791982",0,0,0,0,0,0,0,1,0,0,0,2,0,1,0,0,0,0,0,0,0,3,0,1
"279530",3,2,0,2,2,0,0,1,1,1,1,2,1,0,0,0,2,2,0,0,1,0,1,0
"2799681",0,1,0,0,0,0,0,0,0,1,0,0,0,0,0,0,0,0,3,0,1,0,0,0
"2801834",0,1,2,1,1,0,2,3,0,2,1,0,1,0,0,0,1,0,2,1,2,1,1,0
"2810810",0,0,0,0,0,0,0,0,0,0,0,0,0,0,0,0,0,0,0,0,0,0,3,0
"2812864",3,0,0,0,0,0,0,1,0,0,0,0,0,0,1,0,0,0,0,1,0,1,0,0
"2813777",0,1,1,2,3,0,1,2,1,0,0,0,0,1,0,1,0,0,0,0,0,0,0,0
"2815206",3,0,0,2,0,0,0,0,1,0,0,0,0,0,0,0,0,0,0,0,0,0,0,0
"2819997",0,0,2,0,0,0,0,0,1,3,0,0,0,0,0,0,0,1,1,0,0,0,0,1
"282263",3,2,0,2,0,0,0,3,0,0,0,0,0,0,0,2,1,0,0,1,0,0,0,1
"28321",0,1,0,1,0,3,0,1,1,1,0,1,1,0,0,0,0,0,0,0,0,0,0,1
"2836011",0,0,0,1,0,0,0,3,1,0,0,0,1,0,1,1,0,1,0,0,0,0,1,2
"2836041",1,0,0,0,1,0,3,0,0,0,1,1,0,0,1,0,0,0,2,0,1,1,2,3
"2836048",2,3,1,1,1,1,1,0,1,3,1,1,1,3,1,1,0,1,1,1,1,3,3,0
"2836132",3,0,0,1,0,0,0,0,0,0,0,1,0,0,0,0,0,0,1,0,0,0,0,0
"2838015",3,1,1,0,1,0,1,0,2,0,0,1,0,0,0,1,2,0,0,0,0,3,0,0
"2841279",0,1,0,1,0,3,1,0,0,0,0,0,0,1,1,0,0,0,0,2,1,1,0,0
"2841299",0,2,0,0,0,1,3,0,0,3,1,0,2,1,1,1,0,0,0,0,0,0,0,0
"2841302",2,1,3,3,2,0,0,1,0,0,0,1,1,0,0,0,0,0,2,0,1,0,0,1
"2841303",0,1,0,0,0,0,1,0,0,1,0,0,0,0,0,0,1,3,3,0,0,1,0,1
"2842333",0,2,0,0,2,3,0,0,0,0,0,0,0,0,0,0,0,0,0,0,0,0,0,0
"2842457",2,0,2,0,1,2,0,0,1,2,1,0,1,3,1,0,2,0,3,2,0,0,1,2
"2842639",0,0,1,0,0,0,0,3,0,0,0,2,0,0,0,0,0,0,0,0,0,0,0,0
"2842828",3,3,0,0,0,0,0,0,0,0,0,0,0,0,0,0,0,0,0,0,0,0,1,0
"2843105",0,0,0,0,0,0,0,0,0,0,0,0,0,0,0,0,0,0,0,0,0,0,0,3
"2843381",0,2,0,1,2,1,1,2,0,3,0,0,1,0,0,1,0,0,2,0,0,0,0,0
"2843414",0,3,2,1,1,0,2,1,0,0,0,0,2,2,0,0,0,2,0,1,1,0,0,0
"2843444",0,0,0,0,1,0,0,0,0,1,0,0,1,0,1,0,3,0,0,0,1,1,0,0
"2843478",3,0,1,1,3,0,1,1,2,0,0,2,1,0,0,0,0,1,0,0,0,0,0,0
"2843621",1,1,0,1,0,0,0,0,0,0,2,0,0,0,0,0,0,1,1,0,3,0,0,0
"2843622",3,1,0,1,2,0,1,1,0,0,0,0,0,0,0,1,0,0,3,0,1,1,0,1
"2843640",1,3,1,0,0,1,0,0,0,0,0,0,0,0,0,0,1,0,0,0,0,0,0,1
"2843678",0,3,0,0,0,1,0,0,0,0,2,0,0,0,0,1,1,1,2,2,0,0,0,0
"2843752",0,0,0,0,0,3,0,0,0,0,0,1,0,0,0,0,0,0,2,1,0,0,0,1
"2843767",0,0,0,0,0,0,0,0,0,0,0,0,0,0,0,0,0,0,0,0,0,0,3,0
"2843846",0,0,0,0,0,0,0,0,0,0,0,0,0,0,0,0,0,0,0,0,0,3,0,0
"2843889",0,0,0,0,3,1,0,0,0,0,0,0,1,0,0,0,0,0,0,0,0,0,0,0
"2843930",3,0,3,0,1,0,0,1,0,0,3,1,0,0,0,0,0,0,0,0,0,0,0,0
"2844018",0,1,3,0,1,0,2,3,0,0,0,0,2,1,2,2,1,0,0,1,0,0,3,0
"2844019",2,1,0,1,0,3,1,0,1,0,0,1,0,0,0,1,3,1,2,3,1,1,0,2
"2844043",0,0,0,1,0,3,0,0,0,1,0,0,0,0,0,0,2,0,0,0,0,0,0,2
"2844121",1,0,0,1,2,1,0,2,0,1,0,1,1,0,2,2,1,0,3,1,0,1,0,0
"2844164",1,2,0,0,0,0,0,0,0,1,0,3,3,0,0,0,0,0,0,0,0,0,1,0
"2844166",3,0,3,1,1,2,1,2,0,0,0,0,0,0,0,0,0,0,0,0,0,3,0,0
"2844188",0,0,1,0,3,0,0,1,0,0,1,0,0,0,0,0,0,0,1,0,0,0,0,0
"2844599",3,0,0,0,0,0,0,0,0,0,0,0,0,0,0,0,0,0,0,0,0,0,0,0
"2844672",0,0,0,0,1,1,0,0,0,1,0,0,0,3,1,0,0,0,0,0,0,0,0,0
"2844676",0,2,0,0,0,0,1,1,0,0,0,0,3,0,0,2,1,0,0,0,0,0,0,0
"2844678",0,0,1,3,0,2,0,3,0,0,0,0,0,0,0,0,0,0,1,0,1,0,0,2
"2844738",0,0,0,0,0,0,0,0,0,0,0,0,0,0,0,0,0,3,0,0,0,0,0,0
"2844981",1,0,3,0,0,0,0,0,0,1,0,0,0,0,0,0,1,2,0,0,0,0,1,0
"2844982",1,1,3,1,0,1,2,0,0,0,1,2,1,2,1,0,1,0,0,0,0,0,2,3
"2845004",0,0,0,0,0,0,0,0,0,0,0,0,0,3,0,0,0,0,0,0,0,0,0,0
"2845104",1,0,0,2,1,0,0,1,0,0,0,0,3,0,0,1,0,0,0,0,1,2,0,0
"2845118",0,0,0,0,0,0,0,0,1,0,0,0,1,2,1,0,3,0,1,0,0,2,0,3
"2845130",0,0,0,0,1,0,0,0,0,0,0,0,0,0,0,0,0,0,0,0,3,0,0,0
"2845190",3,0,0,0,0,0,0,0,0,0,0,0,0,0,0,0,0,0,0,0,0,0,0,0
"2845428",1,0,0,0,0,0,0,0,1,3,3,0,0,0,0,0,0,0,1,0,1,0,0,0
"2845447",0,0,0,0,0,0,0,3,0,0,0,0,0,0,0,0,0,0,0,0,0,0,0,0
"2845613",0,3,0,0,0,0,0,0,0,0,0,0,0,0,0,0,0,0,0,0,0,0,0,0
"2845648",0,3,0,0,1,0,2,0,1,2,0,0,0,0,0,0,2,1,2,1,1,0,2,0
"2845651",1,1,0,0,0,0,1,1,2,3,1,0,1,1,2,0,2,1,0,1,2,0,1,2
"2845652",1,0,0,1,0,0,0,1,0,0,0,0,0,0,0,0,0,0,3,0,0,2,0,1
"2845654",0,2,1,0,1,3,1,3,1,1,3,0,2,1,0,1,1,0,0,0,0,2,1,0
"2845658",1,3,0,0,0,0,1,0,0,0,0,0,0,1,0,0,0,0,0,0,1,0,0,1
"2845690",2,1,0,2,0,0,0,3,0,0,0,2,0,0,0,0,0,1,1,0,0,0,0,1
"2845757",1,1,1,1,1,0,0,0,1,0,1,0,0,0,0,0,0,0,0,1,0,0,3,0
"2845940",0,1,0,0,0,0,0,0,0,0,0,0,0,0,0,0,1,0,0,3,2,2,0,0
"2845949",0,0,0,3,0,0,0,0,0,1,0,1,0,0,0,0,0,0,1,0,0,1,0,0
"2845954",2,0,0,1,1,2,0,0,1,0,0,0,0,0,3,0,0,0,0,1,1,0,0,2
"2845967",0,2,0,1,0,0,1,1,0,0,1,0,0,1,2,0,1,3,0,0,1,0,0,1
"2846041",1,0,0,0,0,0,2,3,0,1,0,0,2,0,0,0,1,0,0,0,0,0,0,0
"2846042",1,1,1,0,1,1,0,0,0,1,3,1,3,1,2,3,3,0,1,0,0,1,0,2
"2846049",1,0,1,1,1,0,0,0,3,0,1,0,0,0,0,0,0,0,0,0,0,3,0,2
"2846073",1,0,2,0,0,1,0,1,0,0,0,1,0,3,1,0,0,3,1,0,0,0,0,0
"2846088",0,0,0,0,0,0,0,0,0,0,0,1,0,0,0,0,0,0,0,0,0,0,3,0
"2846089",0,0,0,0,2,0,0,1,2,1,0,0,0,0,0,3,0,0,0,0,0,0,2,0
"2846390",2,3,2,0,1,0,1,0,0,0,1,2,0,1,3,0,2,0,0,1,2,0,0,0
"2846435",0,0,0,1,1,0,0,0,0,0,2,1,1,0,1,1,0,1,1,0,2,2,3,2
"2849865",1,0,2,2,1,0,0,0,0,1,0,2,1,1,1,1,1,3,1,0,1,0,0,0
"2850078",1,0,1,0,0,0,1,0,0,0,0,1,0,0,1,0,0,3,0,1,1,0,0,0
"2851068",3,0,3,0,1,1,0,0,0,1,0,1,0,0,0,0,1,0,0,2,0,0,1,0
"2851575",1,1,0,3,1,0,0,0,1,0,0,1,0,1,0,0,0,1,0,0,0,1,0,1
"2853534",3,1,0,2,2,3,1,1,2,0,0,0,1,1,3,1,0,2,1,2,1,1,2,1
"2859072",0,0,0,2,2,0,0,0,1,3,1,0,2,1,0,0,2,3,0,0,0,0,0,0
"2859477",0,0,0,0,2,0,0,0,3,0,0,1,0,1,0,0,0,0,0,0,0,0,0,2
"2859632",1,0,0,1,3,1,0,0,0,0,0,0,0,0,0,0,0,0,0,0,0,0,0,0
"2863193",0,0,2,1,0,0,0,2,0,0,1,0,3,0,0,0,0,0,1,0,0,0,0,0
"2863847",0,1,0,2,3,2,1,0,1,0,0,0,1,0,2,1,0,0,0,0,0,2,0,0
"2866193",0,0,1,0,3,1,3,2,1,0,0,0,0,1,0,0,0,0,1,0,0,1,1,1
"2866198",1,1,1,1,0,1,1,2,0,0,0,3,0,0,1,0,0,0,2,2,0,0,2,0
"2869543",1,0,1,1,1,2,0,0,0,0,2,3,2,1,1,0,0,1,0,1,0,0,0,0
"2869545",0,0,0,0,1,0,0,0,0,0,1,0,0,0,0,0,0,2,0,0,2,0,3,0
"2869547",0,0,2,3,0,1,0,1,0,0,0,1,0,0,0,3,0,1,1,2,2,1,2,0
"2869552",0,0,3,0,0,0,0,1,1,0,0,0,0,0,0,0,0,0,2,0,2,2,0,0
"2869555",1,0,2,0,3,1,0,2,1,2,2,0,0,0,1,0,0,0,0,1,0,0,2,0
"2869557",0,0,0,2,1,0,0,2,1,1,0,3,0,1,2,3,1,3,1,2,2,1,0,0
"2871539",1,0,0,0,3,0,1,0,0,0,0,0,0,0,1,0,1,0,1,0,0,0,1,0
"2874884",0,0,0,0,1,0,1,0,1,0,3,0,0,0,0,0,0,0,0,0,0,0,2,2
"2874888",0,0,0,0,3,0,0,0,0,0,0,0,0,0,0,0,0,0,0,0,0,0,0,0
"2876597",0,0,0,0,0,0,0,0,0,0,0,0,0,0,0,1,3,0,0,1,0,0,0,0
"2876713",0,3,0,0,0,0,0,0,0,0,0,1,0,1,0,0,2,0,0,0,0,0,1,0
"2877945",0,0,0,0,0,0,0,0,0,0,0,0,0,0,0,3,0,0,0,0,0,0,0,0
"2879113",0,0,0,1,0,0,0,0,0,3,0,0,0,2,0,2,0,0,0,0,0,0,0,0
"2885975",2,1,1,0,0,1,1,3,0,0,0,0,0,1,1,0,0,0,0,1,0,1,0,0
"2886377",3,0,0,0,0,0,0,0,0,2,0,1,0,0,0,0,1,0,0,0,0,1,2,1
"2894356",3,0,0,0,0,0,0,0,0,0,0,0,0,0,0,0,0,0,0,0,0,0,1,3
"2894367",0,0,1,3,0,0,1,0,0,0,0,0,0,0,0,0,1,0,0,0,0,0,0,0
"2894588",0,0,0,1,0,0,0,0,2,0,2,0,0,0,0,1,0,0,1,0,0,3,0,0
"2894788",0,1,1,0,0,0,3,0,0,0,2,0,0,0,0,0,0,0,2,1,0,0,0,0
"2895623",0,1,0,1,0,3,0,0,1,0,1,2,0,0,0,0,1,0,0,0,0,3,0,1
"2899077",2,0,0,0,2,3,0,0,0,0,1,1,1,1,0,0,1,0,2,1,3,2,1,0
"2902694",0,3,0,1,0,0,1,0,0,0,0,0,0,0,0,0,0,0,3,0,0,0,0,0
"2907493",0,0,3,1,0,2,2,1,1,2,1,0,0,2,0,0,1,0,1,0,1,0,2,2
"2924888",0,0,0,0,0,0,0,0,0,0,0,0,1,0,0,0,0,0,0,0,3,0,0,0
"2926084",0,0,1,0,2,0,0,1,1,0,0,1,0,0,0,0,2,0,0,0,3,0,0,1
"2927622",0,1,0,1,0,0,1,1,0,0,0,0,0,0,0,0,3,2,0,0,0,0,0,0
"2930259",1,3,1,2,1,2,1,0,1,1,0,0,2,0,0,1,1,3,2,0,3,0,2,0
"2935450",0,1,0,0,2,0,0,0,0,1,2,1,0,0,1,1,3,0,1,0,0,1,0,0
"2936613",0,0,0,1,0,0,0,0,3,0,0,0,1,0,0,0,0,0,0,0,0,0,0,0
"2936914",3,1,0,2,0,0,0,1,0,0,0,0,0,0,0,0,0,0,0,0,0,3,0,1
"2937793",0,1,3,1,0,0,0,0,0,0,1,0,0,0,0,2,0,0,1,0,0,2,0,0
"2943011",0,0,1,0,3,0,0,1,3,0,0,0,0,0,0,0,0,0,0,0,0,0,0,0
"2943013",1,1,1,3,1,1,0,3,3,2,1,2,1,2,0,0,0,0,0,0,0,3,0,1
"2946162",0,0,0,0,3,0,0,2,0,0,0,1,0,0,0,0,0,0,0,0,0,0,0,0
"2948641",1,0,1,1,1,0,0,3,1,1,1,0,0,0,1,0,1,0,0,0,0,0,0,0
"2948922",0,3,0,0,0,1,0,3,0,1,0,0,0,0,0,0,0,0,1,0,0,1,1,1
"2948931",0,0,1,0,0,1,0,2,0,0,0,0,1,0,0,0,0,0,2,0,0,0,3,2
"2953986",0,0,0,0,0,0,1,0,0,0,0,3,0,0,0,0,0,0,0,0,0,0,0,0
"2953991",2,0,1,3,3,0,1,1,0,2,1,2,0,0,0,0,0,0,0,2,1,2,0,0
"2954012",0,0,0,0,0,1,1,0,0,0,0,1,0,0,0,3,0,0,0,0,0,2,0,1
"2954014",3,0,0,1,0,0,0,0,0,0,0,0,0,1,0,0,0,0,0,0,0,0,0,0
"2954021",0,0,0,0,0,0,0,0,0,1,2,0,0,0,0,0,0,0,3,0,0,0,0,0
"2954056",0,1,1,0,1,1,0,3,0,0,0,0,0,2,0,0,0,0,2,1,2,1,2,1
"2954057",0,0,0,1,0,1,2,0,0,1,1,0,0,0,1,2,0,1,0,0,1,0,1,3
"2954065",0,2,0,0,0,0,1,1,0,0,0,0,0,0,1,0,0,1,3,1,0,2,0,2
"2954095",0,0,2,0,3,2,1,1,0,1,1,2,1,0,1,1,1,0,2,1,0,2,2,0
"2954100",0,1,3,0,0,0,0,0,0,0,0,0,0,1,1,1,0,1,0,0,0,1,0,0
"2955235",0,0,0,0,1,2,0,0,0,0,0,0,3,0,1,0,0,0,0,0,0,2,0,1
"2955280",0,0,0,0,0,0,1,0,0,0,0,0,0,0,0,0,3,0,0,0,0,0,0,0
"2955331",1,1,0,0,0,0,2,0,1,3,0,0,0,0,0,0,0,0,0,0,0,0,0,0
"2955336",0,0,0,0,0,1,1,0,0,3,0,0,0,0,0,0,2,0,0,0,0,0,0,2
"2955342",2,1,1,2,1,2,1,1,2,2,2,0,3,1,0,1,2,1,1,2,2,0,1,0
"2955354",0,1,0,0,0,3,0,0,0,0,0,0,0,0,1,0,0,0,0,0,0,0,0,0
"2955358",0,0,1,0,0,0,0,1,0,0,0,1,0,0,0,0,0,1,0,3,0,0,0,0
"2955385",1,3,0,0,1,1,1,0,0,0,0,0,0,0,0,0,0,1,0,1,0,2,0,1
"2955386",0,0,0,0,0,0,0,0,0,1,0,0,1,0,0,0,0,0,3,0,0,0,0,0
"2955399",0,3,0,0,0,2,1,0,2,1,0,0,2,1,1,0,2,0,1,0,0,2,0,0
"2955405",2,2,2,0,0,1,3,0,0,1,0,0,0,0,1,2,0,1,2,2,0,0,1,0
"2955422",1,0,0,3,1,1,2,0,2,0,0,1,1,2,0,2,0,1,0,3,1,0,1,0
"2955424",0,0,0,1,0,1,0,2,0,2,2,1,0,0,0,1,3,0,1,0,0,1,0,0
"2955425",0,0,1,0,1,1,3,0,0,0,1,0,1,0,0,0,0,0,0,0,0,1,0,0
"2955429",0,2,0,1,1,0,0,1,1,0,0,0,0,0,0,2,0,0,0,0,0,3,0,0
"2955536",0,1,3,0,1,2,1,0,0,0,0,1,3,0,1,0,0,0,2,1,0,0,0,0
"2955559",3,2,1,0,0,0,0,0,0,0,0,0,0,0,0,0,0,0,0,0,0,0,1,0
"2955583",0,3,0,3,1,0,0,0,0,0,0,0,0,0,0,0,0,0,0,1,0,0,0,0
"2955609",0,2,3,2,2,1,1,0,0,0,0,0,2,0,0,0,0,1,1,0,0,0,0,0
"2955631",2,3,0,0,0,0,1,0,0,0,0,1,0,0,0,0,2,0,0,0,0,0,0,1
"2955634",1,0,1,0,0,1,3,1,0,1,0,0,0,0,1,1,0,0,0,1,1,0,0,0
"2955636",0,1,0,0,0,0,0,0,0,0,0,0,0,0,0,0,0,0,1,0,0,0,0,3
"2955642",0,0,0,0,0,0,2,3,1,1,0,0,1,1,0,1,0,0,1,0,0,1,0,0
"2955652",0,0,0,0,0,3,0,0,0,0,0,0,0,0,0,0,0,0,0,0,0,1,0,0
"2955657",0,0,0,0,1,0,0,0,0,0,0,0,0,3,1,0,0,0,0,0,2,0,0,0
"2955659",0,0,0,0,1,0,0,0,3,0,0,0,0,0,0,1,0,0,0,0,0,0,0,0
"2955666",0,0,0,0,0,0,3,0,0,0,0,0,0,0,0,1,0,0,0,0,0,0,0,0
"2955676",0,1,1,0,0,0,1,1,0,0,1,0,0,1,1,0,0,0,1,0,1,3,0,1
"2955683",2,3,0,0,0,0,0,0,0,1,0,0,0,0,0,0,0,0,0,0,1,0,0,0
"2955693",0,2,0,0,0,0,0,0,0,0,0,0,0,0,0,0,3,0,0,1,0,0,0,0
"2955700",1,1,1,0,0,0,1,3,2,0,2,0,1,1,2,1,0,0,0,0,3,0,1,0
"2955705",0,0,0,0,0,0,0,0,0,0,3,0,0,0,0,0,0,0,0,0,0,0,0,0
"2955844",0,0,1,0,1,0,1,1,1,0,0,0,0,0,0,0,3,1,2,0,0,0,0,0
"2955859",0,3,1,0,1,0,0,0,0,1,1,0,0,2,0,0,0,0,1,2,0,0,0,0
"2955860",3,1,1,1,0,0,0,0,0,0,0,0,0,0,0,0,0,0,0,0,0,0,0,0
"2955861",3,1,0,1,0,0,0,0,0,0,0,0,0,0,0,0,0,1,0,0,0,0,0,0
"2955875",0,3,0,0,0,0,0,1,2,0,0,0,1,0,2,0,0,0,0,0,0,0,0,0
"2955879",0,0,0,3,0,2,1,0,0,1,0,1,0,0,0,0,3,0,0,0,0,0,0,0
"2955918",1,0,0,1,0,3,0,1,2,0,1,0,1,0,1,2,0,0,0,1,0,1,0,0
"2955920",1,0,0,1,0,0,0,1,0,0,0,0,0,1,0,3,0,1,0,0,0,0,0,0
"2955949",2,1,0,0,0,0,3,0,0,1,0,0,2,0,0,0,0,0,1,0,0,0,0,0
"2955952",3,2,1,1,1,0,0,1,0,0,0,0,0,0,0,0,2,0,0,0,0,0,0,0
"2955956",0,0,3,0,0,2,1,0,0,0,1,0,0,0,1,0,2,0,0,0,1,0,0,1
"2955957",0,0,0,0,3,1,1,0,1,0,0,0,2,0,1,1,1,0,0,1,0,0,0,0
"2955965",0,0,0,0,0,0,0,0,1,0,0,0,0,0,0,0,0,0,1,0,3,0,0,0
"2955969",0,1,0,1,0,0,0,3,0,0,0,2,0,0,0,0,0,0,0,0,0,0,0,1
"2955972",0,0,0,1,1,1,0,0,1,0,1,0,0,0,0,1,0,3,0,0,0,0,0,0
"2955973",1,0,2,1,3,1,0,2,0,3,0,1,2,0,1,0,0,0,0,0,0,0,1,0
"2955975",0,2,2,0,1,1,0,2,1,0,0,1,3,1,0,0,0,0,0,1,0,0,0,0
"2955978",0,0,0,0,0,0,0,0,0,0,3,0,3,0,0,0,0,0,2,0,0,0,2,0
"2955984",0,0,0,0,0,0,0,1,0,3,0,0,0,0,0,0,0,0,0,0,0,0,0,0
"2955989",0,1,2,1,2,0,0,2,0,0,0,0,0,0,0,0,0,0,1,0,0,3,0,0
"2955996",0,1,3,0,1,1,0,0,2,1,1,1,1,1,2,1,0,2,3,1,0,1,2,1
"2955997",2,0,0,0,0,0,0,1,1,0,0,1,0,0,1,0,0,0,0,0,0,3,0,1
"2956009",0,0,0,0,0,0,0,0,0,0,0,0,0,0,0,0,0,0,3,0,0,0,0,0
"2956034",0,0,0,0,0,0,0,3,0,0,0,0,0,0,0,0,0,2,0,0,0,0,0,0
"2956043",2,1,2,2,1,0,1,2,1,3,2,2,1,2,1,0,0,2,1,2,0,1,1,3
"2956060",0,0,0,0,0,0,0,0,0,3,0,0,3,0,0,0,2,0,1,0,1,2,0,0
"2956065",3,1,3,1,3,0,0,2,0,0,2,1,0,0,0,0,2,0,1,0,0,1,1,1
"2956069",0,0,0,2,2,0,1,2,0,0,1,3,1,2,0,1,0,0,0,0,0,2,0,3
"2956075",0,1,3,0,1,0,0,0,0,1,0,0,0,0,2,0,0,0,2,1,0,0,0,1
"2956076",0,0,0,2,0,0,3,0,0,1,1,0,0,1,0,0,0,0,3,0,0,0,0,1
"2956085",1,2,0,2,2,0,0,0,0,0,0,2,1,0,0,0,0,0,1,0,3,0,0,2
"2956086",0,3,0,1,0,0,0,0,0,0,0,0,0,0,0,0,0,0,0,0,0,0,0,0
"2956088",3,1,0,0,0,1,0,2,0,2,1,0,0,0,0,0,0,0,1,0,0,0,0,0
"2956131",2,2,0,0,0,0,0,0,0,0,0,1,3,1,0,0,0,0,0,1,0,0,0,0
"2956144",3,0,0,0,0,0,1,0,0,0,0,0,0,0,0,0,0,0,0,0,0,0,0,0
"2956145",0,1,1,0,0,0,0,0,0,0,0,0,0,1,1,0,0,3,1,1,0,0,3,0
"2956150",0,0,0,0,0,0,0,3,1,0,0,0,0,0,0,0,0,0,0,0,0,0,0,0
"2956205",1,0,0,3,0,1,0,0,2,1,0,0,0,0,0,0,0,0,0,0,0,1,0,0
"2956223",0,1,1,1,0,1,0,1,1,0,0,3,1,3,0,1,1,1,2,2,0,0,3,2
"2956240",0,1,0,0,0,0,0,0,0,0,1,0,1,1,0,1,2,1,1,0,0,1,3,0
"2956257",1,1,0,0,1,1,2,0,0,3,3,0,2,1,0,2,0,1,0,0,0,0,0,0
"2956259",2,3,1,0,0,1,0,3,1,1,0,1,1,0,2,0,0,2,1,0,1,0,0,1
"2956260",2,0,2,2,1,1,1,0,0,1,2,3,1,0,0,1,0,1,0,0,2,0,1,0
"2956283",0,0,1,2,0,1,0,3,0,0,0,0,0,0,0,0,0,0,0,0,0,0,0,0
"2956304",0,0,0,0,0,0,1,0,0,0,0,0,0,0,0,0,0,0,0,0,0,3,0,0
"2956330",0,2,3,0,0,0,0,0,1,0,0,0,0,0,0,0,0,0,0,0,0,0,0,0
"2956340",1,3,2,3,0,3,1,0,2,0,1,0,0,1,1,0,0,1,1,0,2,0,1,1
"2956342",0,1,1,0,0,2,2,1,3,1,0,0,2,2,0,1,2,1,0,2,1,3,1,0
"2956355",1,1,0,0,0,0,0,0,0,0,0,1,0,0,0,2,3,1,0,0,0,0,0,0
"2956362",0,0,1,1,0,3,1,2,0,0,2,0,0,0,2,0,2,0,0,1,0,0,1,0
"2956366",1,1,1,1,3,3,0,2,2,1,3,2,1,0,1,3,1,1,1,2,0,2,1,3
"2956404",3,1,2,1,3,2,0,1,0,0,0,0,0,0,1,1,0,0,0,0,0,0,0,0
"2956469",3,0,0,1,1,0,1,0,0,0,0,2,1,0,0,0,0,0,1,1,0,1,0,0
"2956486",0,0,0,0,0,0,0,3,0,0,0,0,0,0,1,0,0,0,0,0,0,0,0,0
"2956521",0,0,0,0,0,0,0,0,0,0,0,3,0,0,0,0,0,0,0,0,0,0,0,0
"2956565",0,3,0,0,0,3,1,0,0,1,1,0,0,1,0,0,0,1,0,1,0,0,0,0
"2956568",3,1,0,0,0,1,0,0,2,0,0,0,0,2,0,0,0,0,0,0,1,0,0,0
"2956572",0,0,2,2,0,0,0,0,0,0,0,3,0,0,0,1,0,0,0,0,0,0,0,0
"2956573",3,0,1,2,1,0,0,1,0,2,1,0,0,0,0,0,0,1,0,1,2,0,2,2
"2956639",0,2,1,2,0,1,0,0,0,1,0,0,0,1,2,0,1,0,1,2,1,3,2,0
"2956660",1,0,1,1,0,2,0,0,0,0,0,0,1,1,0,0,2,0,0,2,1,1,3,0
"2956663",0,0,1,2,0,0,0,1,2,0,2,0,1,0,0,3,0,1,1,1,0,0,0,0
"2956667",0,0,0,0,0,1,0,1,1,0,0,1,1,1,0,0,0,1,0,3,0,0,0,1
"2956687",1,0,3,0,3,1,0,2,0,1,2,0,1,1,1,0,1,0,0,0,0,1,1,1
"2956690",2,3,0,0,1,0,1,0,1,2,1,1,0,0,2,0,0,0,0,2,2,0,0,0
"2956696",3,1,1,1,2,0,1,0,1,2,0,1,1,0,0,1,0,1,2,0,0,1,0,0
"2956710",0,1,0,3,2,1,0,3,1,0,2,2,1,1,1,0,1,0,1,0,2,1,0,0
"2976354",0,0,0,0,1,0,1,0,0,0,3,1,0,0,1,0,2,0,0,2,0,0,2,0
"2978125",1,1,0,0,0,3,0,1,1,0,0,0,0,1,0,1,1,0,0,1,0,0,1,0
"2980404",1,0,3,0,3,0,0,3,0,0,1,1,3,1,1,0,0,0,2,0,1,0,0,3
"2981351",0,1,0,2,3,1,0,0,1,0,0,1,2,1,0,0,0,0,0,0,0,0,0,0
"2983213",2,0,3,2,0,1,0,3,0,1,1,1,2,3,1,1,0,2,1,0,2,1,1,0
"298334",3,2,2,3,2,1,2,0,0,2,1,0,0,0,0,2,2,1,0,1,0,0,0,1
"2985323",0,0,0,0,0,0,0,0,0,0,3,1,2,1,1,0,2,0,0,3,0,0,0,1
"2993656",1,2,3,2,3,2,1,1,3,3,0,3,3,0,2,0,1,0,1,0,0,2,1,1
"2999280",1,0,0,0,1,3,0,0,0,0,0,0,0,0,0,0,0,0,0,2,0,0,0,0
"3003632",2,0,0,0,0,0,0,0,0,3,0,0,2,0,0,0,1,0,0,0,1,0,0,0
"3018589",3,1,0,0,1,2,1,0,2,1,1,2,0,1,3,0,2,1,1,0,0,1,0,0
"3021711",3,0,0,0,2,1,0,0,0,0,0,2,0,1,2,0,0,3,0,0,1,0,3,3
"3030530",2,0,0,1,0,0,0,1,0,1,2,0,0,1,0,0,3,0,0,0,1,0,0,0
"3035291",0,0,0,0,0,0,0,0,0,3,0,0,0,0,0,0,0,0,0,0,0,0,0,0
"3038077",1,0,0,0,3,1,0,1,2,2,2,0,1,0,0,0,0,1,1,0,1,0,2,0
"3047348",2,1,0,0,0,0,0,0,0,0,0,0,0,3,0,0,0,0,0,0,0,1,0,0
"3047349",0,2,0,0,0,2,0,0,0,0,0,0,0,0,0,0,3,0,0,0,0,0,1,0
"3047355",2,2,1,3,3,0,1,0,2,1,1,0,1,1,0,0,0,2,0,3,0,0,1,0
"3047368",0,0,0,0,0,0,0,1,0,0,0,0,0,1,0,0,0,0,0,3,0,0,0,0
"3047750",3,0,2,1,2,1,0,0,1,1,1,0,2,1,2,2,2,1,0,0,0,0,0,0
"3047756",0,0,0,0,0,0,0,0,0,0,0,0,0,0,3,0,0,0,0,0,0,0,0,0
"3047763",0,0,0,2,3,0,0,0,0,0,0,0,0,0,0,0,1,0,2,0,0,0,0,0
"3047765",0,0,0,0,0,1,1,0,0,0,0,3,1,0,0,1,0,1,0,0,0,0,0,0
"3047777",2,0,1,0,1,1,0,3,0,0,0,0,1,0,1,0,0,0,0,0,0,0,0,1
"3047787",2,1,0,0,0,0,0,3,1,0,0,0,0,0,0,0,0,1,0,0,2,0,0,0
"3047810",0,3,0,1,1,0,0,2,2,0,0,1,0,0,0,0,0,0,1,1,0,0,0,1
"3047823",0,3,0,0,0,0,0,0,0,0,0,0,0,0,0,1,0,0,0,0,0,0,1,0
"3047825",1,0,0,1,1,1,0,0,0,0,0,3,0,0,0,0,0,0,2,0,1,0,0,0
"3047855",3,2,1,1,0,0,2,3,1,1,0,0,1,1,0,1,0,2,0,1,1,0,0,1
"3047966",0,0,0,0,0,0,0,0,0,0,3,0,0,0,0,0,0,0,0,0,1,0,0,0
"3048218",0,3,0,1,2,0,0,0,0,0,0,0,0,0,0,0,0,0,0,0,0,0,0,0
"3048275",0,0,1,0,0,0,1,0,1,1,0,0,1,0,0,0,0,1,0,1,2,3,0,0
"3048291",0,0,0,0,0,0,0,0,0,0,3,0,0,1,0,0,1,0,1,0,0,0,0,0
"3048333",3,0,0,0,1,0,0,0,1,2,2,2,3,0,0,1,1,1,0,0,1,1,0,1
"3048335",0,0,2,3,0,0,0,0,1,0,0,0,2,1,0,2,0,0,0,0,0,0,0,0
"3048345",0,0,0,0,0,0,0,0,0,0,3,0,0,0,3,0,2,0,0,0,0,0,0,1
"3048418",0,0,0,0,0,0,0,0,2,0,0,0,0,0,0,0,0,0,0,0,0,0,3,0
"3048452",0,0,3,2,0,1,0,0,0,0,0,0,0,0,0,0,0,1,2,0,0,0,0,0
"3048459",0,0,0,0,0,0,0,0,0,0,0,0,0,0,0,0,0,0,0,0,0,3,0,0
"3050246",0,0,0,2,3,0,0,0,0,0,0,1,0,0,0,0,0,0,0,0,0,0,1,0
"3050251",1,3,0,0,0,1,0,0,0,0,0,0,0,0,0,1,0,0,1,0,1,0,0,0
"3050273",0,3,0,3,0,0,1,0,1,0,0,0,0,1,0,1,0,0,0,1,0,1,0,3
"3050284",0,0,0,0,0,2,1,3,0,0,1,3,3,1,1,0,0,0,2,0,2,0,0,0
"3050308",3,1,2,0,0,2,0,1,2,0,0,2,1,0,0,0,2,1,0,0,0,0,1,0
"3050309",0,0,2,1,2,1,0,1,0,0,0,0,0,0,2,3,1,2,1,0,0,0,1,0
"3050310",1,0,0,2,1,1,0,0,3,0,2,0,0,1,0,0,0,0,0,0,0,0,0,0
"3050316",3,1,0,0,2,0,1,0,2,2,0,1,2,3,0,0,1,0,0,1,2,0,2,1
"3050318",0,0,0,0,0,3,1,0,0,1,0,0,0,0,0,0,1,3,0,0,0,0,2,1
"3050320",1,2,0,0,1,0,0,0,0,3,2,1,0,0,0,0,1,0,0,1,0,0,0,0
"3050341",0,0,0,3,0,1,0,1,0,0,0,0,0,0,0,0,1,0,1,0,0,0,0,1
"3050346",1,1,2,2,0,1,2,0,0,3,2,0,3,0,1,0,2,1,0,2,2,1,1,0
"3050359",0,3,0,0,0,0,0,0,0,0,0,0,0,0,0,0,3,0,0,0,0,0,0,0
"3051115",0,1,1,3,3,0,0,0,0,0,0,0,0,0,1,0,0,0,1,0,0,0,0,0
"3051417",2,0,3,0,0,0,0,2,0,0,2,2,0,0,1,2,2,0,0,0,0,0,0,0
"3051418",1,0,0,0,0,0,0,0,0,0,0,0,0,0,1,1,0,0,0,0,3,0,2,0
"3051618",3,1,0,1,0,0,1,0,1,1,0,1,1,2,0,0,1,3,1,0,0,0,0,1
"3052045",0,0,0,0,0,0,0,0,0,0,0,0,0,0,0,0,0,0,0,0,0,0,0,3
"3052175",1,0,3,0,1,0,0,3,1,2,2,0,1,0,2,1,0,2,0,0,1,0,0,0
"3052207",3,0,0,0,1,0,0,0,0,2,1,0,0,1,0,0,3,0,0,0,0,1,0,0
"3052248",1,0,3,0,0,2,0,1,0,0,0,0,0,0,0,0,0,0,3,0,0,0,0,3
"3052456",0,0,0,1,1,0,3,1,0,0,1,2,1,0,0,2,0,0,2,0,0,1,0,0
"3052486",0,0,0,0,0,0,0,0,0,0,0,0,0,0,0,0,0,0,0,0,0,0,3,0
"3052607",0,0,0,0,0,0,0,3,0,0,0,0,0,0,0,0,0,0,0,0,0,0,0,0
"3053609",0,0,0,1,0,0,0,0,0,0,0,0,0,0,0,0,0,0,0,0,0,0,3,0
"3059834",1,1,0,0,1,3,1,0,0,1,0,2,0,0,1,2,0,1,0,0,0,0,0,3
"307466",2,1,0,0,0,3,2,1,3,1,2,1,0,2,1,2,3,3,2,1,1,2,1,3
"31757",0,1,0,0,1,1,0,3,0,0,0,0,0,0,3,1,0,1,1,1,0,0,0,1
"331278",0,0,0,0,0,0,3,1,0,0,0,1,0,1,0,0,0,0,0,0,0,0,1,0
"332471",0,1,0,0,3,0,2,0,0,0,0,1,0,0,0,0,0,0,0,0,0,0,0,0
"336486",3,0,0,0,0,0,0,0,0,0,0,0,0,0,0,0,1,0,0,0,0,0,0,0
"338473",0,3,0,0,0,2,0,0,0,2,0,0,1,0,0,0,0,1,0,0,0,0,0,0
"338781",0,0,0,3,0,0,0,0,0,0,0,0,0,0,0,0,0,0,0,0,0,0,0,0
"34084",0,1,1,3,0,0,0,0,1,0,0,1,0,0,0,1,2,0,0,0,0,0,0,0
"345199",0,3,0,1,1,0,0,1,2,1,0,1,1,0,2,1,1,1,2,1,0,2,0,0
"347215",3,0,0,3,1,0,0,2,0,1,0,1,0,0,0,0,0,0,2,0,0,0,0,0
"357441",1,1,3,1,0,3,3,1,0,0,1,2,1,0,1,0,1,1,3,0,1,1,1,0
"35790",0,0,0,0,1,1,3,0,2,1,1,0,0,2,0,0,3,2,0,0,0,1,0,0
"35794",2,0,0,0,2,1,1,2,3,0,0,0,0,0,1,0,0,0,0,0,0,0,1,0
"36427",0,0,0,3,0,0,0,0,0,0,0,0,0,0,0,0,0,1,0,0,0,0,0,0
"365591",1,3,0,0,1,0,0,1,2,1,1,2,0,3,0,0,0,0,1,0,0,0,0,1
"367488",0,1,2,0,0,1,0,0,1,0,1,0,0,0,2,0,3,0,1,0,2,1,0,0
"373068",0,2,1,0,0,0,1,0,1,0,2,0,1,0,0,3,1,0,2,1,2,2,0,0
"373212",0,3,0,0,0,0,1,1,0,0,0,0,0,0,0,1,1,1,0,0,0,1,0,0
"375919",2,0,0,0,2,0,0,0,0,0,0,0,0,0,0,1,1,0,1,0,1,3,2,1
"380087",0,0,3,0,0,0,0,0,0,0,0,0,0,0,0,0,0,0,0,0,0,0,0,0
"39640",1,2,2,2,2,0,2,1,1,0,0,2,2,1,0,2,2,3,0,0,0,2,0,1
"39647",1,1,3,0,1,1,0,1,1,3,0,0,1,2,0,0,1,0,0,0,2,1,0,1
"407392",1,0,0,2,0,0,0,0,0,0,0,0,0,0,0,0,3,0,0,0,0,0,0,0
"423476",0,0,3,0,0,1,0,0,0,0,0,1,0,0,0,0,0,0,0,0,0,0,0,0
"426756",0,0,3,0,3,1,0,0,2,0,0,0,0,1,2,0,0,1,0,0,0,2,0,0
"438482",1,0,0,0,0,3,0,2,1,0,0,0,1,1,0,0,0,0,1,1,0,1,0,0
"44088",0,1,2,0,0,0,3,0,0,0,0,0,1,0,0,0,0,0,1,0,0,0,2,0
"446041",0,0,0,0,2,2,0,3,1,0,0,1,0,1,0,0,0,0,0,0,0,1,0,0
"446807",1,2,3,2,0,2,0,0,2,2,2,1,0,0,0,0,0,0,2,0,0,2,1,0
"458639",0,1,1,0,0,0,0,0,2,2,0,0,0,1,0,0,3,1,0,0,0,0,2,2
"462590",2,1,1,1,2,0,0,0,0,1,0,0,0,0,0,0,0,1,3,1,0,0,2,1
"466051",1,0,1,1,0,3,1,1,0,2,0,0,1,0,0,1,2,1,1,1,0,0,1,3
"466052",0,0,1,0,0,0,0,0,0,0,0,0,0,0,0,0,3,0,0,0,0,0,0,0
"519014",0,3,0,0,0,0,0,0,0,0,0,0,2,0,0,0,0,0,0,0,0,0,3,0
"542343",2,3,0,0,1,0,0,1,1,0,0,3,0,0,0,0,0,0,0,0,0,0,0,0
"545932",0,0,0,1,0,0,0,1,0,0,0,0,0,0,0,0,0,0,3,1,0,2,0,1
"598467",3,0,0,0,2,0,0,0,0,0,0,0,0,0,0,0,0,2,3,0,1,0,1,3
"62099",0,0,0,0,0,2,0,2,0,0,0,1,1,0,3,0,1,0,2,0,0,2,2,0
"638660",3,1,2,0,1,0,0,0,2,1,1,1,3,1,1,1,3,1,1,0,0,0,0,0
"648998",2,1,0,2,0,3,0,0,0,0,0,0,0,1,0,0,0,0,0,0,1,0,0,0
"661",1,0,0,0,3,0,0,0,0,0,1,0,0,0,0,0,0,0,0,0,0,0,0,0
"680115",3,0,0,0,0,1,0,0,0,0,1,0,0,2,0,0,1,0,0,1,0,0,0,0
"691961",0,0,0,1,1,0,0,0,1,0,0,0,0,1,0,0,0,2,0,3,0,0,0,0
"712624",1,0,0,2,3,0,1,0,1,0,1,0,0,0,0,0,1,0,0,0,0,0,0,0
"754075",0,0,0,0,0,0,0,0,0,0,0,0,0,0,0,0,0,0,0,0,1,0,3,0
"75687",1,1,3,2,2,0,0,0,2,0,2,2,1,0,0,0,2,0,1,0,0,3,2,3
"764348",0,2,0,0,1,1,3,0,0,2,1,1,0,1,0,0,0,0,2,0,1,1,0,0
"77038",3,2,1,0,1,0,2,0,1,0,0,3,0,0,0,0,3,2,0,0,0,0,2,1
"80852",0,1,0,1,3,0,0,0,1,0,0,0,0,0,1,0,0,0,1,1,0,0,1,0
"82986",1,1,2,0,3,0,0,2,0,0,0,1,0,0,1,0,0,0,2,0,0,0,0,0
"83442",0,0,0,0,0,0,0,0,0,0,2,0,0,0,0,0,0,0,0,0,0,0,3,0
"85011",1,1,3,2,0,1,1,0,0,0,0,0,0,1,1,1,2,2,2,1,0,2,3,0
"871006",1,1,1,1,1,2,0,0,0,0,0,1,0,0,3,0,0,0,0,1,1,3,2,0
"882697",1,1,1,2,1,0,0,0,1,1,0,0,1,0,1,0,1,3,1,2,0,1,0,0
"90142",0,0,0,0,1,0,0,1,1,0,1,0,1,1,1,1,0,2,0,0,0,3,0,0
"929832",1,0,3,3,2,1,1,0,0,0,0,0,0,0,0,0,0,0,0,1,1,2,0,0
"941058",1,0,0,3,0,0,0,0,0,0,0,0,0,1,0,1,0,0,0,0,0,0,0,0
"977913",0,0,0,0,3,0,0,0,0,0,0,1,0,0,2,0,0,0,0,0,0,0,0,0
"979982",0,0,0,0,3,0,0,0,0,0,0,0,0,0,0,0,0,0,0,0,0,0,0,0
"1000373",0,2,0,0,0,0,0,0,0,0,0,0,0,0,0,0,1,0,0,0,0,0,0,0
"1006972",1,0,0,0,0,0,0,1,0,2,0,1,0,1,0,0,0,0,0,1,0,0,0,0
"10256",0,0,0,0,1,0,0,0,0,1,2,0,0,0,0,1,0,1,0,0,0,0,0,0
"10264",0,0,0,0,0,0,0,0,0,1,0,0,0,0,0,0,2,0,0,0,0,0,0,0
"10265",1,0,2,1,1,2,1,0,0,0,0,0,1,0,0,0,0,0,0,1,0,1,0,0
"10276",1,0,0,0,0,0,0,0,0,0,0,0,0,0,0,0,2,0,0,0,0,2,0,1
"1028419",2,0,1,0,0,0,1,1,0,0,0,0,0,0,0,0,0,0,0,0,0,0,0,0
"1034099",0,0,1,0,0,0,1,0,0,0,0,0,0,0,0,0,0,0,2,0,0,0,0,1
"1034108",0,2,0,0,0,0,0,0,0,0,0,0,0,0,0,0,0,0,0,0,0,0,0,0
"1034110",0,0,0,2,0,0,0,0,0,0,1,0,0,0,0,0,0,0,0,2,0,0,0,0
"1034149",0,1,0,1,0,0,0,0,0,1,1,2,0,0,0,0,0,0,0,1,1,1,0,0
"1034150",0,0,1,0,0,0,0,0,2,0,0,0,0,0,0,0,0,0,0,0,0,2,1,0
"10442",0,0,0,0,0,0,0,0,0,0,0,0,0,0,0,2,0,0,0,0,0,0,0,0
"10493",1,2,1,0,0,0,1,1,1,0,1,1,0,0,1,0,1,0,0,0,1,1,0,2
"10501",0,0,1,0,2,0,0,0,0,0,0,0,0,0,0,0,0,0,0,0,0,1,1,0
"1051140",2,0,0,0,0,0,0,0,0,0,0,0,0,0,0,0,0,0,0,0,0,0,0,0
"1051631",0,0,0,0,0,0,0,0,0,0,0,0,0,0,0,0,0,0,0,2,0,0,0,0
"10552",0,0,0,0,0,0,0,2,0,0,0,0,0,0,0,2,0,0,0,0,0,0,0,0
"10665",0,0,1,2,0,0,1,2,0,0,1,0,2,0,0,0,0,0,0,0,0,0,0,0
"1069378",2,0,0,0,0,0,0,0,1,0,0,0,0,0,0,0,0,0,0,0,0,0,0,0
"1071177",0,0,0,0,0,0,0,0,0,0,0,0,0,2,0,0,0,0,0,0,0,0,0,0
"1072176",0,0,0,0,0,0,0,0,0,0,0,0,0,0,0,1,0,0,0,2,0,0,0,0
"1073767",0,0,0,2,0,0,0,0,0,0,0,0,0,0,0,0,0,0,0,0,0,0,2,0
"10742",0,0,0,1,2,0,0,0,0,0,0,0,0,0,0,0,0,2,0,0,0,0,0,0
"1074306",0,0,0,0,0,0,2,0,0,0,0,0,0,1,1,0,1,0,1,0,0,0,1,1
"1074863",0,0,0,0,2,0,0,0,0,0,0,0,0,0,0,0,0,0,0,0,0,0,0,0
"1076255",0,0,1,0,2,1,1,0,0,0,0,0,0,0,0,2,0,1,0,2,0,0,1,0
"10778",0,0,0,0,0,0,0,0,0,0,0,0,2,0,0,0,0,0,0,0,0,0,0,0
"10803",0,0,0,0,0,0,2,0,1,0,0,0,0,0,0,0,0,0,0,0,0,0,0,0
"10834",0,0,0,0,0,0,0,0,2,0,0,0,0,0,1,0,0,0,0,0,0,0,0,0
"1089116",1,0,0,0,2,0,0,0,0,1,0,2,0,0,0,0,0,0,0,0,0,0,0,0
"1089128",0,2,0,0,0,0,1,0,0,0,0,0,0,0,0,0,1,0,0,0,0,0,0,1
"1093100",0,0,0,0,1,2,0,0,0,0,0,0,1,0,0,0,1,0,0,0,0,0,0,0
"1095076",0,0,2,0,1,0,0,1,0,1,0,0,0,0,0,0,0,0,0,0,0,0,0,0
"110103",0,1,0,0,2,0,0,0,1,2,0,0,0,0,0,1,0,1,0,1,0,0,0,2
"11023",0,0,0,0,0,0,0,2,0,0,0,0,0,0,0,0,0,0,0,0,0,0,0,0
"11039",0,0,0,0,1,0,0,0,0,0,0,0,0,0,0,0,0,0,0,0,0,0,2,0
"110456",1,1,0,1,0,0,0,0,1,0,0,0,0,0,0,1,2,2,0,1,1,0,0,0
"1129035",1,0,0,0,0,0,0,1,0,0,0,2,0,0,0,0,0,0,0,0,0,0,0,0
"1129146",2,0,0,0,0,0,0,0,0,0,0,0,0,0,0,0,0,0,0,0,0,0,0,0
"1133329",0,0,0,0,1,0,0,0,1,0,0,0,0,0,1,1,0,0,2,1,1,0,0,0
"1137931",0,0,0,0,2,0,0,0,0,0,0,0,0,0,0,0,1,0,0,0,0,0,0,0
"1141137",0,0,1,0,0,0,0,0,0,1,1,0,0,0,2,0,1,0,0,0,0,0,0,0
"114380",2,1,0,0,0,1,1,2,0,1,0,0,0,0,0,0,0,0,0,0,0,1,2,1
"1146872",0,0,0,0,0,0,0,0,0,0,0,0,0,0,0,0,0,0,0,0,0,0,2,1
"1146874",2,0,0,0,0,0,1,0,2,2,0,1,0,0,0,0,1,0,0,0,0,0,1,0
"114892",2,0,0,0,1,1,0,0,0,0,0,1,0,0,0,0,0,1,0,1,1,0,0,0
"1150353",0,0,0,0,0,0,1,0,2,2,0,2,0,0,0,0,0,0,1,0,2,0,0,0
"115714",0,1,0,0,2,0,0,0,0,0,0,0,0,1,0,0,0,0,0,0,0,0,0,0
"11572",0,0,0,0,0,0,0,0,0,0,0,0,0,0,2,0,0,1,0,0,0,0,0,0
"115991",0,0,0,0,1,0,0,0,0,0,0,0,0,0,0,0,1,2,0,0,0,0,0,0
"1160795",1,0,1,0,1,1,0,0,0,0,1,2,0,1,0,0,0,1,1,0,1,1,0,2
"116759",1,2,0,0,0,0,1,0,2,0,0,0,0,0,1,0,1,0,0,1,0,0,0,0
"1168281",0,0,0,0,0,0,0,0,1,0,0,0,0,0,0,0,0,0,0,0,0,2,0,2
"1173754",0,1,2,0,0,0,0,0,0,1,0,0,0,1,0,0,0,0,0,0,0,0,0,2
"1173757",0,2,0,0,0,0,0,0,0,0,0,0,0,0,0,0,0,0,0,0,0,0,0,0
"1176423",0,0,0,1,0,1,0,1,0,1,0,0,0,0,0,0,0,0,0,0,2,0,0,0
"1177758",0,0,0,0,0,0,0,2,0,0,0,0,0,0,0,0,0,0,0,0,0,0,0,0
"1177759",2,1,0,0,0,0,0,0,0,0,0,1,0,1,0,0,0,0,0,0,0,0,0,0
"1177766",0,0,0,0,0,0,0,2,0,0,1,0,0,0,0,0,0,0,0,0,0,0,0,0
"1187849",0,2,1,2,2,0,0,0,1,0,0,0,0,0,0,0,0,0,2,0,0,1,0,0
"11885",0,0,0,0,2,1,0,2,0,0,0,1,1,0,1,0,0,0,1,0,0,0,0,0
"119164",0,0,0,0,1,0,0,0,0,0,0,0,0,0,0,0,0,2,0,0,0,0,0,0
"1194642",1,1,0,0,0,0,0,0,0,0,0,0,2,0,0,0,0,0,0,0,1,0,0,0
"1198140",0,0,0,0,1,1,0,0,2,0,0,0,0,0,1,1,0,0,0,1,0,0,0,0
"1202142",0,0,0,0,2,0,0,0,0,0,0,0,0,0,0,0,0,0,0,0,0,0,0,0
"1208583",0,0,0,0,0,0,0,0,0,0,0,2,0,0,0,0,0,0,0,0,0,0,0,0
"12171",2,0,0,0,0,0,0,0,0,1,0,0,0,0,0,0,0,0,0,0,0,0,0,0
"12172",0,0,0,0,1,0,0,0,0,0,0,0,0,0,0,0,0,0,2,0,0,0,0,0
"12177",0,0,0,2,0,0,0,0,0,0,0,0,0,0,0,0,0,0,0,0,0,0,0,0
"1218492",0,0,1,0,1,0,0,0,1,0,0,1,0,0,0,0,1,2,0,0,0,0,0,0
"1225785",0,2,2,2,2,1,0,0,0,0,0,2,1,0,0,0,0,0,1,1,1,1,0,1
"1233177",0,0,0,2,0,0,0,0,0,0,0,0,0,0,0,0,0,0,0,0,0,0,0,0
"12348",0,0,0,0,2,0,0,0,0,0,0,1,1,0,0,0,1,1,1,0,2,0,1,0
"1239582",0,2,0,0,0,0,0,0,0,0,0,0,0,0,0,0,0,0,0,0,0,0,0,0
"1266451",0,0,0,0,0,2,0,0,0,0,0,0,0,0,0,0,0,0,0,0,0,0,0,0
"1273707",0,0,0,2,1,0,0,0,0,0,0,1,0,0,0,0,0,0,0,0,0,0,0,1
"1276936",0,0,0,2,0,0,0,0,0,0,0,0,0,0,0,0,0,0,0,0,0,0,0,0
"1281454",0,0,0,0,1,0,0,0,0,0,0,0,0,0,0,0,0,0,0,0,0,0,0,2
"129395",0,0,0,2,0,0,0,0,0,0,0,0,0,0,0,0,0,0,0,0,0,0,0,0
"1296340",1,0,2,0,1,2,1,0,1,0,2,0,1,2,2,2,1,0,0,0,0,0,1,0
"129955",0,0,0,2,2,0,0,0,0,0,0,0,0,0,0,0,0,0,2,0,0,0,0,0
"1300004",0,0,0,2,0,0,0,0,1,0,0,0,0,0,0,0,0,0,2,0,0,0,0,0
"1300113",0,0,0,0,0,0,0,2,0,0,2,0,0,0,0,0,1,0,0,0,0,0,0,0
"1302410",2,0,0,0,0,0,1,0,0,0,0,0,1,0,0,0,0,0,0,0,0,0,2,0
"130499",0,0,0,0,0,0,0,0,0,0,0,0,0,1,0,1,1,0,0,0,0,0,2,0
"1327035",0,2,0,2,0,1,0,1,0,1,0,1,1,0,0,1,1,0,0,1,1,0,0,1
"1327037",0,0,0,0,0,0,0,0,0,0,0,0,0,0,0,0,0,0,0,2,0,0,0,0
"1327764",0,0,0,0,1,0,0,0,0,0,0,0,0,0,1,0,0,0,1,0,0,0,2,0
"1327772",0,0,0,1,0,0,0,0,0,0,0,0,0,0,0,0,0,0,0,0,0,0,0,2
"1327773",0,0,0,1,0,0,0,2,0,0,0,1,0,0,1,0,0,0,0,0,0,1,0,0
"1327937",0,0,0,2,2,0,0,0,1,0,0,0,0,0,0,0,0,0,0,0,1,0,0,0
"1329402",1,0,0,0,2,0,0,1,1,1,2,0,0,1,0,0,0,0,1,0,0,1,0,0
"1335638",0,0,0,0,0,0,0,0,0,0,0,2,0,0,0,0,0,0,0,0,0,0,0,0
"1340713",0,0,0,0,0,0,0,0,0,0,1,1,1,0,0,0,0,0,0,0,0,2,2,0
"1340746",2,0,0,0,0,0,0,0,0,0,0,0,0,0,0,0,0,0,0,0,0,0,0,0
"1340825",0,0,0,0,0,0,0,0,0,0,0,0,0,1,0,0,0,0,2,0,0,0,0,0
"135615",0,0,0,0,0,0,0,0,0,0,2,0,0,0,0,0,2,0,0,0,0,0,0,0
"135624",2,0,0,0,1,0,0,0,1,0,0,0,0,0,0,0,0,0,0,0,0,0,0,0
"1357714",0,0,0,2,1,1,0,1,0,0,0,2,0,0,0,1,1,0,1,0,1,0,0,0
"13642",0,0,0,0,0,0,0,0,0,0,0,0,0,2,0,0,0,0,0,0,0,0,0,0
"1366055",0,0,0,0,0,0,0,0,0,0,0,0,0,0,0,0,0,0,0,2,0,0,0,0
"1379721",0,0,0,0,0,0,0,0,0,0,0,0,0,2,0,0,0,0,0,0,0,0,0,0
"138951",0,0,0,0,0,0,0,0,0,0,0,0,0,0,2,0,0,0,0,0,0,0,0,0
"1389960",1,0,0,0,1,0,0,0,0,0,0,2,0,0,1,0,0,0,0,0,0,0,0,1
"1398939",1,0,0,0,0,0,0,0,0,0,0,0,0,0,0,0,0,0,0,0,0,0,0,2
"1400526",0,0,0,0,0,0,0,0,0,0,0,0,0,0,0,2,0,0,0,2,0,0,0,0
"1401087",0,1,0,0,0,1,0,0,0,2,0,0,1,0,0,0,0,1,0,1,0,0,0,0
"1406782",0,0,0,0,0,0,0,2,0,0,0,0,0,0,0,0,0,0,0,0,0,0,0,0
"1427523",2,0,0,0,0,0,0,0,0,0,0,0,0,2,0,0,0,0,0,0,0,0,0,1
"1428190",0,0,0,0,0,0,0,0,0,0,0,0,0,0,0,0,2,0,0,0,0,0,0,0
"1429904",0,0,1,0,0,1,0,0,1,1,2,0,0,0,0,0,0,2,1,2,1,0,0,0
"1440170",0,0,0,0,0,0,0,0,0,0,0,0,2,0,0,0,0,0,0,0,0,0,0,0
"1458724",2,0,0,0,0,1,0,0,0,0,0,1,1,0,0,0,0,1,0,1,0,0,0,0
"1458726",2,1,0,0,0,0,1,1,0,1,0,1,2,0,0,1,0,0,0,1,0,0,1,0
"1458842",1,0,0,1,0,0,0,1,0,0,1,2,0,0,0,0,0,0,0,1,0,0,0,0
"1458859",0,0,0,0,0,0,0,0,0,0,0,2,0,0,0,0,0,0,0,0,0,1,0,0
"1458863",0,0,0,2,0,0,1,0,0,0,0,0,0,0,0,0,0,0,0,0,0,0,0,0
"1465751",0,1,0,2,0,1,0,2,1,0,0,0,0,0,0,0,0,0,0,1,0,0,0,0
"1468169",1,0,0,0,2,0,0,0,0,0,0,0,0,0,0,0,0,0,2,0,0,1,0,0
"146897",2,0,0,0,0,0,0,0,0,0,0,0,0,0,0,0,0,0,2,0,2,0,0,0
"1486469",0,2,0,0,1,0,0,0,1,0,0,0,0,1,0,1,1,0,0,0,0,0,0,0
"1490057",0,0,0,0,0,0,0,1,0,0,0,2,0,0,0,0,2,0,0,0,0,1,0,0
"1493858",0,2,0,0,0,0,0,0,0,0,0,0,0,0,0,0,0,0,0,0,0,0,0,0
"1500713",0,0,1,0,0,0,0,0,0,0,0,0,0,0,0,2,0,2,0,0,0,0,0,0
"1506716",1,2,2,0,0,0,0,0,2,2,0,0,0,0,0,0,0,0,0,0,0,0,0,0
"1508220",0,0,0,0,0,0,0,2,0,0,0,0,0,0,0,0,0,0,0,0,0,0,0,0
"1508228",0,0,0,0,0,0,0,0,0,0,0,0,0,0,0,0,0,2,0,0,0,0,0,0
"1511894",1,0,0,0,1,0,0,2,0,0,0,0,0,0,0,0,0,0,0,0,0,2,0,0
"1513263",0,0,0,0,0,0,0,0,0,0,0,0,0,1,0,0,2,0,0,2,0,0,0,0
"1513276",0,0,0,0,0,0,0,0,0,0,0,0,0,0,0,0,0,2,0,1,0,0,0,0
"151528",0,0,0,0,0,2,1,0,0,2,0,0,0,0,0,0,0,0,2,0,0,0,0,0
"1527515",0,0,0,2,0,0,0,0,0,0,0,0,0,0,0,0,0,0,1,0,0,0,0,0
"1527536",1,0,0,0,0,0,0,0,1,0,0,1,1,0,0,2,1,1,0,1,0,0,0,0
"1527770",1,2,0,2,0,0,0,1,0,0,0,1,2,0,0,0,0,2,0,0,0,0,0,2
"1534544",0,1,0,0,0,0,0,0,0,0,0,0,0,0,0,1,0,0,1,2,0,0,0,0
"1534547",0,0,0,0,0,0,0,2,0,0,0,0,0,0,0,0,0,0,0,0,0,0,0,0
"1536592",0,0,0,2,0,0,0,0,1,0,0,1,0,0,1,0,0,1,0,0,0,0,0,0
"1538804",0,0,0,0,2,0,0,1,0,1,0,0,2,0,0,0,0,0,1,0,0,0,0,0
"1540823",0,0,0,0,0,0,0,0,0,2,0,0,0,0,0,0,0,0,0,0,0,0,0,0
"1541743",0,2,2,0,0,1,0,1,2,0,0,0,1,0,0,0,1,0,0,1,0,0,0,0
"1547495",2,0,1,0,0,1,0,0,1,1,1,1,0,0,2,1,0,0,0,0,1,0,0,0
"1551710",0,1,0,0,0,2,0,0,0,0,0,1,0,0,0,1,0,0,0,0,0,0,0,0
"1551711",0,0,2,0,0,0,1,0,0,0,0,0,0,0,0,0,0,0,0,0,0,0,0,0
"155493",1,0,0,1,0,1,0,0,1,0,0,0,0,0,0,1,0,0,1,0,2,2,0,2
"1555201",0,2,0,0,1,0,0,0,0,0,0,0,0,1,1,0,0,0,0,0,2,1,0,1
"155537",1,1,0,0,1,0,0,2,1,1,0,0,1,0,0,0,0,0,0,1,0,0,0,0
"1557",0,1,1,2,1,1,1,1,0,0,0,0,0,0,0,0,0,0,0,0,0,1,0,0
"1557033",0,0,2,0,0,0,0,0,0,0,0,0,0,0,0,0,0,0,0,0,0,0,0,0
"1557034",0,0,0,0,2,0,0,1,0,0,0,0,0,0,1,0,0,0,0,0,0,0,0,1
"1560342",1,0,0,0,1,0,0,2,0,0,0,0,1,0,0,0,1,0,0,0,0,2,1,0
"1560351",0,0,0,0,2,0,0,0,0,0,0,0,0,0,0,0,0,0,0,0,0,0,0,0
"1561705",0,0,0,1,0,0,0,0,0,0,0,0,0,0,0,0,0,0,0,2,0,0,0,0
"1562065",0,0,0,0,0,0,1,0,0,2,0,0,0,0,0,0,0,2,0,0,0,0,1,0
"1567005",0,0,1,2,2,1,0,0,0,0,0,2,1,0,0,0,0,0,0,0,0,0,0,0
"1567012",0,2,0,0,0,0,0,0,0,0,0,0,0,0,0,0,0,0,1,0,0,0,0,0
"1569053",0,0,0,0,0,2,0,0,0,0,0,0,0,0,0,0,0,0,0,0,0,0,0,0
"1569057",0,0,0,0,0,0,0,0,1,0,0,0,0,0,0,0,0,2,0,0,0,0,0,0
"1580591",1,0,0,0,0,0,0,1,0,2,0,0,1,0,1,1,0,0,0,0,0,0,0,0
"1586712",0,2,1,0,0,0,0,0,1,0,0,0,0,0,0,0,1,0,0,1,0,0,0,0
"1592828",0,2,0,1,0,0,2,0,1,1,0,0,0,2,2,0,0,0,0,0,0,0,0,0
"160796",0,0,0,0,0,1,0,2,0,0,0,1,0,0,0,0,0,0,0,0,0,1,0,0
"1616781",1,0,0,0,0,0,0,0,0,0,2,0,0,0,0,0,0,0,0,0,0,0,0,0
"1623290",0,0,0,0,2,0,0,0,0,0,0,0,0,0,0,0,0,0,0,0,0,0,0,0
"1630300",1,0,0,0,0,0,0,0,0,0,0,0,0,1,0,0,0,0,0,0,0,0,2,0
"1636200",0,0,2,0,0,0,0,0,0,0,0,0,0,0,0,0,0,0,0,0,0,0,0,0
"1643324",0,0,0,0,0,0,0,0,0,0,0,0,0,0,0,0,0,0,2,0,0,0,0,0
"1647308",0,0,0,0,0,2,0,0,0,0,1,0,0,0,0,1,0,0,0,2,0,0,1,0
"1654782",0,0,0,0,0,0,0,0,0,0,0,0,0,0,0,0,0,2,0,0,0,0,1,0
"1655652",0,0,0,0,0,0,2,0,0,0,0,0,0,0,0,0,0,0,0,0,0,0,0,0
"1655662",0,0,0,1,0,0,1,0,0,0,0,0,0,2,1,0,0,0,0,0,0,0,0,0
"1659771",0,0,0,0,0,0,0,2,0,0,0,0,0,0,0,0,0,0,0,0,0,1,1,0
"1675548",0,0,0,0,2,0,0,0,0,0,0,0,1,0,0,0,0,0,0,0,0,0,0,0
"1675553",0,0,0,1,0,0,0,0,2,0,0,0,0,0,0,0,0,1,0,0,0,0,0,1
"1675555",0,0,0,0,2,0,0,0,0,1,0,0,0,0,0,0,0,0,2,0,1,0,0,1
"1678144",0,0,0,0,0,0,0,0,0,0,0,0,2,0,0,0,0,0,0,0,0,0,0,0
"1678145",0,0,0,0,0,0,2,1,0,0,0,0,0,0,0,0,0,0,0,0,0,0,0,0
"1678162",0,0,0,2,0,0,0,0,0,0,0,0,2,0,0,0,0,0,0,0,0,0,0,0
"170",0,0,0,0,0,0,0,0,0,1,0,0,0,0,1,2,0,0,0,1,1,2,1,2
"1701404",0,2,0,0,0,0,0,0,0,0,0,0,0,0,0,0,0,0,0,0,0,0,0,0
"1703964",0,2,1,0,1,0,0,2,0,2,0,0,0,0,1,0,0,0,0,1,1,0,0,1
"1703971",0,0,0,1,0,0,0,1,1,0,0,0,0,0,0,0,0,0,0,0,1,0,2,0
"1714268",0,0,1,0,0,1,0,2,0,1,0,1,0,0,0,0,1,0,0,0,0,0,0,1
"1714570",0,0,0,0,0,0,0,0,0,0,0,0,0,0,0,0,2,0,0,0,0,0,0,0
"1732178",0,0,0,0,0,0,0,1,0,2,0,0,0,0,0,0,0,0,0,1,0,0,0,0
"1747384",0,0,0,0,0,0,1,0,1,0,0,2,2,0,0,0,0,0,2,0,0,0,0,1
"1756615",0,0,0,2,0,0,0,0,0,0,0,0,0,0,0,0,0,0,0,0,0,0,0,0
"1758881",0,0,0,0,0,2,0,0,0,0,0,0,0,0,0,0,0,0,0,0,0,0,0,0
"1761477",2,1,0,0,0,0,0,0,0,0,0,0,0,0,0,0,0,0,0,0,0,0,0,0
"1774200",0,0,2,0,0,0,0,0,0,0,0,0,1,0,0,0,0,0,0,0,0,0,0,0
"1798216",0,0,0,0,0,1,0,0,0,0,0,2,0,0,0,0,0,0,2,0,0,0,1,0
"1798217",0,0,2,0,0,2,0,0,0,0,0,0,0,0,0,0,0,0,2,0,0,0,0,2
"1806636",0,0,0,2,1,0,0,2,0,0,0,0,0,0,0,0,0,0,0,0,0,0,1,0
"1820160",0,0,1,0,0,0,0,0,0,0,0,0,0,0,0,0,2,0,0,0,1,0,0,0
"1836608",0,0,0,0,0,0,0,0,0,0,0,0,0,0,0,0,0,2,0,0,1,0,0,0
"1857843",2,0,2,1,1,1,0,0,0,1,0,1,0,0,1,0,0,0,1,0,2,1,0,0
"1857890",0,0,0,2,0,0,0,0,0,0,0,0,1,0,0,0,0,0,0,0,0,2,0,0
"1862978",0,1,0,2,0,1,0,1,0,0,1,0,0,0,0,0,0,0,2,0,0,0,0,0
"1871054",0,0,0,0,0,0,0,0,0,2,0,0,0,1,0,1,1,1,1,1,1,0,0,1
"1873696",0,0,0,0,0,0,0,1,0,0,1,0,1,0,0,0,0,2,0,0,0,0,0,0
"1873698",0,0,2,1,0,1,0,1,0,0,0,0,0,0,0,0,1,1,0,1,1,0,0,0
"1873889",0,2,0,0,0,2,0,0,0,0,0,2,0,0,0,1,1,0,0,0,0,0,2,0
"187764",0,2,0,0,0,0,0,0,0,0,0,0,0,0,0,0,0,0,0,0,0,0,0,0
"1883200",0,1,0,0,0,0,1,0,0,0,0,0,2,0,0,0,0,0,0,0,0,0,0,0
"1884818",2,0,0,0,0,0,0,0,0,1,0,1,0,1,0,0,0,0,0,1,0,0,0,0
"1892251",0,0,0,0,0,0,0,0,1,0,2,0,0,0,0,1,0,0,0,1,0,0,0,0
"1892252",1,0,0,0,1,2,0,0,2,0,0,0,0,2,0,0,1,2,1,0,0,0,0,0
"189330",0,0,0,0,1,0,0,0,0,0,0,0,1,0,0,0,0,0,0,0,0,2,0,0
"1902501",0,0,0,2,0,0,0,0,0,0,0,0,0,0,0,0,0,0,0,0,1,0,0,0
"1909732",0,1,1,0,1,0,0,1,2,1,0,0,1,2,0,1,0,1,0,0,0,0,0,1
"1910936",0,2,0,1,1,1,0,1,2,1,0,0,1,1,0,1,0,0,0,1,0,0,0,0
"1910991",0,0,1,0,0,0,0,2,2,0,1,1,0,2,0,0,2,0,0,0,2,1,0,0
"1910992",0,0,0,1,0,2,0,1,0,0,0,0,0,0,0,0,0,0,2,0,0,0,0,1
"1910993",0,1,0,2,0,1,0,0,0,0,0,0,0,0,0,0,1,0,0,2,0,0,0,0
"1911006",0,0,0,1,0,0,0,0,0,1,1,1,2,0,1,0,0,0,1,0,0,0,1,0
"1911604",1,0,0,0,0,1,0,0,0,0,0,0,0,0,0,0,0,0,0,0,0,0,2,0
"1912590",0,0,0,0,0,0,0,0,0,0,0,0,0,0,0,0,2,0,0,0,0,0,0,0
"1912760",0,0,0,1,0,0,0,0,0,1,0,0,0,0,0,0,0,0,0,0,0,0,2,0
"1913651",0,1,0,1,0,0,2,2,0,1,0,0,0,0,0,0,1,0,0,0,1,1,1,0
"1913654",1,0,1,0,0,1,0,0,0,0,1,0,1,0,2,0,0,0,2,0,0,0,0,0
"1913656",1,1,2,0,0,1,0,0,0,0,0,0,0,1,0,0,0,1,0,0,0,0,0,2
"1914019",0,0,1,1,0,0,0,1,0,0,0,1,0,2,1,0,0,0,1,0,0,1,0,2
"1914020",1,0,0,2,1,0,0,1,1,0,0,2,2,1,0,0,2,0,0,0,0,0,0,0
"1914165",0,0,0,0,0,0,0,1,1,0,0,0,1,0,1,0,0,0,0,0,2,0,0,0
"1914192",0,0,0,0,0,0,0,0,0,0,0,0,0,0,0,2,0,0,0,0,0,0,0,0
"1914199",0,0,0,0,0,0,0,0,0,0,0,0,0,0,0,0,0,0,0,0,0,2,0,0
"191460",0,0,0,0,0,0,0,0,0,0,0,0,0,0,2,0,0,0,0,0,0,0,0,0
"1914852",0,0,0,0,1,1,0,0,0,0,1,2,0,0,0,1,0,0,0,0,0,0,0,0
"1914894",0,0,0,1,1,0,0,0,0,2,2,0,0,1,0,0,0,0,0,0,1,0,0,1
"1914898",0,0,0,0,0,0,0,0,0,0,0,0,0,0,0,0,0,2,1,0,0,0,0,0
"1914899",0,2,0,2,0,1,0,1,1,0,0,0,0,0,0,0,1,1,0,1,0,1,0,0
"1917990",1,1,2,0,0,0,1,0,1,1,0,1,0,0,0,0,2,0,0,1,0,0,1,0
"1918011",2,0,0,0,0,0,0,0,0,0,0,0,0,0,0,0,1,0,0,0,0,0,0,0
"1918524",0,0,0,1,0,0,0,0,0,0,1,0,0,0,0,0,2,1,0,0,0,0,0,0
"1918727",0,0,0,0,2,1,0,0,0,0,0,0,0,0,0,0,0,0,0,1,0,0,0,0
"1918729",0,0,0,0,0,2,0,0,0,0,0,0,0,0,0,0,0,0,0,0,0,0,0,0
"1920493",0,0,0,0,0,0,0,2,0,0,0,0,0,0,0,0,0,0,0,0,0,0,0,0
"1920765",0,0,0,0,0,0,0,0,0,0,0,0,2,0,0,0,0,0,0,0,0,0,0,1
"1920774",0,2,1,1,2,1,0,1,2,0,1,0,1,0,0,0,0,1,0,0,0,2,0,1
"1920779",0,0,0,0,0,0,2,0,0,0,0,0,0,0,2,0,1,1,0,0,0,1,0,0
"1920865",2,0,1,0,1,0,0,0,0,0,0,0,0,0,0,0,0,0,1,0,0,0,0,0
"1921004",2,0,0,0,0,0,0,0,0,0,1,0,0,0,0,2,0,0,0,0,0,0,0,0
"1921123",0,0,0,0,0,0,0,0,1,1,0,0,2,0,0,0,0,0,0,0,0,1,0,0
"1921125",1,0,0,2,1,0,0,1,1,0,0,0,0,0,0,2,0,0,0,0,0,0,0,0
"1921184",0,0,0,0,2,0,0,0,0,0,0,0,0,0,0,0,0,0,0,0,0,0,0,0
"1921187",0,0,1,0,2,0,0,0,0,0,0,0,0,0,0,0,0,0,0,0,0,0,0,0
"1921409",0,0,0,0,0,0,0,0,0,0,1,0,2,0,0,0,0,0,0,0,0,0,0,0
"1921413",0,0,0,0,0,0,0,0,0,0,2,0,0,0,0,0,0,0,0,0,0,0,0,0
"1921530",1,2,0,0,0,0,0,0,0,0,0,0,0,0,0,0,0,0,2,0,0,1,0,0
"1921553",0,0,0,2,0,0,0,0,0,0,0,0,0,0,0,0,0,0,0,2,0,0,2,0
"1921699",1,0,0,0,0,0,0,0,0,0,0,0,0,2,0,0,0,0,0,0,0,0,0,0
"1921705",0,1,0,0,1,0,0,0,0,0,0,2,1,1,0,0,0,0,1,0,0,0,0,1
"1921711",2,0,1,1,0,0,0,0,0,0,0,1,0,0,0,0,0,1,0,0,0,0,0,0
"1921713",2,0,0,0,1,0,0,0,0,1,0,0,2,0,0,0,0,0,0,0,0,2,0,0
"1921773",0,0,0,0,2,0,0,0,0,0,0,0,0,0,0,0,0,0,0,0,0,0,0,0
"1922211",2,0,0,0,0,0,0,0,0,0,0,0,0,0,0,0,0,0,0,0,0,0,0,0
"1922247",0,0,0,0,0,0,1,0,0,0,0,0,0,0,0,0,0,0,0,0,0,2,0,0
"1922328",0,1,0,0,0,0,1,1,0,0,0,2,0,0,1,0,1,0,1,1,0,0,0,0
"1922331",2,0,0,0,0,0,0,0,0,0,0,0,0,0,0,0,0,0,2,0,0,0,0,0
"1922452",0,0,0,2,0,0,0,0,0,0,0,0,0,0,0,0,0,0,0,0,0,0,0,1
"1922460",0,0,0,0,1,0,0,2,0,0,0,0,0,0,0,0,0,0,1,1,0,0,0,0
"1922563",2,0,0,0,0,0,0,0,0,0,0,0,0,0,0,0,0,0,0,0,0,0,0,0
"1922576",0,0,0,0,0,0,0,0,0,0,0,0,0,0,0,0,0,0,2,0,0,0,0,0
"1922582",0,0,0,0,0,2,0,0,0,0,0,0,0,1,0,0,0,0,0,0,0,0,2,0
"1922590",0,0,0,0,0,0,0,2,0,0,0,0,0,1,0,0,0,0,0,0,0,0,0,0
"1922602",1,0,0,2,0,0,0,0,0,0,0,0,0,0,1,0,0,1,0,0,0,0,0,0
"1922693",0,0,0,0,0,0,0,0,0,0,0,0,0,2,0,0,0,0,0,0,0,0,0,0
"1922704",0,0,0,0,0,0,0,0,0,0,0,1,2,0,0,0,0,0,0,1,0,0,0,2
"1922738",0,0,0,0,0,0,0,0,1,2,1,0,1,0,1,0,0,0,0,0,0,0,0,0
"1922766",0,0,0,0,0,0,0,0,2,0,0,0,0,0,0,0,0,0,0,0,0,0,0,0
"1922772",0,2,0,0,0,0,0,0,0,0,1,0,0,0,0,0,0,0,0,0,0,1,0,0
"1922789",0,0,0,0,0,0,0,0,0,0,0,0,0,0,0,0,0,0,2,0,0,0,0,0
"1922801",0,0,0,0,0,0,0,0,0,0,0,0,0,0,0,0,0,0,0,0,0,0,2,0
"1922821",0,0,0,0,0,0,0,0,2,1,0,0,0,0,0,0,0,0,0,0,0,0,0,0
"1922958",0,0,0,0,0,0,0,0,0,0,0,0,0,0,0,0,0,0,0,0,0,0,0,2
"1922998",0,0,0,0,0,0,0,0,0,0,2,0,0,0,0,0,0,0,0,0,0,0,0,0
"1923001",0,0,0,0,0,1,0,0,0,0,0,0,2,0,0,0,0,0,0,0,0,0,0,0
"1923101",0,0,0,0,0,0,0,0,0,0,0,0,0,0,0,0,0,0,2,0,0,0,0,0
"1923121",0,2,0,0,0,0,0,0,0,0,0,0,0,0,0,0,0,0,0,0,0,0,0,0
"1923129",0,0,0,0,0,2,1,0,2,1,2,0,0,1,0,0,0,0,1,0,0,1,0,0
"1923149",0,0,0,0,0,0,0,0,0,0,0,0,0,0,0,0,0,0,0,2,0,0,0,0
"1923204",0,0,0,0,0,0,0,0,0,0,2,0,0,0,0,0,0,0,0,0,0,0,0,0
"1923253",2,0,0,0,0,1,0,0,0,0,0,0,0,0,0,0,0,0,0,0,0,0,0,0
"1923259",0,0,1,0,0,0,0,0,1,0,0,0,0,0,2,0,0,0,0,0,0,1,0,0
"1923260",0,0,0,0,0,0,0,1,0,2,0,0,0,0,0,0,0,0,0,0,0,0,0,0
"1923298",0,0,0,0,0,0,0,0,0,0,0,0,0,0,0,0,2,0,0,0,0,0,0,0
"1923305",0,0,0,0,0,0,0,0,0,0,0,0,0,0,0,0,0,0,0,2,0,1,2,0
"1923306",0,0,0,1,0,0,0,0,0,0,0,0,0,0,0,0,0,0,0,0,0,1,2,0
"1923321",0,0,2,0,2,0,0,0,0,0,0,0,0,0,0,0,0,0,0,0,0,0,0,0
"1923326",0,0,0,0,0,0,0,0,0,0,0,2,0,0,0,0,0,0,0,0,0,0,0,0
"1923369",0,0,0,0,0,0,1,2,0,0,0,0,0,0,0,0,0,1,0,0,0,0,0,0
"1923405",0,0,0,0,0,0,0,0,0,0,0,0,0,2,0,0,0,0,0,0,0,0,0,0
"1923446",0,0,0,0,0,0,0,0,0,0,2,0,0,0,0,0,0,0,0,0,0,0,0,0
"1923447",0,0,0,0,0,0,0,0,0,0,0,0,0,0,0,0,2,0,0,0,0,0,0,0
"1923628",0,0,0,0,0,0,0,0,0,0,0,0,0,0,0,2,0,0,0,0,0,0,0,0
"1923631",0,0,1,0,0,0,0,0,0,0,0,0,0,0,0,0,0,0,0,0,2,0,0,0
"1923683",0,0,0,0,0,0,0,0,0,0,0,0,0,0,0,0,0,0,0,0,2,0,0,0
"1923688",0,1,0,0,0,0,0,0,0,0,0,0,0,0,0,0,0,2,0,0,0,0,0,0
"1923689",2,0,0,0,0,0,0,0,0,0,0,0,0,0,0,0,0,0,0,0,0,0,0,0
"1923781",2,1,0,0,0,0,0,0,0,0,0,0,0,0,2,0,2,0,0,0,0,0,0,0
"1924286",0,1,0,0,0,0,0,0,0,0,0,0,0,0,0,0,0,0,0,0,0,0,0,2
"1924731",0,0,0,0,0,0,0,0,0,0,0,0,2,1,0,0,0,0,0,0,0,0,0,0
"1924733",0,0,0,0,2,0,0,0,0,0,0,0,0,0,0,0,0,0,0,0,0,0,1,0
"1926881",0,0,2,0,1,2,0,1,1,0,1,0,0,0,1,0,0,0,1,0,0,0,0,0
"1926996",0,0,0,0,0,0,0,0,0,0,0,0,0,0,1,0,0,0,0,0,0,0,2,0
"1930508",2,1,0,0,0,0,0,0,0,0,0,0,0,0,0,0,0,0,0,0,0,0,0,1
"1932926",0,0,0,0,0,0,0,0,0,0,0,0,0,0,0,0,0,0,1,0,0,0,0,2
"1932927",1,1,0,0,2,0,0,0,0,0,0,0,0,0,0,0,0,0,0,0,0,0,0,0
"1940555",0,0,1,0,0,0,0,1,0,0,0,0,0,0,0,1,2,0,0,0,0,0,0,0
"194441",1,0,0,0,0,0,0,0,0,0,0,0,0,0,0,0,0,0,2,0,0,0,0,0
"1945561",0,2,0,0,0,0,0,0,0,0,0,0,0,0,0,0,0,0,0,0,0,0,0,0
"194802",0,1,2,0,0,0,0,0,0,0,0,0,1,0,0,0,0,0,0,0,0,0,0,0
"1949203",0,0,0,1,0,0,0,0,0,0,0,0,0,0,0,0,0,0,0,0,0,0,2,0
"1954380",2,0,0,0,0,0,0,1,0,0,1,0,0,0,0,0,0,0,0,0,0,0,0,0
"1962301",0,2,0,1,0,0,0,0,0,0,1,1,0,0,0,0,0,0,0,0,0,0,0,0
"1962302",0,0,0,0,0,0,0,0,0,0,0,0,0,0,0,0,0,0,0,0,0,0,0,2
"196690",0,0,0,1,0,1,0,0,0,0,0,0,0,0,0,2,0,0,0,0,0,0,0,0
"1972580",0,0,0,1,0,0,1,2,0,0,0,0,0,0,0,0,0,0,0,0,0,0,0,0
"1980941",0,0,0,1,0,0,0,0,0,0,0,0,0,0,0,1,0,0,0,0,2,0,0,0
"1980946",2,0,0,0,0,0,0,0,0,0,0,0,1,0,0,0,0,0,0,0,0,0,0,0
"1980955",0,0,0,0,0,0,0,0,0,0,1,0,0,1,0,1,2,0,0,0,0,0,0,0
"1980960",0,0,0,0,0,0,0,2,0,0,0,0,0,0,0,0,0,0,0,0,0,0,1,0
"1980961",0,0,0,0,0,0,0,0,1,0,2,2,0,1,0,1,0,0,0,0,0,0,0,0
"1981024",0,0,0,0,0,0,0,0,0,0,0,2,0,0,0,0,1,0,0,1,0,0,0,0
"1981047",0,2,0,1,0,2,0,1,0,1,0,0,1,0,0,0,0,0,0,1,0,1,0,1
"1981049",1,1,0,0,1,0,2,2,2,0,0,0,0,0,1,1,0,0,0,0,2,0,0,1
"1982077",2,0,1,2,0,0,0,0,1,0,0,0,0,1,0,0,0,1,0,2,0,0,0,0
"1982082",0,0,0,0,0,0,0,1,0,0,0,2,0,0,0,0,1,0,0,0,0,0,0,0
"1982083",0,0,0,0,0,0,0,0,1,0,0,1,0,0,0,0,0,0,0,0,0,0,2,0
"1982101",0,0,0,0,2,1,0,1,0,0,0,0,0,0,0,0,1,0,2,0,0,0,0,0
"1982225",0,0,1,0,0,2,0,0,0,0,0,0,0,0,0,0,0,0,0,0,0,0,0,0
"1982227",0,0,0,0,0,0,0,0,0,0,0,0,0,0,1,0,0,0,0,0,0,0,0,2
"1982246",0,1,0,0,0,0,0,0,0,0,0,0,0,0,0,0,0,0,0,0,0,2,0,0
"1982257",0,0,0,0,0,2,0,0,0,0,0,0,0,0,1,0,0,0,0,0,1,1,0,0
"1982272",0,0,0,0,0,0,0,0,1,0,0,0,0,1,0,0,0,1,0,0,2,0,0,0
"1982295",0,0,0,0,0,0,0,0,0,0,0,1,0,0,2,0,0,0,0,0,0,0,0,0
"1982297",0,0,0,0,0,0,0,0,0,0,0,0,0,0,0,0,0,2,0,0,0,0,0,1
"1982301",0,0,0,0,0,0,0,0,0,0,0,2,0,0,0,0,0,0,0,0,0,0,0,0
"1982306",0,0,0,0,1,0,0,0,0,0,0,0,0,0,0,2,0,0,0,0,0,0,0,0
"1982373",2,1,0,0,0,0,1,1,0,1,1,0,1,0,1,0,1,0,0,1,0,1,0,0
"1982374",1,1,0,0,0,0,0,0,2,0,0,0,0,0,1,0,2,0,0,0,0,0,0,0
"1982555",1,1,0,0,1,0,0,0,0,0,0,0,0,0,0,0,1,1,2,0,2,0,0,0
"1982556",0,0,0,0,0,0,0,2,1,0,0,1,0,1,0,0,0,0,0,0,1,0,0,0
"1982566",0,0,0,0,2,0,0,0,0,0,0,0,0,0,0,0,0,0,0,0,0,0,0,0
"1982569",0,1,1,0,0,0,0,2,0,0,0,0,0,0,0,0,1,0,0,0,0,1,0,0
"1982575",0,1,1,0,2,0,0,0,2,0,0,0,0,0,1,0,0,0,0,0,0,0,1,0
"1982577",0,2,0,0,0,0,0,0,0,0,0,0,0,0,0,0,0,0,0,0,1,2,0,1
"1982585",2,0,0,0,0,0,0,0,0,0,0,0,0,0,0,0,0,0,0,0,0,0,0,0
"1982591",2,0,0,0,0,2,1,1,2,1,0,2,0,1,2,0,1,0,2,0,0,0,2,0
"1982594",0,0,0,0,0,0,0,1,0,0,0,0,0,0,0,1,0,0,0,1,2,0,0,0
"1982884",0,0,0,0,0,0,0,0,0,0,2,0,0,0,0,0,0,0,0,0,0,0,0,0
"1982887",0,0,0,0,0,0,0,0,0,0,0,0,2,0,0,0,0,0,0,1,2,1,1,0
"1982892",1,0,0,0,0,0,0,0,1,1,0,0,0,0,1,0,0,0,1,0,1,1,0,2
"1982905",0,0,1,1,1,0,0,0,0,0,0,1,0,0,0,0,1,0,0,0,1,2,0,0
"1982926",0,0,2,1,1,0,0,0,0,0,0,2,2,0,0,1,2,0,0,0,1,0,0,1
"1982929",2,1,0,0,0,0,0,0,0,0,0,0,0,0,0,0,0,0,0,1,0,1,0,0
"1983563",0,0,0,0,2,0,0,0,0,0,0,0,0,0,0,0,0,0,0,0,0,0,0,0
"1983739",2,0,0,0,0,0,0,0,0,0,0,0,0,0,0,0,0,0,0,0,0,0,0,0
"1983744",0,2,2,2,0,2,0,0,0,0,0,1,0,2,0,0,0,0,0,0,0,0,2,0
"1984780",0,2,0,0,0,0,0,0,1,0,0,0,0,0,0,0,0,0,0,0,0,0,0,0
"1984781",0,0,0,0,0,0,1,0,0,0,0,0,1,0,2,0,0,0,0,0,2,0,0,0
"1984785",0,0,0,0,0,0,0,0,0,0,0,0,0,0,0,0,0,0,2,0,0,0,0,0
"1984787",0,0,2,0,1,1,2,0,0,1,1,0,0,0,0,1,0,0,1,1,2,0,0,1
"1985182",0,1,0,1,1,0,0,0,0,0,0,0,0,1,0,1,1,0,0,0,2,2,0,1
"1985183",1,0,0,0,0,2,0,0,1,0,0,1,0,0,0,0,0,1,0,1,1,0,0,0
"1985291",0,0,0,0,0,0,1,0,0,0,0,0,0,0,0,0,0,2,0,0,0,0,0,0
"1985303",0,0,0,0,0,2,0,0,0,0,1,0,0,0,0,0,0,0,0,0,0,0,0,0
"1985305",0,0,2,1,0,0,0,0,2,0,2,1,0,0,0,0,0,0,1,0,0,0,0,0
"1985329",0,0,1,0,0,0,0,1,0,0,0,2,0,0,0,0,0,1,0,1,2,0,0,0
"1985340",0,0,1,0,0,0,1,0,0,0,0,0,0,0,1,0,1,0,0,0,0,2,0,0
"1985341",0,1,0,0,0,0,0,2,0,0,0,1,0,0,0,0,0,0,0,0,0,0,1,0
"1985342",0,0,0,0,0,0,0,0,0,2,0,0,0,0,0,0,0,0,1,0,1,0,0,0
"1985698",0,0,0,0,0,0,0,0,0,0,0,0,0,0,0,0,0,0,0,0,2,0,0,0
"1985712",0,0,0,0,0,0,0,0,0,0,0,0,2,0,0,0,0,1,0,0,0,0,0,0
"1985717",0,0,0,0,0,0,0,1,0,0,0,0,2,1,0,0,0,0,0,0,0,0,0,0
"1985729",0,0,0,0,0,0,0,1,1,0,1,1,0,0,1,2,0,0,1,0,0,0,0,0
"1985734",0,0,1,0,0,0,0,0,1,1,0,0,0,0,2,0,0,0,0,0,0,0,0,0
"1985737",0,0,0,0,0,2,0,0,1,0,1,0,0,0,0,0,0,0,0,0,0,0,0,0
"1986017",0,0,0,0,1,0,0,1,0,0,0,0,0,0,0,0,0,1,0,0,0,0,0,2
"1986020",0,0,1,0,1,0,0,1,0,0,2,0,0,0,0,0,0,0,1,0,1,1,0,0
"1986024",0,0,0,0,2,0,0,0,0,0,0,1,0,0,0,0,0,1,0,0,0,0,0,0
"1986540",1,2,0,1,0,0,0,1,1,0,1,0,0,2,1,0,0,2,1,1,1,1,1,0
"1987013",0,0,0,2,0,0,0,0,0,0,0,0,0,0,0,0,0,0,0,0,0,0,0,0
"1987940",0,0,2,0,0,0,0,0,0,0,0,0,0,0,0,0,0,0,0,0,0,0,0,0
"1993631",0,0,1,2,0,0,0,0,0,0,0,0,0,0,0,1,1,0,2,0,0,0,0,2
"1993862",0,0,0,0,0,1,0,0,0,0,0,1,1,1,0,0,0,2,0,0,0,0,0,1
"1993865",0,0,2,0,0,0,0,0,0,0,0,0,0,1,0,0,0,1,1,0,0,0,0,0
"1993871",0,0,0,0,0,0,0,1,0,0,0,0,0,1,0,0,0,0,0,0,1,0,2,0
"1993876",2,0,0,0,0,0,0,0,0,0,0,1,0,0,0,0,0,0,0,1,1,0,0,1
"1993883",0,0,0,0,0,0,0,2,0,0,0,0,0,0,0,0,0,1,0,0,0,0,0,0
"1993885",0,2,0,0,0,0,0,0,0,0,0,1,0,0,1,0,0,0,0,0,0,0,0,0
"1993886",0,0,0,0,0,0,2,0,1,0,0,0,0,1,0,0,0,0,0,0,0,0,0,0
"1993887",1,2,1,0,0,0,0,1,0,0,0,0,1,1,0,1,0,0,1,0,0,0,2,0
"1993889",0,0,0,0,0,1,2,0,0,1,0,0,0,0,1,0,0,0,0,0,0,0,0,0
"2003120",0,1,0,0,1,0,0,0,0,0,0,0,0,0,0,0,0,2,0,0,0,0,1,0
"2003505",1,2,0,0,0,1,0,0,0,0,1,0,0,0,0,0,0,0,1,0,1,0,1,0
"2003672",0,2,0,2,0,0,0,0,0,0,0,0,0,0,0,0,0,0,0,0,0,0,0,0
"2005509",0,0,1,0,0,0,2,0,0,0,1,0,0,0,0,0,0,0,0,0,1,0,0,0
"2005519",0,0,1,0,0,1,0,1,2,1,2,0,2,0,0,0,0,0,1,0,1,0,2,1
"2005691",1,0,0,0,0,0,0,0,2,0,0,0,0,2,0,0,1,0,0,0,0,0,0,0
"2005692",0,2,0,1,0,0,0,0,2,0,0,0,0,0,0,0,0,0,0,0,0,0,0,0
"2006136",0,0,1,0,0,0,0,0,0,0,0,1,0,0,0,0,0,2,0,0,0,0,0,0
"2006145",1,0,0,1,0,1,0,0,0,0,1,2,0,0,2,0,0,0,1,2,0,2,0,0
"2006171",1,0,0,0,0,0,0,0,0,0,0,0,0,0,0,0,0,0,0,1,0,2,0,0
"2006172",0,1,0,0,0,2,0,0,0,0,0,0,0,0,0,0,0,0,0,0,0,0,0,0
"2006173",0,0,0,0,0,0,0,0,0,0,1,0,0,2,1,0,0,0,0,2,1,0,0,0
"2006177",0,0,0,0,0,1,0,0,0,0,0,0,0,0,0,0,2,0,0,1,0,0,0,0
"2007196",0,0,0,0,0,0,0,0,1,0,0,0,0,0,0,0,0,0,0,0,0,0,2,0
"2010326",0,0,2,0,0,0,0,0,0,0,0,0,0,0,0,0,0,0,0,0,0,0,0,0
"2011080",0,0,0,0,0,2,0,0,0,0,0,0,0,0,0,0,0,0,0,0,0,0,0,0
"2015795",0,0,1,0,1,0,1,0,1,2,0,0,2,0,0,0,0,1,2,0,2,1,0,1
"2016461",0,0,0,1,1,0,2,0,1,0,0,1,0,1,0,0,0,1,0,0,1,0,1,0
"2021738",0,0,0,1,2,2,0,0,0,0,0,0,0,0,0,0,0,0,0,0,0,0,0,0
"2025492",0,0,0,0,0,2,0,0,0,0,0,1,0,0,0,0,1,0,0,1,0,0,2,0
"2025876",1,0,2,0,0,1,0,1,1,1,0,1,0,0,0,2,0,1,2,1,0,0,1,0
"2027243",0,0,2,0,0,0,0,0,0,0,0,0,0,0,0,0,0,0,0,0,0,1,0,0
"2030954",0,0,0,0,0,0,0,0,2,0,0,0,0,1,0,0,1,0,1,0,0,1,0,0
"203168",0,0,0,0,0,0,0,0,2,0,0,0,0,0,1,0,0,0,0,0,0,0,0,0
"2044576",2,0,0,0,1,0,2,0,0,1,0,2,0,0,0,0,2,0,2,0,1,0,0,0
"2045011",0,0,1,0,0,1,0,0,0,0,0,1,0,2,0,0,0,0,0,0,1,0,0,0
"2045373",0,0,0,2,0,1,0,0,0,0,0,0,0,0,0,0,0,0,0,0,0,1,0,0
"204933",0,0,0,0,0,0,0,0,0,0,0,0,2,0,1,1,0,0,1,0,0,0,0,0
"2049444",0,0,0,0,0,0,0,0,1,0,0,0,1,0,0,0,0,0,0,0,0,0,0,2
"2052657",1,1,0,0,0,0,0,1,1,0,0,2,0,0,0,0,0,0,1,0,0,0,0,2
"2054179",0,2,0,2,0,1,0,0,0,0,0,0,0,0,0,0,0,0,0,0,0,0,1,1
"2058316",0,0,0,2,0,0,0,0,0,1,1,0,2,0,0,0,0,0,0,0,0,0,0,1
"2058324",0,0,0,0,1,0,0,0,0,0,0,0,0,0,0,0,0,0,2,0,0,0,0,0
"205868",2,0,1,1,0,0,1,0,0,0,1,0,0,0,0,0,0,0,0,0,0,0,0,0
"205875",0,0,0,1,0,1,0,0,0,1,1,1,0,2,0,1,0,1,0,0,0,0,0,0
"205876",0,0,0,2,2,0,0,0,2,0,0,0,0,1,1,0,0,0,1,0,0,2,0,0
"2060092",2,0,1,0,0,0,0,0,0,0,0,0,0,2,0,0,0,0,0,0,1,1,0,0
"2077303",0,0,0,0,0,0,0,0,0,0,0,0,0,0,2,0,0,0,0,1,0,0,0,0
"2077305",0,0,0,0,0,0,0,0,0,0,0,0,0,0,0,0,0,0,2,0,0,0,0,0
"2080759",2,0,0,2,0,0,1,0,0,0,0,0,0,0,0,0,0,0,2,1,0,0,0,0
"2094023",0,0,0,0,0,0,0,1,0,0,0,0,0,0,0,0,1,0,2,0,0,0,0,1
"2094261",0,1,0,1,0,0,0,0,0,2,1,1,0,0,0,0,0,0,0,1,0,0,0,1
"2094282",1,1,0,0,0,0,0,0,0,0,0,1,0,0,0,0,0,0,1,0,1,2,0,0
"2094720",2,2,0,1,2,1,0,0,0,0,0,1,0,0,0,0,1,1,2,0,0,2,0,0
"2099352",0,0,0,0,0,0,0,0,0,0,0,0,0,0,0,0,2,0,0,0,0,0,0,0
"2100760",0,0,0,1,0,2,0,0,0,0,0,0,0,1,1,0,0,0,0,0,1,0,0,0
"2109380",0,0,0,0,2,0,0,0,0,0,0,0,0,0,0,0,0,0,0,0,0,0,0,0
"2116384",0,0,0,0,0,0,0,0,2,0,2,0,1,0,0,0,0,0,0,0,0,0,1,0
"213034",0,0,0,0,1,2,0,0,0,0,0,0,0,0,0,0,1,0,1,0,0,0,0,0
"2137541",0,0,0,0,0,0,0,0,0,2,0,0,0,0,0,0,1,0,0,0,0,0,0,0
"2162637",2,0,0,0,0,0,0,0,0,0,0,0,0,0,0,0,0,0,0,0,0,0,0,0
"2163965",0,0,1,0,1,0,0,1,0,0,0,0,1,0,2,0,1,0,0,0,0,0,0,0
"2169529",1,2,0,1,1,0,0,0,2,0,0,1,2,1,1,0,1,0,1,0,2,1,0,0
"2169623",0,0,2,0,0,0,0,0,0,0,0,1,0,1,0,0,0,0,1,0,2,0,0,0
"2169689",1,0,2,2,2,1,0,0,0,1,1,2,0,1,1,0,2,0,0,0,2,0,1,0
"2169690",0,2,1,1,2,0,0,0,0,0,1,0,1,0,0,1,1,0,0,0,1,0,0,0
"2169704",0,0,0,2,0,0,2,0,0,0,0,0,1,0,0,0,0,0,1,0,2,0,0,0
"2169708",2,0,0,0,0,0,0,0,0,0,0,0,0,0,0,0,0,0,0,0,1,0,0,0
"2169858",0,0,0,0,0,0,0,0,0,0,0,0,2,0,0,0,0,0,0,0,0,0,0,0
"2169860",1,0,0,0,0,0,0,2,0,0,0,0,0,0,0,0,0,0,0,0,0,0,0,0
"2169861",0,0,0,0,0,0,1,2,0,0,0,0,0,0,0,0,2,0,0,0,0,0,0,0
"2169902",0,0,0,0,0,0,0,0,0,1,0,0,0,0,0,0,0,0,2,0,0,0,0,0
"2169919",0,1,0,0,0,0,0,0,0,0,0,0,0,0,0,0,0,0,0,0,0,0,0,2
"2169973",0,0,0,1,0,0,0,0,0,0,0,0,2,0,0,0,0,0,0,0,0,0,0,0
"2170000",0,0,0,0,0,0,0,1,0,1,0,1,0,2,1,0,0,0,0,1,0,0,0,0
"2170006",0,0,0,0,1,2,0,2,0,0,0,0,0,0,0,0,2,0,0,0,0,0,0,1
"2170030",0,0,0,0,0,1,0,0,0,0,0,0,0,0,2,0,0,0,0,1,0,1,0,0
"2170064",2,0,0,0,0,0,0,0,0,0,0,0,0,0,1,0,0,0,0,0,0,0,0,0
"2170099",2,0,1,1,1,0,0,1,1,0,0,1,0,1,0,1,0,0,2,0,1,2,0,0
"2170101",2,0,0,0,0,1,0,0,0,0,0,0,0,0,0,0,0,0,0,0,0,0,0,0
"2170193",0,2,0,0,0,0,0,0,0,0,0,0,0,0,0,0,0,0,0,0,0,0,1,0
"2170234",0,0,0,2,0,2,0,0,0,0,0,0,0,0,1,0,0,0,0,1,0,0,0,0
"2170237",0,0,0,0,0,0,0,0,0,0,0,0,0,0,0,0,0,0,1,0,0,1,2,0
"2170253",1,0,0,0,1,0,0,0,0,0,0,0,1,0,1,1,0,1,0,1,2,1,1,0
"2171499",1,1,0,0,0,1,0,0,1,0,1,0,0,0,1,1,1,0,2,1,2,2,0,1
"2175117",0,2,0,0,0,0,0,1,0,0,0,1,0,0,0,0,0,0,0,0,0,0,0,0
"2182344",0,0,0,0,0,0,0,0,0,0,0,1,0,0,0,0,0,1,0,0,0,2,0,0
"2183",1,0,0,1,0,0,1,1,1,0,0,0,0,1,0,0,0,0,1,0,0,2,0,0
"2184",0,0,0,0,0,0,0,0,0,0,0,0,0,0,0,0,0,0,0,0,0,0,2,0
"221036",0,0,2,0,0,0,0,0,0,0,0,0,0,0,0,0,0,0,0,0,0,0,0,0
"223901",1,0,1,0,0,2,2,0,0,0,0,0,0,0,0,0,0,0,0,0,0,1,0,0
"2248",0,2,0,0,0,0,1,0,0,1,0,0,2,0,0,0,0,0,0,0,0,0,0,1
"2250469",2,0,0,0,0,0,1,0,0,0,0,0,0,0,0,0,0,1,0,0,0,0,0,2
"2270",0,0,1,1,0,0,0,2,0,0,0,0,0,2,0,0,0,1,1,0,0,0,1,1
"2282642",0,0,0,0,0,0,0,0,0,0,0,0,0,0,0,0,0,0,2,1,0,0,0,0
"2283236",0,0,0,0,0,1,0,0,0,0,1,0,0,0,0,0,2,0,0,0,0,0,1,0
"228897",0,0,0,0,2,0,0,0,0,0,0,0,0,0,0,0,0,0,0,0,0,0,0,0
"2293298",0,0,0,0,0,0,0,0,0,0,0,0,0,0,0,0,0,0,0,0,0,0,0,2
"2303507",0,0,0,0,0,1,0,0,0,0,1,2,1,0,0,0,2,2,0,2,1,0,0,2
"2305465",0,0,0,0,0,0,0,0,0,0,0,0,0,0,0,0,0,0,0,0,0,0,2,0
"230871",0,2,0,1,0,0,0,0,0,0,0,0,0,0,0,0,0,0,0,0,0,0,0,0
"232237",0,0,0,1,0,0,0,0,0,0,0,0,0,0,0,1,0,0,0,0,0,0,0,2
"2364202",0,0,0,0,0,0,0,0,0,0,0,0,0,0,0,0,2,0,0,0,0,0,0,0
"2364646",0,0,0,0,0,0,0,0,0,0,0,0,0,0,0,0,0,0,1,0,0,0,0,2
"2365048",0,2,0,0,0,0,0,0,0,0,0,0,0,0,0,0,0,0,0,0,0,0,0,0
"239",0,2,0,0,1,0,0,0,1,0,0,0,0,1,0,0,0,0,1,0,0,0,0,0
"2419666",0,0,0,0,0,2,0,0,0,0,0,0,0,0,0,0,0,0,1,0,0,0,0,0
"2420300",0,0,0,0,0,0,0,0,0,0,0,0,0,0,0,0,2,0,0,0,0,0,0,0
"242710",0,1,1,0,1,0,1,1,0,0,0,0,0,0,0,0,0,0,2,1,0,1,0,2
"2483661",0,0,0,1,0,0,0,0,0,0,0,0,0,0,0,0,0,0,0,0,0,0,2,0
"2488957",0,0,0,0,1,1,0,1,0,0,0,1,1,1,0,0,1,0,1,2,0,0,0,0
"2490633",0,0,2,0,2,0,1,0,2,0,0,0,0,1,1,0,0,0,0,0,0,0,0,2
"2490817",0,0,0,0,0,0,0,0,0,2,0,0,0,0,0,0,2,0,0,0,0,0,0,0
"2499242",0,0,0,0,0,0,0,0,0,0,0,0,0,2,0,0,1,1,0,0,0,0,1,0
"2499618",0,0,0,0,0,0,0,0,0,0,0,0,0,0,0,0,0,0,0,0,2,0,0,0
"2499678",0,0,1,0,2,0,1,0,0,0,1,0,0,0,0,0,0,0,0,0,1,0,0,0
"2500166",0,0,0,0,0,1,0,0,2,0,0,0,0,0,0,0,0,0,0,0,0,0,0,0
"2500543",0,2,0,0,0,2,0,1,0,0,1,0,0,0,0,1,0,1,0,0,0,0,0,0
"2500559",2,0,0,0,0,0,0,0,0,0,0,2,0,2,0,0,0,0,0,0,0,0,0,0
"2501925",1,2,0,0,0,0,0,1,0,1,0,0,0,0,0,0,0,0,0,0,0,0,0,0
"2501947",0,0,0,0,0,0,0,2,0,0,0,0,0,0,0,1,1,0,0,0,0,0,0,0
"2501965",0,0,0,0,0,0,0,0,2,0,0,0,0,0,0,0,0,0,0,0,0,0,0,0
"2501969",0,0,0,0,0,0,0,0,0,0,0,0,2,0,0,0,0,0,0,0,0,0,1,0
"2508187",0,0,0,0,0,0,2,0,2,0,0,0,0,0,0,0,0,0,0,2,0,0,0,0
"2508203",0,2,0,0,0,0,0,0,0,0,0,0,0,0,0,0,0,0,0,0,0,0,0,0
"2509664",0,0,2,0,0,0,0,0,1,0,0,0,0,0,0,1,0,0,1,2,0,0,0,0
"2509729",1,0,0,1,1,0,2,0,1,0,2,0,0,0,0,0,0,0,2,0,0,0,1,0
"2509764",0,0,0,2,0,0,1,0,1,0,0,0,0,0,0,0,0,0,0,0,0,0,0,1
"2529386",0,0,0,0,2,1,0,1,1,0,0,1,0,0,0,0,0,0,1,1,0,0,1,2
"2530023",0,0,1,2,1,0,1,0,0,0,2,0,2,2,1,2,0,0,0,0,0,0,0,0
"2530391",0,1,2,0,0,0,1,0,0,2,0,2,0,1,1,0,0,0,0,0,0,0,0,0
"2560111",1,0,2,0,0,0,1,0,0,0,0,0,0,0,0,0,0,0,2,0,0,1,0,1
"2560128",0,0,0,0,0,0,0,0,0,0,0,0,0,0,2,0,2,0,0,0,0,0,0,0
"2560144",0,0,0,0,0,0,0,0,0,0,0,1,2,0,0,0,0,1,0,0,0,0,0,0
"2560145",0,0,1,2,0,1,0,0,1,0,0,0,1,0,0,0,0,2,0,0,0,1,0,0
"2560156",0,1,1,0,0,0,0,0,0,0,0,0,0,0,0,0,2,1,0,1,0,0,0,0
"2560158",1,0,0,1,1,1,2,0,1,0,1,0,1,1,0,1,0,0,1,0,0,1,0,0
"2560210",0,0,0,0,0,0,0,0,0,0,0,0,0,0,0,0,0,0,2,0,1,1,0,0
"2560244",2,2,2,2,1,0,0,2,0,0,1,2,0,1,0,0,1,0,0,1,0,0,0,2
"2560264",0,1,0,0,0,0,0,0,0,0,0,1,0,0,0,0,0,0,0,0,0,0,0,2
"2560269",0,2,0,0,1,0,1,1,1,0,0,2,1,0,0,0,0,0,2,0,1,0,0,0
"2560272",0,2,0,0,0,0,0,1,0,0,0,1,0,0,0,0,1,0,0,0,0,1,0,1
"2560282",0,0,0,0,0,2,0,0,0,0,0,0,0,0,0,0,0,0,0,0,0,0,0,0
"2560334",0,2,0,0,2,0,0,0,0,0,0,0,0,0,1,1,0,1,0,0,1,0,0,0
"2560335",0,0,1,0,0,0,0,0,0,0,0,0,1,0,0,0,0,0,2,0,0,0,0,1
"2560358",0,0,0,0,0,0,0,0,0,0,0,0,0,0,0,0,2,2,1,0,1,0,0,0
"2560370",0,0,0,2,1,0,0,0,0,0,0,0,0,0,0,0,0,0,0,0,0,0,0,0
"2560392",0,0,0,0,0,0,0,1,0,2,0,0,1,2,1,0,0,0,2,1,0,0,0,0
"2560394",1,2,0,0,0,0,0,0,0,0,0,0,0,0,0,1,0,0,0,0,0,0,0,0
"2560414",0,0,0,0,0,0,0,1,0,0,0,0,1,0,0,2,0,0,0,0,0,0,0,0
"2560419",0,0,0,1,0,1,0,0,0,0,0,0,0,0,0,0,0,0,0,0,2,0,0,0
"2560443",0,0,2,0,0,1,0,0,0,0,0,0,0,2,0,0,0,0,0,0,0,1,0,0
"2560444",0,0,0,0,0,0,0,0,0,0,0,0,0,0,0,0,2,0,0,0,0,0,0,0
"2560447",0,2,0,0,0,0,0,0,0,0,0,0,0,0,0,0,0,0,0,0,0,0,0,0
"2560451",0,0,0,0,2,1,0,0,0,0,0,0,0,0,0,0,0,0,0,0,0,0,0,0
"2560452",0,0,0,0,0,0,0,0,0,1,0,0,0,0,0,0,2,2,0,0,0,0,0,0
"2560454",0,0,0,0,0,0,0,0,0,0,0,1,0,0,0,0,0,0,0,0,0,2,0,0
"2560456",0,0,0,0,1,0,0,0,0,0,0,1,2,0,0,0,0,0,0,0,0,0,0,0
"2560494",0,0,1,1,0,1,2,0,1,0,0,1,0,0,0,0,2,1,0,0,0,0,0,0
"2560504",1,2,1,0,1,1,0,1,0,0,0,2,0,1,0,0,0,1,0,0,1,0,0,1
"2560510",0,2,0,0,0,0,0,0,0,0,0,1,0,0,0,0,0,0,0,0,0,0,0,0
"2560513",0,0,0,0,0,1,0,1,0,0,0,0,0,0,1,2,1,1,0,0,0,1,0,0
"2560541",0,0,0,0,0,1,0,0,1,0,0,0,0,0,0,0,2,0,0,0,0,0,0,0
"2560546",0,1,0,2,1,0,0,0,0,0,0,0,0,0,0,0,0,0,0,0,1,0,0,0
"2560604",0,1,0,0,0,0,0,1,0,0,1,0,0,0,0,0,0,0,0,1,0,0,2,0
"2560644",0,0,0,0,0,2,0,0,0,0,0,0,0,0,0,0,0,0,0,0,0,0,0,0
"2560656",0,0,0,0,0,0,0,0,0,0,0,0,0,0,0,0,0,0,0,2,0,0,0,0
"2560658",0,1,0,0,0,2,1,0,0,0,0,0,0,0,1,0,1,0,0,2,0,1,0,0
"2560665",0,1,0,0,0,0,0,0,0,0,0,0,0,2,0,1,0,0,0,0,0,1,0,0
"2560669",0,0,1,2,0,0,0,0,0,0,0,0,0,0,0,0,0,1,0,0,0,0,0,0
"2560680",2,1,0,0,0,1,0,2,0,0,0,0,0,0,0,0,0,1,0,2,1,0,1,0
"2560682",0,0,0,0,0,0,0,0,0,0,0,0,0,0,0,0,0,0,0,0,0,0,2,0
"2560685",0,0,2,0,0,0,0,0,0,0,0,0,0,0,0,0,0,0,0,0,0,2,0,1
"2560690",0,1,0,0,0,0,0,2,0,0,0,0,0,0,0,0,0,0,0,0,0,0,0,1
"2560725",0,0,0,0,2,0,0,0,0,0,0,0,0,0,0,0,0,0,0,0,0,0,0,0
"2560727",2,0,0,0,0,0,0,1,0,0,0,0,0,0,0,0,0,0,0,0,0,0,0,0
"2560728",1,0,2,2,0,0,0,0,0,1,0,1,0,0,0,0,2,0,0,1,1,0,0,0
"2560831",2,1,0,1,0,0,1,1,0,0,1,0,2,0,0,0,0,0,0,0,0,1,0,0
"2560834",0,0,0,0,0,0,1,0,0,0,0,0,0,1,0,2,0,0,0,0,0,1,0,1
"2560842",2,0,0,0,0,0,0,1,0,2,0,0,0,0,1,0,0,2,0,0,0,0,0,0
"2562181",1,0,2,0,0,0,0,0,1,0,1,0,0,0,0,0,1,0,0,0,0,0,0,0
"2565560",0,0,0,0,0,0,0,0,0,2,1,0,0,0,0,0,0,2,0,0,0,0,0,0
"2565561",0,1,0,0,0,0,2,0,0,0,0,0,0,0,0,0,0,0,0,0,0,0,0,0
"2571156",0,0,0,0,0,0,0,2,0,0,0,0,0,0,1,0,0,0,0,0,0,0,0,2
"2576406",2,0,1,0,1,0,0,0,0,0,0,0,0,1,0,1,0,0,0,0,0,1,0,0
"2576871",0,0,0,1,1,0,1,0,0,0,0,0,0,0,0,0,0,2,1,0,0,2,0,0
"2583591",2,0,0,0,0,1,0,0,0,0,1,1,1,0,1,0,0,1,0,0,0,0,1,0
"2587869",0,0,0,0,0,0,0,0,0,0,0,0,2,0,0,0,0,0,0,0,0,0,0,0
"2588133",0,1,0,0,0,0,0,0,0,0,0,0,0,0,0,0,0,2,1,0,0,0,0,0
"2590931",0,0,0,1,0,0,1,1,0,0,1,1,0,2,0,2,0,0,0,0,0,0,1,0
"2591025",1,1,0,0,0,1,0,0,0,0,0,0,0,1,0,2,1,0,0,0,0,0,0,0
"2591117",0,1,0,1,0,1,1,0,1,0,0,0,2,1,0,1,0,0,1,0,0,0,0,0
"2591209",1,2,0,0,0,0,0,0,0,1,0,0,1,0,0,0,1,1,0,1,0,0,0,1
"2591406",0,0,0,0,0,1,0,0,1,0,0,1,1,0,0,0,0,0,0,0,0,0,2,0
"2596883",0,0,0,0,0,0,0,0,0,0,0,0,0,0,0,0,0,0,0,0,2,0,0,0
"260149",0,1,0,1,0,0,0,0,0,0,0,0,0,0,1,2,0,1,0,0,0,0,0,0
"2601632",0,0,2,0,0,0,1,0,0,1,0,0,0,0,0,2,0,0,1,0,0,0,0,2
"2601635",0,0,0,0,0,0,0,0,0,0,0,0,0,0,0,0,0,0,2,0,0,0,0,0
"2601660",2,0,0,0,0,0,0,0,0,0,0,0,0,0,0,0,0,0,0,0,0,0,0,0
"2603296",0,0,0,0,0,1,0,0,0,0,0,0,0,0,0,0,0,0,0,0,0,2,0,2
"261827",0,0,1,0,2,1,0,1,0,0,0,0,0,0,0,0,0,0,0,0,0,0,0,1
"2652411",0,1,0,0,0,0,2,0,0,1,0,0,0,0,0,1,2,0,0,0,1,0,0,2
"265294",0,1,0,1,0,0,0,0,1,0,1,2,0,1,0,0,1,1,0,0,1,0,1,0
"2653275",0,0,0,0,2,0,0,1,0,0,0,0,0,0,0,0,0,0,1,0,0,1,0,0
"2656538",0,0,0,0,1,1,0,0,1,0,0,2,1,0,0,0,0,0,0,0,0,0,0,0
"2660638",0,0,0,0,0,0,0,2,0,0,0,0,0,0,0,0,0,0,0,0,0,0,0,0
"2662136",0,0,0,0,0,0,0,0,0,0,2,0,0,0,0,0,0,0,0,0,0,0,0,0
"2663020",0,1,0,1,0,1,2,0,0,0,1,1,0,0,0,0,0,1,0,0,0,1,0,1
"2663232",1,2,0,1,1,1,0,0,0,0,0,0,1,0,0,0,0,1,0,0,1,0,0,0
"2664939",1,0,0,1,1,0,0,1,0,0,1,2,0,0,0,0,0,0,0,0,0,0,0,0
"2674975",0,0,0,1,0,1,1,0,1,0,0,2,0,0,0,0,1,0,0,1,0,0,0,2
"2679995",0,0,0,0,0,1,0,0,2,0,0,0,1,0,0,0,1,0,0,0,1,1,0,1
"2686305",0,2,0,0,0,0,0,0,0,0,0,0,0,1,0,0,0,0,0,0,0,0,0,1
"2696386",0,0,0,0,2,0,0,0,0,0,0,0,0,0,0,0,0,0,0,0,0,0,0,0
"2696462",1,0,0,0,0,0,0,0,0,0,0,2,0,0,1,0,0,0,0,0,1,0,0,0
"2704413",0,2,1,2,0,2,0,0,0,0,0,1,0,1,1,0,1,0,1,2,1,2,0,0
"2711183",0,0,0,0,0,0,2,0,0,0,0,0,0,0,0,0,0,0,0,0,0,0,0,0
"2716879",0,0,0,1,2,0,0,1,0,0,0,0,1,0,1,1,0,1,0,0,0,0,0,0
"2718943",0,1,2,0,0,1,0,0,1,0,0,2,0,0,0,0,0,0,0,0,0,2,0,0
"2725997",2,0,0,0,1,0,0,1,0,0,0,0,0,0,0,1,0,0,0,0,0,0,0,0
"2731622",0,0,0,0,0,2,0,0,0,0,0,0,0,0,0,0,0,1,0,1,0,0,0,1
"2731690",0,2,0,0,1,0,0,0,0,0,1,0,0,0,0,0,0,0,0,0,0,0,0,0
"2732034",0,0,0,0,0,0,0,0,0,0,0,0,0,0,0,0,1,2,0,1,0,0,0,0
"2732037",1,0,2,0,0,0,0,0,0,1,0,0,0,1,1,0,0,0,0,0,0,0,2,0
"2732589",0,2,0,0,0,0,0,0,0,0,0,0,0,0,0,0,0,1,0,0,0,0,0,0
"2732686",0,0,0,0,0,0,0,0,0,0,0,0,0,2,2,0,0,0,0,1,0,0,0,0
"2732688",0,0,0,0,2,0,0,0,0,0,0,0,0,0,0,0,0,0,0,0,0,0,0,0
"2732709",0,0,0,0,0,1,0,0,0,0,0,0,0,0,0,0,0,0,1,0,0,0,2,0
"2732777",0,0,0,0,0,1,0,0,2,1,1,0,0,1,0,0,0,0,0,0,0,2,0,0
"2732910",1,0,0,0,0,0,0,0,0,0,0,0,0,0,2,0,0,0,0,0,0,0,0,0
"2732928",2,0,0,1,0,0,0,1,0,0,1,0,0,0,0,2,0,0,0,0,0,0,0,0
"2732970",2,1,0,1,0,0,0,0,0,1,0,0,0,0,0,0,1,0,0,0,0,0,0,0
"2732982",0,1,2,0,2,0,0,0,0,0,2,0,0,0,0,1,0,0,0,0,0,0,0,0
"2733088",2,2,0,0,1,0,0,1,0,0,0,0,0,1,0,0,0,0,1,0,0,0,0,0
"2733098",1,1,2,1,0,0,0,0,0,1,0,0,0,0,0,1,0,0,1,0,0,2,0,0
"2733099",0,2,0,0,0,0,0,0,0,0,0,0,0,0,0,0,0,1,0,0,0,0,0,0
"2733104",0,0,0,0,0,0,0,0,0,2,0,0,0,0,0,0,0,0,0,0,0,0,0,0
"2733128",1,2,0,0,0,0,0,0,0,0,0,0,0,0,0,0,0,0,0,0,0,0,0,0
"2733161",0,0,0,0,0,0,0,1,0,0,0,0,0,0,0,0,0,0,0,0,0,2,0,0
"2733192",2,0,1,0,0,0,0,2,0,0,1,2,1,0,0,0,0,2,0,0,2,0,0,1
"2733205",0,2,0,0,0,0,0,0,0,0,0,0,0,0,0,1,0,0,0,1,0,0,0,0
"2733326",0,0,0,0,0,0,0,0,0,0,0,2,0,0,0,0,0,0,0,0,0,0,0,0
"2733336",0,0,0,0,2,0,0,0,0,0,0,0,0,0,0,0,0,0,0,0,0,0,0,0
"2733350",0,1,1,0,0,0,0,0,0,0,0,0,0,1,0,0,0,0,1,2,0,0,0,0
"2733357",0,0,0,2,0,0,0,0,0,0,0,2,0,0,0,0,0,0,0,0,0,1,0,0
"2733362",0,0,0,0,0,0,0,2,0,0,0,0,0,0,0,0,0,0,0,0,0,0,0,1
"2733364",0,0,0,0,0,0,0,0,0,0,1,0,1,2,2,1,1,2,0,1,0,0,0,0
"2733365",0,0,0,0,0,0,1,0,0,0,1,1,0,0,2,2,0,0,0,1,0,0,0,0
"2733366",0,0,0,0,0,0,0,0,0,0,0,0,0,0,0,0,0,0,0,2,0,0,0,0
"2733368",0,0,0,1,0,2,2,0,0,1,2,2,0,0,0,1,0,1,0,0,1,0,2,0
"2733369",2,1,0,0,0,0,0,0,0,0,0,0,1,0,1,1,1,1,0,0,1,0,1,1
"2733370",0,0,0,0,0,0,0,2,0,0,0,1,0,0,0,1,0,0,1,0,2,0,0,1
"2733372",0,2,0,0,0,0,0,0,0,0,0,0,0,0,0,0,0,0,0,0,0,0,0,0
"2733373",0,0,0,0,0,0,0,0,0,0,0,0,0,0,0,0,0,0,0,0,0,0,2,0
"2733600",2,1,1,0,0,0,0,0,0,2,0,0,0,0,0,0,0,0,0,1,0,1,0,0
"2733607",0,0,0,0,2,0,0,0,0,0,0,0,0,0,0,0,0,0,0,0,0,0,0,0
"2733615",0,0,0,0,0,0,2,0,0,0,0,0,0,0,0,1,0,0,0,0,0,0,0,1
"2733623",0,0,0,0,0,0,0,0,0,0,0,2,0,0,0,0,0,0,0,0,1,0,0,0
"2733634",1,0,0,0,1,0,0,0,1,0,1,0,2,0,0,2,0,0,0,0,0,0,0,0
"2733635",0,0,0,0,0,2,0,0,0,0,0,0,0,0,0,0,0,0,0,0,0,1,0,0
"2733638",0,0,0,0,0,0,0,0,0,0,0,0,0,0,0,0,0,0,0,0,0,0,2,0
"2733639",0,0,0,0,0,0,0,2,0,0,0,0,0,1,0,0,0,0,0,0,0,0,0,0
"2733663",0,0,0,0,0,0,0,0,0,0,0,2,0,0,0,0,0,0,0,0,0,0,0,0
"2733667",1,0,0,0,0,0,0,0,0,0,0,0,0,0,1,0,0,0,0,0,0,2,0,0
"2733876",0,0,0,0,2,0,0,0,0,0,0,0,0,0,0,0,0,0,0,0,0,0,2,1
"2733883",0,0,0,0,0,0,0,0,0,2,0,0,0,0,0,0,0,0,0,0,0,0,0,0
"2733888",1,0,0,0,0,0,1,0,0,0,0,1,0,0,0,0,0,0,0,0,2,0,0,0
"2733895",0,0,0,0,0,0,0,0,0,0,1,0,0,0,1,0,0,0,0,0,0,2,0,1
"2733899",0,0,0,0,0,2,0,0,0,0,0,0,0,0,0,0,1,0,0,0,0,0,0,0
"2733904",1,2,0,1,1,0,1,0,2,2,0,1,0,2,1,1,2,0,0,2,0,0,0,0
"2733905",0,0,0,0,0,2,1,0,0,0,0,0,0,0,0,0,0,0,0,0,2,0,0,0
"2733907",1,0,1,0,0,0,0,0,0,0,0,0,0,0,0,0,0,0,0,0,0,2,0,0
"2733919",1,2,0,1,0,0,0,0,0,0,0,0,0,0,0,0,1,0,0,0,1,1,0,1
"2733930",0,0,0,0,0,0,0,0,0,0,0,0,0,0,2,0,0,0,0,0,0,0,0,0
"2733932",0,1,0,2,0,1,0,0,0,0,0,0,0,0,0,0,2,0,0,0,0,0,0,0
"2733937",0,0,0,0,0,0,0,0,0,0,0,1,0,0,2,1,0,0,1,0,0,1,0,2
"2733944",0,0,0,2,0,0,0,0,0,0,0,1,0,0,0,0,0,0,0,0,0,0,0,0
"2733958",0,0,1,0,1,1,1,1,0,0,2,1,0,2,0,0,0,0,0,2,0,0,0,0
"2733959",0,0,0,2,0,0,1,0,0,0,1,0,2,0,0,1,1,0,0,0,2,0,0,2
"2733968",0,0,0,0,0,1,0,0,0,0,2,0,0,0,0,0,0,0,0,0,0,0,0,0
"2733972",0,0,0,0,0,2,0,0,0,0,0,0,0,0,0,0,0,0,0,1,0,0,0,0
"2733990",2,0,0,0,0,0,0,0,0,0,0,0,0,0,0,0,0,0,0,0,0,1,0,0
"2733993",0,0,0,2,0,0,0,0,0,0,0,0,0,0,0,0,0,0,0,0,0,0,0,0
"2733994",0,0,0,2,0,0,0,0,0,0,1,0,0,0,0,0,0,0,1,0,0,0,0,0
"2733999",0,0,0,0,0,0,0,0,2,0,0,0,0,0,0,0,0,0,0,0,0,0,0,0
"2734002",0,0,0,0,0,0,2,0,0,0,0,0,0,0,0,0,0,0,0,0,0,0,0,0
"2734018",0,0,0,0,0,0,0,0,0,0,0,0,0,0,0,0,0,0,0,0,0,0,0,2
"2734020",0,0,0,1,1,0,0,0,2,0,1,0,0,0,1,0,0,1,0,0,1,0,2,0
"2734025",0,0,0,1,0,0,2,0,0,0,0,2,0,1,2,0,0,0,0,0,0,0,0,0
"2734027",0,0,1,0,0,1,1,0,1,0,0,0,0,0,0,1,0,2,0,0,0,2,1,0
"2734029",0,0,0,0,0,0,0,0,2,0,0,0,0,0,0,0,0,0,0,0,0,0,0,0
"2734030",2,0,0,0,0,1,0,0,0,1,0,0,1,0,0,0,0,1,0,0,0,0,0,0
"2734037",0,0,0,0,0,0,2,1,0,0,0,0,0,0,0,1,0,0,0,0,0,0,0,0
"2734042",0,0,0,0,0,1,0,0,0,0,0,0,0,1,0,0,0,0,0,0,1,0,0,2
"2734043",0,0,0,0,0,0,0,2,0,1,0,0,0,0,0,0,0,0,0,0,0,0,0,0
"2734045",0,0,0,0,0,2,0,0,0,0,0,0,0,0,0,0,0,0,0,1,0,0,0,0
"2734052",0,0,0,0,1,0,2,0,0,0,0,0,0,0,0,0,0,0,0,0,0,0,0,0
"2734070",0,2,0,0,0,0,0,0,0,0,0,0,0,0,0,0,0,0,0,1,0,0,0,0
"2734074",1,0,1,0,0,0,2,1,1,0,0,0,2,0,1,0,0,1,1,1,1,2,1,0
"2734078",0,2,1,0,0,0,0,2,0,0,0,0,0,0,0,0,0,0,0,0,0,0,0,0
"2734085",0,0,0,0,1,0,0,1,0,0,2,0,0,0,1,0,0,0,1,1,0,2,1,1
"2734101",0,0,2,1,0,1,0,0,0,0,0,0,1,0,0,0,0,0,0,0,0,0,0,0
"2734103",2,0,0,0,0,0,0,1,0,0,0,0,0,0,0,0,0,0,1,0,0,1,0,0
"2734116",0,2,1,0,0,0,0,1,0,0,0,1,0,0,2,0,2,0,0,0,0,1,0,1
"2734121",1,0,0,1,0,1,0,1,0,0,0,2,0,0,0,0,0,1,0,0,0,0,1,0
"2734125",0,0,0,0,0,0,1,0,0,0,0,0,0,1,0,2,2,1,0,1,0,0,0,0
"2734133",2,0,0,0,0,0,0,0,0,0,0,0,0,0,0,0,0,0,0,0,0,0,0,0
"2734142",0,0,1,0,0,0,0,0,0,0,0,1,0,0,0,0,0,1,0,0,0,1,2,1
"2734144",2,2,0,0,0,0,1,1,1,0,0,1,2,1,2,0,2,0,0,0,0,0,0,0
"2734148",2,1,0,0,0,0,1,1,0,0,0,0,0,0,0,0,1,1,1,0,0,1,0,1
"2734152",0,0,0,0,0,0,0,0,0,0,0,0,0,2,0,0,0,0,0,0,0,0,0,0
"2734161",0,0,0,0,0,2,0,0,0,0,0,0,0,0,0,0,0,0,0,0,0,0,0,0
"2734186",0,0,0,0,0,0,0,0,0,0,0,0,0,0,2,0,0,0,0,0,0,0,0,0
"2734198",0,1,1,1,0,0,0,1,0,0,1,0,0,0,0,0,2,0,0,1,0,0,0,0
"2734200",1,0,2,0,0,1,0,0,0,0,0,0,0,1,1,0,0,0,0,0,1,0,0,1
"2734202",0,0,0,0,2,1,1,0,1,0,0,0,0,0,0,0,0,0,0,0,0,2,0,1
"2734205",0,1,0,2,0,1,0,0,0,0,0,0,0,0,2,0,0,0,0,1,0,0,0,0
"2734207",0,0,0,2,0,2,0,0,0,0,0,0,0,0,0,0,1,0,0,0,0,0,0,0
"2734208",2,0,0,1,1,0,0,0,0,2,1,0,1,0,1,0,0,0,0,0,0,0,0,0
"2734211",0,0,0,0,0,2,0,0,0,0,0,1,0,0,0,0,0,0,0,0,0,0,0,0
"2734226",0,1,1,0,0,0,0,1,0,0,2,0,0,0,0,0,0,0,1,0,1,1,0,0
"2734244",0,0,0,0,1,0,0,1,2,0,0,0,0,0,0,0,0,0,0,1,1,0,0,0
"2734248",0,2,0,1,0,0,0,2,0,0,0,0,1,0,0,0,0,0,0,0,2,0,0,2
"2734265",0,0,0,0,0,0,0,0,0,0,0,0,0,0,0,0,0,0,2,0,0,0,0,0
"2734267",0,0,0,1,2,0,0,0,0,0,0,0,0,0,0,1,0,0,0,0,0,0,0,0
"2734270",0,1,0,0,1,0,0,0,2,1,0,0,0,0,0,0,0,0,0,0,0,0,0,0
"2734273",1,0,0,0,0,0,1,2,2,1,1,1,0,0,0,0,0,0,1,0,0,0,2,1
"2734275",0,0,2,0,0,0,0,0,0,0,0,0,0,0,0,0,0,0,0,0,1,1,0,1
"2734286",0,1,1,0,1,1,0,2,0,1,1,0,0,0,1,0,1,0,1,2,0,0,2,0
"2734339",0,0,0,0,0,0,1,0,0,0,0,0,0,0,0,0,0,0,0,0,2,0,0,0
"2734369",0,0,0,0,0,0,0,0,0,0,0,0,0,0,0,0,2,0,0,0,0,0,0,1
"2734501",0,0,0,0,0,0,0,0,0,0,0,0,0,0,0,0,2,0,0,0,0,0,0,0
"2734515",0,0,0,0,0,0,0,0,0,0,0,0,0,0,0,0,0,0,0,0,0,2,0,0
"2734566",0,0,1,0,0,0,0,0,0,0,0,0,0,0,0,1,0,0,0,1,0,0,0,2
"2734570",0,0,0,2,0,0,1,1,0,0,0,0,0,0,0,0,0,0,0,0,0,0,0,0
"2734583",0,0,0,0,0,0,0,0,2,0,0,0,0,0,0,2,0,0,0,0,0,0,0,0
"2736271",0,1,2,1,0,0,0,0,0,0,0,1,1,0,1,0,0,0,0,0,0,0,0,0
"2738837",0,0,0,0,0,2,0,1,0,0,1,0,0,0,0,0,1,1,0,1,0,0,0,0
"2738980",0,0,0,0,0,0,0,0,0,0,0,0,0,0,0,0,0,0,2,0,0,0,0,0
"2741642",1,0,0,0,0,1,0,0,0,0,0,2,0,0,0,0,0,0,0,0,0,0,0,0
"2742112",0,0,0,0,0,0,0,0,0,0,0,0,0,0,1,0,0,0,0,0,0,0,2,0
"2742113",0,0,0,0,0,0,0,0,0,0,0,0,0,0,2,0,0,0,0,0,0,0,0,0
"2742631",0,0,0,0,0,0,0,0,2,0,0,0,0,0,0,0,0,0,0,0,0,0,0,0
"2742650",0,0,0,0,0,0,0,0,2,0,0,0,0,0,0,0,0,0,0,0,0,0,0,0
"2742654",0,0,0,0,0,2,0,1,0,1,0,0,2,0,0,0,0,0,0,0,0,1,1,0
"2742655",1,1,0,0,0,0,2,0,2,0,1,0,1,0,0,0,0,1,1,1,1,2,1,0
"2743999",2,0,2,0,1,0,2,0,0,1,0,0,1,0,1,0,0,0,1,0,0,0,0,1
"2745565",0,0,0,0,2,0,0,0,0,0,0,0,1,0,0,0,0,0,0,0,0,0,0,0
"2745895",0,1,2,0,0,0,0,0,0,0,1,1,0,0,0,0,0,0,0,0,0,1,0,0
"2747317",0,0,1,0,2,0,0,0,0,0,1,0,0,1,0,0,0,0,0,0,0,0,0,0
"2747318",0,0,1,0,1,0,0,0,0,0,0,0,0,1,2,0,0,0,0,0,0,0,0,1
"2747319",0,0,0,0,0,0,0,2,0,0,0,0,0,0,0,0,0,0,0,0,0,0,0,0
"2747321",0,0,0,0,0,1,1,1,1,0,0,0,0,0,0,0,0,0,0,0,0,1,2,0
"2747323",1,0,1,1,0,0,1,0,0,0,0,0,0,0,0,0,0,0,2,0,0,0,1,0
"2748968",0,0,0,0,2,0,0,0,0,0,0,0,0,0,0,0,0,0,0,0,0,0,0,0
"2749432",1,0,0,1,0,0,0,2,0,1,1,0,0,1,0,0,0,1,0,0,0,0,1,1
"2752331",0,0,0,0,0,0,0,0,0,0,0,0,0,0,0,0,0,0,2,0,0,0,0,0
"2759706",0,0,0,1,0,0,0,0,0,1,2,0,0,0,0,0,0,0,0,0,0,0,0,0
"2761123",0,0,0,0,0,0,0,0,0,0,0,0,0,0,2,0,0,0,0,0,0,0,0,1
"2761539",0,0,0,1,0,2,0,0,0,0,0,0,0,0,0,0,0,0,0,0,0,0,0,0
"2762415",1,0,0,0,2,1,0,0,0,0,1,0,0,0,0,0,0,1,1,1,0,0,0,0
"2762721",0,0,1,0,0,0,1,0,1,0,2,0,0,0,0,0,0,2,0,2,0,0,0,0
"2763527",1,0,1,0,0,0,0,1,0,0,0,0,0,0,0,0,1,1,0,0,0,2,0,0
"2763529",0,2,0,0,0,0,0,0,0,0,1,0,0,0,0,2,0,1,0,0,0,0,0,0
"2763531",2,0,1,0,0,1,0,0,0,0,0,0,0,0,0,0,0,0,0,1,0,0,0,0
"2767581",0,1,1,0,0,0,2,0,0,0,0,0,1,1,0,1,0,0,1,1,0,0,0,0
"2769078",0,2,0,0,0,1,0,0,0,0,0,0,0,0,0,0,0,0,0,0,0,0,0,0
"2770786",0,0,0,2,0,0,0,2,0,0,0,1,0,0,0,0,1,0,0,0,1,2,0,1
"2772023",0,0,0,0,2,1,1,0,0,0,0,0,0,1,0,0,0,0,0,0,0,0,0,0
"2782564",0,0,0,0,0,0,0,0,0,0,0,0,0,0,0,0,0,0,2,0,0,0,0,0
"2785518",1,0,2,1,1,1,1,0,0,0,0,1,1,1,1,0,0,1,1,2,1,0,1,0
"2787157",0,2,0,0,0,0,0,0,0,0,0,0,0,0,0,0,0,0,0,0,0,0,0,0
"2790996",0,2,0,1,0,2,0,0,0,0,0,0,0,0,1,2,1,0,0,0,0,1,0,0
"2795745",1,2,0,0,0,0,0,1,1,0,0,0,0,1,0,0,0,0,0,0,0,0,0,1
"2799672",0,0,0,0,0,0,0,0,0,0,0,0,0,0,0,0,2,0,0,0,0,0,0,0
"2801356",1,0,0,2,0,0,0,0,0,0,0,0,0,0,0,0,0,0,0,0,0,0,0,0
"2801553",0,0,1,1,0,2,0,2,0,1,0,0,0,1,0,0,0,0,0,0,0,0,0,1
"28034",0,1,0,0,0,1,2,1,0,0,0,0,1,1,0,0,2,1,1,1,0,0,1,1
"2809036",2,0,1,0,2,2,0,1,0,0,0,2,1,0,1,0,1,1,2,2,0,1,0,2
"2810280",0,0,0,0,0,0,0,0,0,0,2,0,0,0,0,0,0,0,0,0,0,0,0,0
"2816906",0,0,0,0,1,0,0,0,0,0,0,0,2,0,0,0,0,0,0,0,0,0,1,0
"2816910",1,0,0,2,0,1,1,2,0,0,1,0,0,0,0,0,0,1,0,0,0,0,0,0
"2819103",0,0,0,0,0,0,2,0,0,0,0,0,0,0,0,0,0,0,0,2,0,0,0,0
"2831671",0,0,0,0,0,0,0,0,0,0,0,0,0,0,0,0,0,2,0,1,0,0,0,0
"2834256",0,0,0,0,1,0,0,0,0,0,0,0,0,1,0,0,2,0,0,0,0,0,2,0
"28354",0,0,0,0,0,0,0,0,0,2,0,0,0,0,0,0,0,0,0,0,0,0,0,0
"2836105",0,0,0,0,0,0,0,0,0,0,0,0,0,0,0,0,0,0,0,2,0,0,0,0
"2838238",1,0,0,0,1,1,1,2,1,0,0,1,0,0,0,0,2,0,0,0,0,1,1,0
"2841278",1,0,0,2,2,0,0,0,0,2,0,0,0,0,0,0,0,0,1,0,0,1,0,0
"2842620",2,0,0,0,0,0,0,1,0,0,0,0,0,0,0,0,0,0,0,0,0,1,0,0
"2842727",0,0,0,0,0,0,2,1,0,0,0,0,0,0,0,0,0,0,0,1,0,0,0,0
"2842934",0,1,0,0,0,0,0,0,0,0,0,2,0,0,0,0,0,0,1,0,0,0,0,0
"2842942",1,0,1,2,0,1,0,0,0,0,1,1,0,0,0,0,0,1,1,0,0,0,1,0
"2842972",0,0,1,0,0,0,0,2,0,0,1,1,0,0,2,0,0,2,0,0,0,0,0,0
"2843161",0,0,1,1,0,0,0,0,0,0,0,2,0,0,0,0,0,0,1,0,0,2,0,0
"2843346",2,0,0,0,1,1,0,0,0,0,0,0,0,1,0,0,1,0,2,0,0,0,0,1
"2843351",1,1,0,1,2,1,1,0,0,0,0,0,0,0,0,0,2,0,1,0,0,2,0,0
"2843374",0,0,0,0,1,0,2,1,1,0,2,0,0,0,0,0,0,0,1,0,0,0,1,0
"2843384",0,0,0,0,0,0,0,0,0,0,0,0,0,0,0,0,0,0,0,0,0,0,2,0
"2843386",0,0,0,1,0,0,0,0,1,0,0,0,0,2,2,0,0,1,0,0,0,1,0,1
"2843411",0,0,0,0,1,0,0,0,0,0,0,1,0,2,0,0,0,0,0,0,0,0,0,0
"2843422",1,1,0,0,2,0,1,0,0,0,1,1,0,0,0,0,0,0,1,0,0,1,1,0
"2843430",0,2,0,0,0,1,0,0,0,0,0,0,0,0,0,0,0,0,0,0,0,0,0,0
"2843440",1,0,0,0,0,0,1,0,0,1,0,0,2,2,1,0,0,1,0,0,0,0,0,1
"2843466",0,0,0,0,0,2,0,0,1,0,0,0,0,0,2,0,0,0,0,0,0,0,1,0
"2843467",0,0,0,0,1,0,0,1,2,0,0,0,0,0,0,1,0,0,0,0,1,0,0,0
"2843617",0,0,0,0,0,0,0,2,0,0,0,0,0,0,0,0,0,0,0,0,0,1,0,0
"2843620",0,0,2,0,2,0,0,1,0,0,0,2,0,0,0,0,0,0,0,1,0,0,0,0
"2843623",2,0,0,0,0,0,0,0,0,0,0,0,0,0,0,0,0,0,0,0,0,0,0,0
"2843624",0,0,0,0,0,0,0,0,0,2,0,0,0,0,0,0,0,0,0,1,1,0,0,0
"2843628",1,1,1,0,1,1,0,2,0,0,0,0,2,2,0,0,0,1,0,2,0,0,0,2
"2843630",0,2,0,1,0,1,0,0,0,0,0,1,0,0,0,0,0,0,0,0,0,1,0,0
"2843644",0,0,0,0,0,0,0,0,0,0,0,1,0,0,0,0,0,2,0,0,0,0,0,2
"2843649",2,0,0,0,0,0,0,0,0,0,0,0,0,0,0,0,0,0,0,0,0,0,0,0
"2843653",0,0,0,0,0,0,1,0,0,0,0,0,0,1,0,0,0,0,1,0,0,0,2,0
"2843677",0,0,0,0,2,0,0,0,0,0,0,0,1,0,0,0,0,0,1,0,0,0,0,0
"2843680",0,0,0,0,0,0,2,0,1,0,0,1,0,0,0,0,0,1,1,0,0,1,0,0
"2843689",0,0,0,0,0,0,0,0,0,0,0,0,0,0,0,0,0,0,0,0,0,0,2,0
"2843695",0,0,1,0,0,0,0,0,2,0,0,0,0,0,0,0,0,0,0,0,0,0,0,2
"2843707",0,0,0,0,0,0,0,0,0,0,0,0,0,0,0,0,0,2,2,0,0,0,0,0
"2843727",1,1,1,0,1,0,0,1,2,0,2,0,1,0,2,1,1,0,0,0,0,0,2,0
"2843737",0,0,0,0,0,0,0,0,0,0,0,2,0,0,0,0,0,0,0,0,0,0,0,0
"2843743",1,1,0,2,0,0,0,0,0,0,1,0,0,0,0,0,0,0,1,0,0,0,0,0
"2843753",0,1,0,0,0,1,0,2,0,0,0,1,0,2,0,1,1,0,0,2,1,0,0,1
"2843756",0,0,0,1,0,0,0,0,1,0,0,2,2,0,0,0,0,0,0,0,0,1,0,0
"2843766",0,1,0,2,2,0,0,0,0,0,0,2,0,0,0,1,1,0,0,0,0,0,0,0
"2843770",0,0,0,0,0,0,0,0,0,0,0,0,0,0,0,2,0,0,0,0,0,1,0,1
"2843799",0,0,0,0,0,0,1,0,0,0,2,0,0,1,0,0,0,0,0,0,0,0,1,0
"2843801",0,0,0,0,0,0,0,0,0,0,0,2,0,0,0,0,0,0,0,0,0,0,0,0
"2843817",0,2,0,0,0,0,0,0,0,0,0,0,0,0,0,0,0,0,0,0,0,0,0,0
"2843847",1,0,0,0,0,0,0,0,0,0,0,0,0,0,1,0,1,0,2,0,0,0,0,0
"2843867",0,0,0,0,2,0,0,0,0,0,1,0,0,2,0,0,0,0,0,0,2,0,0,0
"2843882",0,1,0,0,1,2,0,0,1,0,1,0,0,0,2,0,0,0,1,0,1,0,1,1
"2843885",0,0,0,0,0,0,0,0,0,2,0,0,0,0,0,0,0,0,0,0,0,0,0,0
"2843907",0,0,0,0,2,0,0,0,0,0,0,0,0,0,0,0,0,0,0,0,0,0,0,0
"2843928",0,0,0,0,0,0,0,0,0,0,0,0,0,0,0,0,0,0,0,0,0,0,0,2
"2843971",0,1,0,0,0,0,0,0,2,0,0,0,0,0,0,0,0,0,0,0,0,0,0,0
"2843993",0,0,0,0,0,2,0,0,0,0,0,0,0,0,0,0,0,0,0,0,0,2,0,0
"2844003",0,0,0,0,0,0,0,2,0,0,0,0,0,0,0,0,1,0,0,0,0,0,0,0
"2844017",0,1,1,0,0,0,0,0,2,0,0,0,1,1,0,0,0,0,0,0,0,0,1,0
"2844109",2,0,0,1,0,0,0,1,0,0,0,0,0,0,0,1,0,0,0,0,0,0,0,0
"2844120",0,0,0,0,0,0,0,0,0,0,0,1,0,0,0,0,0,0,0,0,0,1,0,2
"2844158",0,2,0,0,0,0,0,0,0,0,0,0,0,0,0,0,0,0,0,0,0,0,0,0
"2844175",0,0,0,2,0,0,0,0,0,0,0,0,0,0,0,0,0,0,0,0,0,0,0,0
"2844211",0,0,2,0,0,0,0,0,0,0,0,0,0,0,0,0,0,0,0,0,2,0,0,0
"2844212",0,2,0,0,0,0,0,0,0,0,0,1,0,0,0,0,0,0,2,0,0,0,0,0
"2844228",0,0,0,0,0,0,0,0,0,0,2,0,0,0,0,1,0,0,0,0,0,0,0,0
"2844256",0,0,0,0,0,0,1,0,0,0,0,0,0,0,0,2,0,0,0,0,0,0,0,0
"2844270",0,0,0,0,0,0,0,0,0,0,1,0,0,0,0,0,0,0,0,2,0,0,0,0
"2844309",0,0,0,1,2,2,0,1,0,0,1,0,0,0,1,0,0,0,0,0,1,2,0,1
"2844311",0,0,0,0,0,0,0,0,0,0,0,0,0,0,0,0,2,0,0,0,0,0,0,0
"2844447",0,2,0,0,0,0,0,0,0,0,0,0,0,0,0,0,0,0,0,0,0,0,0,0
"2844639",0,2,1,0,0,0,0,0,0,0,0,0,0,0,0,0,0,0,0,0,0,0,0,0
"2844651",1,0,0,0,0,0,0,0,0,0,0,1,0,0,0,0,1,0,0,0,0,0,2,0
"2844658",0,1,0,2,0,0,0,0,0,0,0,0,0,1,0,1,0,0,2,1,0,2,0,0
"2844666",0,0,1,0,0,0,0,0,1,0,0,0,0,0,0,0,0,0,2,0,0,1,0,0
"2844667",0,0,2,0,0,0,0,0,0,0,0,0,1,0,0,0,0,1,0,0,0,0,0,0
"2844674",1,0,2,0,0,2,0,1,0,0,0,1,0,0,0,0,0,0,0,0,1,0,0,0
"2844695",2,0,0,0,0,0,0,0,0,0,0,0,0,0,0,0,0,0,0,0,0,0,0,0
"2844720",0,0,0,0,2,0,0,0,0,0,0,0,0,0,0,0,1,1,0,0,0,0,0,0
"2844753",0,0,0,0,0,0,0,0,0,0,0,0,0,0,0,0,0,0,0,0,0,0,2,0
"2844774",0,0,0,0,0,0,0,0,0,0,0,0,0,0,0,0,0,0,2,0,0,0,0,0
"2844806",0,0,0,0,0,0,0,0,0,1,0,2,0,0,0,0,0,0,0,0,0,0,0,0
"2844809",0,0,0,0,0,0,0,0,0,0,2,0,0,0,0,0,0,0,0,0,0,0,0,0
"2844816",0,0,0,0,0,0,0,0,0,0,0,0,0,0,2,0,0,0,0,0,0,0,0,0
"2844825",0,0,0,0,0,0,0,0,2,0,0,0,0,0,0,0,0,0,0,0,0,1,0,0
"2844835",0,0,0,0,0,1,0,0,0,0,0,0,0,0,0,0,1,0,0,0,1,2,0,0
"2845023",0,0,1,0,1,0,0,0,2,0,0,0,0,0,0,0,0,0,1,1,0,1,0,0
"2845027",0,0,0,0,0,0,0,2,0,0,0,0,0,0,0,0,0,1,0,0,0,0,0,0
"2845069",0,0,0,2,0,0,0,0,0,0,0,0,0,0,0,0,0,0,0,0,0,0,0,0
"2845073",0,0,0,0,0,0,0,2,0,0,0,0,0,0,0,0,0,0,0,0,0,0,0,0
"2845076",0,0,0,0,0,0,0,0,0,0,0,0,0,0,0,2,0,0,0,0,0,0,0,2
"2845085",0,0,0,0,0,0,0,0,0,0,0,0,0,0,0,0,2,0,0,0,0,0,0,0
"2845089",0,1,0,0,0,0,0,0,0,1,0,2,0,0,0,0,0,0,0,0,0,1,0,0
"2845090",0,2,2,2,2,2,0,0,0,0,0,0,1,0,0,0,0,0,1,1,0,0,0,2
"2845091",0,1,0,0,0,0,0,0,0,0,1,0,0,2,0,0,0,0,0,0,0,1,0,0
"2845106",2,1,0,0,1,2,1,0,2,1,0,1,0,0,1,0,0,2,0,1,0,0,0,0
"2845126",0,0,0,0,2,0,0,0,0,1,0,2,0,0,1,0,0,0,1,0,0,0,0,0
"2845127",2,0,1,0,0,0,1,0,1,0,0,0,0,0,0,0,0,0,0,0,0,0,0,0
"2845143",2,0,0,0,0,0,0,0,0,0,1,1,0,0,0,0,0,0,0,0,0,0,0,0
"2845163",0,0,0,0,0,0,0,0,2,0,0,0,0,0,0,0,0,0,0,0,0,0,0,0
"2845164",0,0,0,0,0,0,0,0,0,0,2,0,0,0,0,0,0,0,0,0,0,0,0,0
"2845173",0,0,2,0,0,0,0,0,0,0,0,0,0,0,0,0,0,0,0,0,0,0,0,0
"2845189",0,0,0,0,0,0,0,0,0,0,0,0,0,0,0,1,0,0,0,0,1,0,0,2
"2845421",0,0,0,0,0,0,0,0,1,2,0,0,0,0,0,0,0,0,0,0,0,0,1,0
"2845481",0,0,0,0,2,0,0,0,2,0,1,0,0,0,0,0,2,0,1,0,0,0,0,0
"2845483",0,0,0,0,0,0,0,0,2,0,0,0,0,0,0,0,0,0,0,0,0,0,0,0
"2845498",0,0,0,0,0,0,0,2,0,0,0,1,0,0,0,0,0,0,0,0,0,0,0,0
"2845501",0,0,2,2,0,0,0,0,0,0,0,0,0,0,0,0,0,0,0,0,0,0,0,2
"2845511",0,0,0,0,0,1,2,0,1,0,0,0,0,0,0,0,0,0,0,0,2,0,0,0
"2845570",0,0,0,2,0,0,0,0,0,0,0,0,0,0,0,0,0,0,0,0,0,0,0,0
"2845598",0,0,0,0,0,0,0,0,2,0,0,0,0,1,0,0,0,1,0,0,0,0,0,0
"2845653",0,1,2,0,0,1,0,0,0,0,0,2,0,0,0,0,1,0,1,1,2,0,1,0
"2845691",0,0,0,0,0,0,0,0,0,0,0,0,0,2,0,0,0,0,0,0,0,0,0,0
"2845695",0,0,0,0,0,0,0,0,0,0,0,0,0,0,0,0,2,0,0,0,0,0,0,0
"2845756",0,0,0,0,0,0,0,0,0,0,0,0,0,0,2,0,1,0,0,0,0,2,0,1
"2845767",0,0,0,0,0,0,0,0,0,0,0,0,0,0,0,0,0,0,0,0,0,0,2,0
"2845774",0,0,0,0,0,0,0,0,0,0,0,0,0,0,0,0,0,0,0,0,0,0,0,2
"2845779",0,0,1,0,0,1,0,1,2,0,0,0,0,1,0,0,1,0,0,0,0,0,0,0
"2845799",0,0,0,0,0,2,0,0,0,0,0,0,0,0,0,0,0,0,0,0,0,0,0,0
"2845802",0,0,0,0,1,0,0,0,1,0,0,0,0,0,0,0,0,0,0,0,2,0,0,0
"2845873",0,0,0,1,0,0,0,0,1,0,0,1,1,0,2,0,0,0,0,0,0,0,0,0
"2845939",1,0,0,0,0,0,0,0,0,0,0,0,0,0,0,1,0,0,0,2,0,0,0,0
"2845941",0,2,0,0,0,0,0,0,1,0,0,0,0,0,0,0,0,2,0,0,0,0,0,0
"2845950",2,0,0,0,0,0,0,1,0,0,0,0,0,0,0,0,0,0,0,0,0,0,0,0
"2845955",1,0,1,0,1,0,0,0,0,1,0,0,0,0,0,2,0,1,0,0,0,1,0,0
"2845959",0,0,0,1,2,0,1,0,0,0,0,0,0,0,0,0,0,0,0,0,0,0,0,0
"2845963",0,0,0,0,0,2,1,0,0,0,0,0,0,0,1,0,0,0,1,0,0,0,0,0
"2845968",1,0,0,0,0,2,0,0,0,0,0,0,0,0,0,0,0,0,2,0,0,0,0,0
"2846040",0,2,1,0,1,0,0,0,0,0,0,0,0,0,0,0,0,0,0,0,0,0,0,0
"2846048",0,0,0,2,1,0,0,0,0,0,0,0,0,0,0,0,0,0,0,0,0,0,0,0
"2846052",0,0,0,0,0,1,0,2,0,0,1,0,1,0,0,0,2,0,0,0,0,0,0,0
"2846069",0,0,1,0,0,0,2,0,0,0,0,0,0,0,1,2,0,0,0,0,0,0,0,0
"2846074",1,0,0,1,0,1,0,0,0,0,2,0,0,0,0,1,0,0,0,0,2,0,0,2
"2846092",0,0,0,2,0,0,0,0,0,0,0,0,0,0,0,0,0,0,0,0,0,0,0,0
"2846094",0,0,0,0,0,0,0,0,0,0,0,0,0,0,0,0,0,0,0,0,0,0,0,2
"2846108",0,0,0,0,0,0,0,0,0,0,0,2,0,0,0,1,0,0,0,0,0,0,0,0
"2846109",0,0,0,0,0,0,0,0,0,0,0,0,0,0,0,0,2,0,0,0,0,0,0,0
"2846119",0,0,0,0,1,0,0,0,0,0,0,0,0,1,0,0,2,0,0,0,0,1,1,0
"2846128",0,0,0,0,0,0,1,1,0,0,0,0,0,0,0,0,0,2,0,0,0,0,0,0
"2846137",0,0,0,0,0,0,0,0,0,0,0,0,0,0,0,0,1,0,0,0,0,2,0,0
"2846138",1,1,0,0,0,0,1,0,0,0,0,0,0,0,0,0,0,0,2,0,1,0,0,0
"2846180",0,0,0,0,2,1,1,0,0,1,0,0,0,2,0,1,0,0,0,0,0,2,0,0
"2846181",0,0,2,2,0,1,0,0,0,0,1,0,0,0,0,0,1,0,1,0,0,1,0,0
"2846184",0,0,1,0,0,2,0,0,0,0,0,0,0,0,0,0,0,0,0,0,0,0,0,0
"2846187",0,0,0,0,0,0,0,2,0,0,0,0,0,0,0,0,0,0,0,0,0,0,0,0
"2846206",0,0,0,0,0,0,0,2,0,0,0,0,0,0,0,0,0,0,0,0,0,0,0,0
"2846389",0,2,2,1,0,1,0,1,0,2,0,2,0,1,2,0,0,1,2,1,0,0,0,0
"2846414",0,0,0,0,0,0,0,0,0,0,0,2,0,0,0,2,0,0,0,0,0,0,0,0
"2846415",0,2,0,1,0,1,0,0,0,0,0,0,0,0,0,0,0,0,0,0,0,0,1,0
"2846451",2,0,0,0,0,0,0,0,0,0,0,0,0,0,0,0,0,0,0,0,0,0,0,0
"2846572",0,0,0,0,0,0,0,0,2,0,0,0,0,0,0,0,0,0,0,0,0,0,0,0
"2846580",0,0,0,0,0,0,0,0,0,0,0,0,0,2,0,0,0,0,0,0,0,0,0,0
"2846604",0,0,0,0,0,0,0,0,0,0,0,0,0,0,0,0,0,0,0,0,2,0,0,0
"2846606",0,0,0,0,2,0,0,0,0,0,0,0,0,0,0,0,0,0,0,0,0,1,0,0
"2846681",0,0,0,0,0,0,0,2,0,0,0,0,0,1,1,0,2,0,0,0,0,0,0,0
"2850494",1,0,0,0,0,0,0,1,1,0,0,0,0,0,0,0,0,0,2,2,0,0,0,1
"2851069",0,0,0,1,0,1,0,0,0,0,0,1,0,0,0,0,0,0,2,0,2,0,0,0
"2851978",0,0,0,0,0,0,0,0,0,1,0,0,0,0,0,0,0,0,0,0,0,2,0,0
"2859653",1,0,1,0,0,0,0,0,1,1,0,2,0,0,0,0,0,0,2,1,0,0,1,2
"2860376",0,2,2,2,1,0,1,0,1,1,1,0,0,1,0,0,1,0,1,0,1,0,0,0
"2863195",2,0,0,0,0,0,0,0,0,0,0,0,0,0,0,0,0,0,0,0,0,0,0,0
"2865787",0,0,0,0,0,0,0,0,0,0,0,0,0,0,0,0,0,0,0,0,2,0,0,0
"2866192",1,0,1,0,0,1,1,1,0,0,1,2,2,0,0,1,0,0,0,0,2,1,1,0
"2867004",0,0,2,0,0,2,0,0,2,1,0,0,0,0,0,0,1,0,0,0,0,0,0,0
"2869549",2,0,0,0,0,0,0,0,1,0,0,0,0,0,1,0,1,0,2,1,0,0,0,0
"2869556",0,2,0,0,0,0,0,2,0,0,1,1,0,1,1,0,0,0,0,0,0,0,1,2
"2869569",0,2,0,0,0,2,0,2,1,0,0,1,0,0,0,0,2,0,0,1,0,1,0,0
"2873352",2,0,0,0,0,1,1,0,0,0,0,2,0,0,0,1,1,0,0,0,0,0,0,1
"2873534",0,0,0,0,0,0,0,0,0,0,0,0,0,0,0,1,0,1,1,0,2,0,0,0
"2874889",1,1,1,0,0,0,0,0,0,0,0,2,0,0,0,0,0,0,2,0,1,0,0,0
"2877507",0,0,0,0,0,0,0,2,0,0,0,0,0,0,0,0,0,0,0,0,0,0,0,0
"2886042",1,0,0,0,1,0,0,0,0,0,1,0,0,0,0,0,0,0,2,0,0,0,0,0
"2894789",0,2,0,0,0,0,0,0,0,0,0,0,0,0,0,0,0,0,0,0,0,0,0,0
"2894796",0,0,0,0,0,0,0,0,0,0,0,2,0,0,0,0,0,0,0,0,0,0,0,1
"2897413",2,0,1,0,1,1,0,1,2,1,0,0,0,0,0,0,0,1,1,0,0,0,1,0
"2908744",0,0,0,0,0,1,0,0,0,0,0,0,0,0,0,2,0,1,0,0,0,0,2,0
"2908746",2,0,0,0,0,0,0,0,0,0,0,0,0,0,0,0,0,0,0,0,0,0,0,0
"2911664",0,0,0,0,0,0,0,1,0,0,0,1,0,0,2,0,0,0,2,1,0,0,2,0
"2912260",0,0,0,0,0,0,0,0,2,0,0,0,0,0,0,0,0,0,0,0,0,0,0,2
"2913506",2,0,1,1,1,0,0,1,0,0,2,2,1,2,1,0,1,0,2,1,2,1,1,0
"2914028",0,0,0,2,0,0,0,0,0,0,0,0,0,0,0,0,0,0,0,0,0,0,0,0
"2914029",1,0,0,2,0,0,0,0,0,0,0,0,0,0,0,0,0,0,0,0,0,1,0,0
"291612",0,0,0,0,0,0,1,0,0,0,0,0,0,0,0,0,0,1,0,0,2,1,0,0
"2917812",1,0,0,0,1,1,0,0,0,1,0,0,2,0,0,0,0,0,0,0,0,0,0,0
"2919921",1,1,0,0,0,1,1,1,1,0,0,1,0,1,2,0,1,0,1,0,1,0,0,1
"2924885",0,0,0,0,0,0,0,0,2,0,0,0,1,0,0,0,0,0,0,0,0,0,0,0
"2924887",1,1,0,1,0,2,0,0,0,0,1,0,0,2,1,0,0,0,0,0,0,0,0,0
"29252",0,0,0,0,0,0,0,0,0,1,0,0,0,0,0,0,0,0,0,0,0,0,0,2
"2926098",1,0,0,0,1,0,0,0,0,1,0,0,2,0,1,0,1,0,0,0,1,1,0,1
"2927787",1,0,0,0,1,0,0,0,0,0,0,1,0,0,0,0,1,0,0,2,0,0,0,0
"2928831",2,1,0,0,0,0,0,0,0,0,0,1,0,0,0,0,0,0,1,0,0,2,0,0
"2929011",0,0,0,0,2,0,0,0,0,0,0,0,0,0,0,0,0,0,0,0,0,0,0,0
"2936906",2,1,1,0,0,0,1,0,0,0,1,0,0,0,1,1,0,0,0,2,0,0,0,0
"2937284",0,1,0,2,1,2,2,0,0,0,1,2,0,1,0,1,0,1,2,0,0,0,2,1
"2939129",0,0,0,0,0,0,0,0,2,0,0,0,0,0,0,0,0,0,1,0,0,0,0,2
"2942979",0,0,2,0,0,0,0,0,0,0,0,0,0,0,0,0,0,0,0,0,0,0,0,0
"2942989",0,0,0,0,0,0,0,0,0,0,0,0,0,0,0,0,0,0,0,0,0,0,2,0
"2942992",0,0,0,0,0,1,0,0,2,0,0,0,0,0,0,0,0,0,0,0,0,0,0,0
"2942994",0,0,0,0,0,0,0,0,0,0,1,1,0,0,0,0,0,0,1,0,1,0,2,0
"2943015",1,0,0,0,1,2,0,0,1,0,1,2,0,0,0,0,0,0,0,1,0,0,0,0
"2943019",0,0,0,2,0,0,0,2,0,0,0,1,1,0,0,1,1,1,1,0,0,0,0,0
"2945589",1,0,0,2,0,0,2,0,0,0,0,0,0,0,0,0,0,0,0,0,0,0,0,0
"2946169",0,0,2,0,0,0,0,0,0,0,0,0,0,0,0,0,0,0,0,0,0,0,0,0
"2946180",0,0,0,0,0,0,0,0,0,2,0,0,0,0,1,0,0,0,0,0,0,0,0,0
"2946836",2,2,0,0,0,0,0,0,0,0,0,0,0,0,0,0,0,0,0,0,0,0,1,0
"2948645",1,0,2,0,0,0,0,0,0,0,1,1,0,0,0,0,0,0,0,0,0,0,0,1
"2948665",0,0,0,0,0,1,0,0,0,0,0,0,0,0,0,0,2,0,0,0,0,0,0,0
"2948688",0,0,0,0,0,0,0,2,0,0,0,0,0,0,0,0,0,0,0,0,0,0,0,0
"2948713",0,2,0,0,0,0,0,0,0,0,0,0,0,0,0,0,0,0,0,0,0,0,0,0
"2948755",2,0,1,0,0,0,0,0,0,0,0,0,0,0,0,0,0,0,0,0,0,0,1,1
"2948769",0,0,0,0,0,2,0,0,0,0,0,0,0,0,0,0,0,0,0,0,0,0,0,0
"2948791",2,0,2,1,0,0,0,0,1,0,1,0,0,0,0,0,0,0,1,0,0,0,0,0
"2948878",0,2,0,1,1,2,0,2,1,0,1,2,0,1,0,0,0,0,1,0,1,0,0,0
"2948910",0,2,0,0,0,0,0,0,0,0,0,0,0,0,0,0,0,0,0,0,0,0,0,0
"2948949",0,0,0,0,0,0,0,0,0,0,0,1,0,0,0,0,0,0,0,0,0,2,0,0
"2951390",0,0,0,1,2,0,0,0,0,0,0,1,0,0,0,0,0,0,0,0,0,2,0,1
"2951391",1,0,0,0,0,0,0,1,0,0,0,2,0,0,0,0,0,0,0,0,0,0,0,1
"2951619",0,1,0,0,0,0,1,0,0,0,0,0,0,0,0,0,0,0,0,0,0,0,2,0
"2953674",0,0,0,0,0,0,0,0,0,1,0,0,0,0,0,0,0,2,0,0,0,0,0,0
"2953982",0,0,0,0,0,0,0,0,0,0,0,0,0,0,0,0,0,2,0,0,0,0,0,0
"2953984",0,0,0,0,0,0,2,0,0,0,0,0,0,0,0,0,0,0,0,0,0,0,0,0
"2953997",1,0,1,1,0,2,1,1,0,1,1,1,0,0,1,0,0,1,1,0,0,1,0,0
"2954005",1,0,0,0,0,1,0,1,0,0,0,1,1,0,0,2,0,0,0,0,0,0,0,2
"2954006",2,0,0,0,0,0,0,0,0,0,0,0,0,0,2,0,0,0,0,0,0,1,0,0
"2954018",0,0,0,0,0,2,0,0,0,0,0,0,0,0,0,0,0,0,0,0,0,0,0,0
"2954019",0,0,0,1,0,2,0,0,0,1,0,0,0,0,0,0,1,0,0,1,0,0,0,0
"2954028",2,2,0,0,0,0,1,0,0,0,0,0,0,0,0,0,0,0,0,0,0,0,0,0
"2954030",1,0,2,0,0,1,0,0,0,1,0,0,0,0,0,0,1,0,0,0,0,0,0,0
"2954040",0,0,0,0,0,0,2,0,0,0,0,0,0,0,0,1,0,0,0,0,0,0,0,0
"2954046",0,0,0,0,0,2,1,1,0,1,0,2,0,0,0,0,0,2,0,0,0,2,0,0
"2954051",2,0,0,0,0,0,0,0,0,0,0,0,0,0,0,0,0,0,0,0,0,0,0,0
"2954053",0,1,0,2,0,0,0,0,0,0,0,0,0,0,0,1,0,0,0,0,0,0,0,0
"2954054",0,0,0,0,0,0,0,0,0,0,0,2,0,0,0,0,0,0,0,0,0,0,0,0
"2954055",0,1,0,0,0,0,0,2,0,0,0,0,1,0,0,1,1,0,0,1,1,0,0,1
"2954061",0,0,0,1,1,0,0,0,0,0,0,1,0,0,0,0,0,2,0,0,0,0,0,0
"2954063",0,0,0,0,0,0,0,0,0,0,0,0,0,0,0,0,0,0,0,0,0,0,2,0
"2955259",0,0,0,0,0,2,0,0,0,0,0,0,0,0,0,0,0,0,0,0,0,0,0,0
"2955278",0,0,0,0,0,0,2,0,0,0,0,0,0,0,0,0,0,0,0,0,0,0,0,0
"2955291",0,0,0,0,0,0,0,0,0,2,0,0,0,0,0,0,0,0,0,0,0,0,0,0
"2955305",0,0,0,0,0,0,0,0,1,0,0,0,0,0,0,0,0,0,0,0,0,0,2,0
"2955332",0,0,0,0,2,1,0,0,1,1,0,1,1,0,1,0,1,1,0,0,0,0,0,0
"2955400",1,0,1,0,0,0,1,0,2,1,0,1,1,1,0,0,0,0,0,0,0,0,2,0
"2955401",0,0,0,2,1,0,0,0,0,0,0,0,0,0,0,0,0,0,1,0,0,0,0,0
"2955402",0,0,0,0,0,0,0,2,2,0,0,0,0,0,0,0,0,0,0,0,0,0,0,0
"2955415",0,0,0,0,0,0,0,0,0,0,1,2,0,1,1,0,0,0,0,0,0,0,0,0
"2955418",0,0,0,0,0,0,0,0,0,0,0,0,2,0,0,0,0,0,0,0,0,0,0,0
"2955420",0,1,0,0,2,0,0,0,0,0,0,0,0,0,1,0,0,0,0,0,0,0,0,0
"2955423",0,1,0,0,0,1,1,0,0,0,1,0,0,0,2,0,0,0,0,0,0,0,0,0
"2955426",0,0,0,0,1,0,0,0,1,0,0,1,1,0,0,2,2,0,0,1,0,0,1,0
"2955431",0,2,1,1,0,0,0,0,0,0,0,0,0,0,0,0,0,0,1,0,0,0,0,0
"2955442",0,0,0,0,0,0,0,0,0,0,0,0,1,0,0,2,0,0,0,0,0,0,0,0
"2955476",0,0,0,2,0,0,0,0,0,1,0,0,0,0,0,0,0,0,0,0,0,0,0,0
"2955499",0,0,0,1,0,0,0,0,0,0,0,0,0,0,0,0,0,0,1,2,0,0,0,0
"2955501",0,0,1,0,0,0,0,0,0,0,1,0,1,0,1,0,0,0,2,1,0,0,0,0
"2955504",2,1,0,1,0,0,0,1,0,2,1,0,0,0,0,2,0,1,0,2,0,0,2,2
"2955507",0,1,0,0,0,0,0,0,0,0,2,0,0,0,0,0,0,0,0,0,0,0,0,0
"2955511",0,0,1,0,0,0,0,2,0,0,0,0,0,0,1,0,0,0,0,0,0,0,0,0
"2955533",0,2,0,0,0,2,1,0,0,0,0,1,0,0,1,0,0,1,1,1,0,1,0,0
"2955534",2,0,0,0,0,0,0,1,0,0,0,0,0,1,0,0,0,0,0,0,0,0,0,0
"2955545",1,0,1,1,0,0,0,0,0,0,0,0,2,0,0,0,1,0,1,1,1,0,0,0
"2955549",0,2,2,0,0,0,0,0,0,0,0,0,0,0,0,0,0,0,0,0,0,1,0,0
"2955553",0,2,1,0,0,0,0,0,0,0,0,0,0,0,0,0,0,0,0,0,0,0,0,0
"2955579",0,2,2,0,0,0,0,0,0,0,0,0,0,0,0,0,0,1,0,0,0,0,0,0
"2955593",0,0,0,0,2,0,0,0,0,0,0,0,0,0,2,0,0,0,0,0,1,0,0,0
"2955595",0,1,0,0,0,2,0,1,0,2,1,1,0,1,0,0,0,0,2,1,0,0,1,0
"2955596",0,0,0,0,0,0,0,0,0,0,0,0,1,0,0,0,0,0,2,0,0,0,0,0
"2955603",2,0,0,0,0,0,0,1,0,0,0,0,1,0,0,0,2,0,0,0,0,1,1,1
"2955605",0,1,0,0,0,0,0,0,0,0,0,0,0,0,2,0,0,0,0,0,0,0,0,0
"2955608",0,1,0,0,0,0,0,0,0,0,0,0,0,0,0,0,0,0,2,0,1,1,1,0
"2955610",0,0,0,0,0,0,0,1,0,0,0,1,0,0,0,0,0,0,0,0,0,1,2,0
"2955614",0,0,0,1,0,0,0,0,0,0,0,1,0,1,0,0,0,0,0,0,1,2,0,0
"2955627",0,0,2,0,1,0,1,0,0,0,1,0,0,0,0,0,0,1,0,0,0,0,0,1
"2955628",0,0,0,0,0,0,1,0,0,0,0,0,2,0,0,0,0,0,0,0,0,0,0,0
"2955635",0,0,0,2,0,0,0,0,0,0,0,0,0,0,0,0,0,0,0,0,0,0,0,0
"2955656",2,0,0,0,0,0,0,0,0,1,0,0,0,0,0,0,0,0,0,0,0,0,0,0
"2955664",0,0,0,0,0,0,0,0,0,0,0,0,0,0,0,2,0,0,0,0,0,0,1,0
"2955670",0,0,0,0,0,0,0,0,0,0,0,0,2,0,0,0,0,0,0,0,0,0,0,2
"2955685",0,0,0,0,0,0,2,0,0,0,0,0,0,0,0,0,0,0,1,0,0,0,0,0
"2955690",0,0,0,0,0,1,0,2,1,0,0,0,0,0,0,1,0,0,0,0,0,2,0,0
"2955704",0,0,0,0,1,0,0,0,0,0,0,0,0,0,0,0,0,0,0,0,2,0,0,0
"2955706",2,0,1,0,0,0,0,0,0,0,0,0,1,2,0,2,1,1,1,0,1,0,2,0
"2955726",0,0,0,0,0,2,0,0,0,0,0,1,0,0,0,0,0,0,0,0,0,0,0,0
"2955739",0,2,0,0,0,1,1,1,0,0,0,0,0,0,0,0,2,0,1,0,0,1,1,0
"2955751",2,0,0,0,0,0,0,1,0,0,0,0,0,0,0,0,0,0,0,0,0,0,0,0
"2955752",0,0,0,0,0,0,2,0,0,0,0,0,0,0,0,0,0,0,0,0,0,0,0,0
"2955762",0,1,1,0,0,2,0,0,0,0,0,0,0,0,2,0,0,0,1,0,0,0,0,0
"2955763",0,0,0,0,0,0,0,0,0,0,0,0,0,2,0,0,0,0,0,0,0,0,0,0
"2955786",0,0,0,2,0,0,0,0,0,0,0,0,0,0,0,0,0,0,0,1,0,0,0,0
"2955847",1,0,0,0,0,0,0,0,0,0,0,0,0,0,0,2,0,0,0,0,0,0,0,0
"2955863",0,0,0,0,0,0,0,0,0,0,0,0,0,0,0,0,2,0,0,0,0,0,0,0
"2955865",0,0,0,0,0,2,0,0,0,0,0,1,0,0,0,0,0,1,0,0,1,0,1,0
"2955882",0,1,0,0,1,1,0,1,0,0,0,2,0,0,0,0,0,1,0,0,0,1,0,0
"2955883",1,2,0,0,0,0,0,0,0,1,0,1,0,0,2,0,0,0,0,0,0,0,2,0
"2955899",0,2,0,2,0,0,0,0,0,0,0,1,0,0,0,0,0,0,0,0,0,0,0,1
"2955905",0,0,0,0,1,0,0,0,0,0,0,0,0,0,0,0,2,1,0,0,1,1,0,1
"2955907",1,0,0,2,1,0,0,0,0,0,1,1,0,0,0,0,0,1,0,0,0,0,0,1
"2955913",2,0,1,2,0,1,2,0,1,0,2,0,0,0,1,1,0,1,0,2,0,0,0,0
"2955919",0,0,0,0,1,0,0,0,0,0,0,0,0,0,2,0,0,0,0,0,0,0,0,0
"2955928",0,0,2,0,0,0,0,0,0,0,0,0,0,0,0,0,0,0,0,0,0,0,0,0
"2955945",0,0,2,0,0,0,0,0,0,0,1,0,0,0,0,0,0,0,0,0,0,0,0,1
"2955947",0,0,0,0,2,1,1,0,0,0,1,0,1,0,0,0,0,0,0,0,0,0,1,0
"2955950",0,0,1,0,1,0,2,0,0,0,0,0,0,0,0,0,0,0,1,0,0,1,2,0
"2955977",0,0,0,0,0,1,0,2,0,0,0,0,0,0,0,0,0,0,0,1,0,0,0,0
"2955982",0,0,1,2,0,0,0,0,0,0,0,0,0,0,0,0,0,0,0,0,0,0,0,0
"2955985",0,0,0,0,0,2,1,0,0,0,0,0,0,0,0,1,0,0,0,0,0,0,0,0
"2956035",0,0,0,0,1,0,0,2,0,0,0,0,0,0,0,0,0,0,1,0,0,0,0,0
"2956037",0,0,0,0,0,0,0,0,0,0,0,0,0,0,0,0,2,0,0,0,0,0,0,0
"2956045",1,0,1,0,2,0,1,1,0,0,0,0,0,0,0,0,0,0,2,0,0,0,0,0
"2956046",0,0,0,0,0,0,1,0,0,0,0,1,0,0,0,0,0,0,0,0,0,2,0,0
"2956050",0,0,0,0,1,0,0,1,0,0,0,1,0,0,0,0,2,1,0,0,0,0,0,0
"2956054",0,2,0,0,0,0,0,0,0,0,0,0,0,0,0,0,0,0,0,0,0,0,0,0
"2956062",0,1,0,0,0,0,0,0,0,0,0,0,0,0,1,0,0,0,0,0,0,0,2,0
"2956064",0,0,0,1,1,2,0,1,0,0,0,0,0,1,0,0,1,0,0,0,0,2,0,0
"2956070",1,0,0,0,0,0,0,0,0,0,1,0,2,0,0,0,0,0,0,0,0,0,0,0
"2956072",1,1,0,0,1,0,0,0,1,0,0,1,0,0,0,1,0,0,0,1,0,0,2,0
"2956077",0,0,0,0,0,0,0,1,1,0,0,0,0,2,0,0,0,0,0,0,0,0,0,0
"2956083",0,1,0,0,0,0,0,0,0,1,0,0,0,0,0,0,2,0,0,0,0,0,0,2
"2956125",0,1,1,0,0,0,1,0,0,0,2,0,0,0,1,0,0,0,1,0,0,2,0,1
"2956135",1,2,0,0,0,0,1,0,0,0,0,0,0,2,1,0,0,0,0,0,0,0,0,0
"2956138",0,0,0,0,0,2,0,0,0,0,0,1,0,0,0,0,2,0,0,0,0,0,1,0
"2956229",0,0,0,0,0,0,1,1,0,0,0,0,0,2,0,0,0,0,1,0,0,1,0,0
"2956253",2,0,0,0,0,0,0,0,0,0,0,0,0,0,0,0,0,0,0,0,0,0,0,0
"2956258",0,0,0,0,1,0,2,1,0,0,0,0,0,0,1,0,0,0,0,1,0,1,0,0
"2956264",0,2,2,0,0,1,0,0,0,1,0,0,0,2,0,1,0,0,1,1,0,0,0,0
"2956275",0,0,0,0,0,0,0,0,0,0,0,0,0,0,0,0,0,0,0,0,2,0,0,0
"2956305",0,0,0,0,0,1,0,0,1,0,0,0,0,0,0,0,0,0,0,0,2,0,0,0
"2956320",1,0,1,1,1,0,2,0,0,0,0,0,1,0,0,0,0,0,0,0,0,0,0,1
"2956321",0,0,0,0,1,0,0,0,0,0,0,0,1,0,0,0,0,0,1,0,0,2,0,0
"2956327",2,0,1,0,0,0,0,0,0,1,0,0,0,0,0,0,0,0,1,0,0,0,0,2
"2956338",0,0,0,0,1,0,0,0,0,0,2,1,1,0,0,0,0,0,0,1,0,0,0,0
"2956354",0,0,0,0,0,0,0,0,0,0,0,0,0,0,0,2,0,0,0,0,0,0,0,0
"2956364",2,0,2,0,0,0,0,0,0,0,0,0,0,1,0,0,0,0,0,0,0,0,0,0
"2956498",0,0,0,0,0,0,0,0,0,0,0,0,0,0,0,0,0,0,1,0,0,2,0,0
"2956503",0,0,0,1,2,1,0,0,2,0,0,0,0,0,0,0,0,0,0,0,0,0,0,0
"2956513",0,0,2,0,0,0,0,0,0,0,0,0,0,0,1,0,0,0,1,0,0,0,0,0
"2956517",0,2,0,0,0,0,0,0,0,0,0,0,0,0,0,0,0,0,0,0,0,0,0,0
"2956518",0,1,0,0,0,0,2,0,0,0,0,0,0,0,0,0,0,0,0,0,0,0,0,0
"2956556",0,0,0,0,0,0,0,0,0,0,0,0,0,2,0,0,0,0,0,0,1,0,0,0
"2956566",1,0,1,1,1,0,0,0,0,0,2,0,0,2,0,0,0,0,0,0,0,0,0,0
"2956570",1,0,0,0,0,0,0,1,2,0,0,0,0,0,0,2,0,1,1,0,0,0,1,0
"2956574",0,2,1,1,1,0,0,0,0,0,1,1,0,0,0,0,2,0,0,0,0,0,0,0
"2956609",2,0,0,0,1,0,0,0,0,0,0,0,0,0,0,0,0,0,0,0,0,0,0,0
"2956634",1,0,0,0,0,0,0,0,0,0,0,0,0,0,0,0,0,1,0,0,0,0,0,2
"2956636",0,0,2,0,1,0,0,0,0,1,1,0,0,0,0,0,0,1,0,0,0,0,1,2
"2956653",0,0,0,0,0,0,0,0,1,0,0,0,0,0,0,0,0,0,0,0,0,0,0,2
"2956666",1,0,0,2,0,0,1,0,0,0,1,0,0,0,0,0,0,0,0,0,0,0,0,0
"2956669",0,0,0,0,0,0,0,1,1,0,0,0,0,1,0,0,0,0,2,0,0,0,0,0
"2956683",0,2,0,0,0,0,0,0,0,0,1,0,0,0,1,0,1,2,0,0,1,0,0,0
"2956684",0,0,2,0,0,0,0,1,0,1,0,1,0,0,0,0,0,0,0,0,1,1,0,0
"2956686",1,0,0,0,0,0,0,0,0,2,0,0,0,0,0,1,0,1,0,0,0,0,0,0
"2956695",0,0,0,0,0,1,0,0,2,0,1,0,0,0,2,0,1,0,0,0,0,2,0,0
"2956829",0,0,0,0,0,0,0,1,0,0,0,0,0,0,0,0,0,0,2,0,0,1,0,1
"2961988",1,2,0,0,0,0,0,0,0,0,0,0,0,0,0,0,0,0,0,0,0,0,2,2
"2964607",0,0,0,0,0,0,0,0,0,2,0,0,0,0,1,0,0,0,0,0,0,0,1,0
"2967300",1,2,1,1,0,0,0,0,0,0,0,0,0,0,1,0,0,0,1,0,0,0,1,1
"2968248",1,0,0,1,0,0,0,0,0,1,0,0,1,0,0,0,0,2,1,0,0,0,0,1
"2969106",0,0,0,0,0,0,0,0,0,0,0,0,0,0,0,0,0,0,2,0,0,0,0,0
"2969598",0,0,0,0,0,0,0,0,0,0,0,2,0,0,0,0,0,0,0,0,0,0,0,0
"2975051",0,0,0,0,0,0,0,0,0,0,0,0,0,0,0,0,0,2,0,0,0,0,0,0
"2976943",0,0,0,0,0,0,0,0,0,0,0,0,0,0,0,0,1,0,0,0,0,0,2,0
"2976944",0,0,0,0,0,0,0,0,0,0,0,0,0,0,0,0,0,0,0,0,0,0,2,0
"2978741",0,1,0,0,2,0,0,0,0,0,0,0,0,0,0,0,0,0,0,0,0,1,0,0
"2980499",0,1,1,1,1,0,0,0,1,0,0,0,0,0,0,1,0,2,0,0,1,0,0,0
"298331",0,0,0,2,1,0,0,0,0,0,0,0,1,2,0,0,0,0,0,0,0,1,0,0
"298338",0,0,0,2,0,0,0,0,0,0,0,0,0,0,0,0,0,0,1,0,0,0,0,0
"2986828",0,0,0,0,0,0,0,0,0,0,0,2,0,0,0,0,0,0,0,0,0,0,0,0
"2986839",0,0,2,0,0,0,0,0,0,0,0,0,0,1,0,0,0,0,0,0,0,0,0,0
"2989766",2,1,0,0,0,0,0,0,0,0,0,0,0,0,0,0,0,0,0,1,0,0,0,0
"2989768",0,0,0,1,1,0,0,0,0,0,0,0,0,1,2,0,1,0,0,0,0,0,0,1
"2989770",0,2,0,0,0,0,0,0,0,2,0,0,0,0,0,0,0,0,0,0,0,0,0,1
"2991700",1,2,1,0,1,2,1,2,0,1,0,1,0,0,1,0,0,0,1,0,0,0,0,0
"2992801",1,0,0,0,0,0,1,0,0,0,2,0,1,0,0,0,0,0,1,0,1,0,2,0
"2993456",1,0,0,1,2,0,0,0,0,0,0,2,0,0,0,0,0,0,1,0,0,0,0,1
"3003719",0,2,0,0,0,0,0,0,0,0,0,0,0,0,1,0,0,0,0,0,0,0,0,0
"300740",0,0,0,0,0,0,0,0,0,0,0,0,0,0,0,0,0,0,0,2,0,0,0,0
"3017830",0,0,0,0,0,0,0,0,0,0,0,0,0,0,0,0,2,0,0,0,0,0,0,0
"3018991",0,0,0,0,1,0,0,0,0,0,0,0,0,0,0,0,0,0,2,0,0,0,0,0
"3020826",0,1,1,2,1,0,0,0,0,1,0,2,1,0,0,1,0,1,0,0,0,0,1,2
"302100",0,0,0,0,0,0,0,0,0,0,0,0,0,0,0,0,0,0,0,0,0,2,0,0
"3029087",2,0,0,0,0,0,0,0,0,0,0,0,0,0,0,1,0,0,0,0,0,0,1,0
"3035369",1,0,2,1,0,1,2,2,2,1,1,1,1,0,0,0,1,1,1,1,0,2,2,1
"3037457",0,0,0,2,0,1,0,0,0,0,0,1,0,0,0,0,2,0,2,0,1,2,0,0
"3044455",1,2,1,0,0,0,1,0,0,1,1,0,0,0,0,2,2,1,0,0,0,1,0,0
"3045840",1,1,0,0,0,1,0,0,0,0,0,0,0,0,0,0,1,0,0,0,0,0,2,0
"3045841",0,0,0,0,0,1,0,0,0,0,0,0,2,0,0,0,0,0,0,0,1,0,0,0
"3047403",0,0,0,0,0,0,0,0,0,0,0,0,0,0,0,0,0,0,0,0,0,0,0,2
"3047431",1,0,2,2,1,2,0,0,0,0,0,0,0,0,0,0,0,0,0,0,0,0,2,0
"3047555",0,0,0,0,2,0,0,0,0,0,1,0,0,0,0,0,0,0,0,0,0,0,0,0
"3047693",0,2,0,0,0,0,0,0,0,0,0,0,0,0,0,0,0,0,0,0,0,0,0,0
"3047695",1,0,0,0,0,2,0,2,0,1,0,0,1,0,0,0,0,0,1,1,1,2,1,0
"3047704",2,0,0,0,0,0,0,0,1,0,0,0,0,1,0,0,1,0,1,0,0,0,0,0
"3047708",0,0,0,0,0,0,0,1,0,0,0,0,0,0,1,0,0,2,0,0,0,0,0,0
"3047711",0,0,0,0,0,0,2,0,0,0,0,0,0,0,0,0,0,0,0,0,0,0,1,0
"3047722",0,0,1,0,0,0,0,0,0,0,0,0,0,0,1,2,1,0,0,1,1,0,0,0
"3047740",0,0,0,0,0,0,0,0,0,0,0,0,0,0,2,0,0,0,0,0,0,0,0,0
"3047757",0,0,2,0,0,0,0,0,0,0,0,0,0,0,0,0,0,0,0,0,0,0,0,0
"3047759",0,0,0,1,1,0,1,0,1,0,0,1,2,1,0,0,0,0,1,0,1,0,0,0
"3047762",1,2,1,0,1,2,0,1,0,0,0,1,0,0,0,0,0,0,0,1,0,0,1,0
"3047789",0,0,0,0,0,0,0,0,0,0,0,0,0,0,0,0,0,0,0,0,0,0,2,0
"3047795",2,1,0,0,0,0,0,0,0,1,0,1,0,0,0,0,0,0,0,0,0,0,0,0
"3047815",0,2,1,0,1,2,1,1,0,1,0,0,2,1,0,1,0,2,0,2,0,2,2,1
"3047824",2,0,0,0,1,1,0,0,0,2,0,2,0,0,0,1,0,0,0,0,0,0,0,0
"3047853",0,0,0,0,0,0,1,0,0,0,0,0,0,0,1,0,0,0,0,0,2,0,0,0
"3047860",2,0,1,0,0,0,1,0,1,1,0,1,0,0,0,0,0,0,0,0,0,1,0,1
"3047946",0,0,0,0,1,0,0,0,1,0,2,0,0,1,0,0,0,0,0,0,0,0,0,0
"3047947",0,0,0,1,0,0,0,1,1,0,0,2,0,0,1,1,0,0,0,0,0,1,1,0
"3047953",0,0,0,0,2,0,0,0,0,0,1,0,0,1,0,0,0,0,2,0,0,0,0,0
"3048148",2,0,0,0,0,0,0,0,0,0,0,0,0,0,0,0,0,0,0,0,0,0,0,0
"3048150",0,2,0,1,0,2,0,2,0,0,0,1,1,0,0,0,0,0,1,0,0,0,0,1
"3048165",0,0,0,0,0,0,0,2,0,0,0,1,0,0,0,0,0,0,0,0,0,0,0,0
"3048168",0,0,0,0,0,0,0,1,0,0,0,2,0,0,0,0,0,0,0,0,0,0,0,1
"3048175",0,0,0,0,0,0,0,0,0,0,1,0,0,0,0,0,2,1,0,0,0,0,0,0
"3048192",0,2,0,0,0,0,1,1,2,0,0,0,0,0,0,0,0,0,1,0,0,0,0,0
"3048204",0,0,0,0,0,1,0,1,0,0,0,1,0,0,1,0,2,0,0,0,1,0,0,0
"3048221",1,0,0,1,0,0,0,2,0,0,0,0,0,0,0,0,0,0,0,0,0,0,0,1
"3048235",0,0,1,0,0,1,0,0,2,0,0,0,0,0,0,0,0,1,1,0,0,0,1,2
"3048266",0,1,1,0,2,0,0,2,0,0,1,0,1,2,0,0,0,0,0,0,0,1,2,0
"3048273",0,2,0,0,0,0,0,0,0,0,0,0,0,0,0,0,0,0,0,0,0,0,0,0
"3048276",0,1,1,0,0,2,1,0,1,1,1,0,0,1,0,0,0,0,0,1,0,0,0,2
"3048283",0,0,2,0,0,0,0,0,0,0,0,0,0,0,0,0,0,0,0,0,0,0,0,0
"3048331",0,0,0,2,0,0,0,0,0,0,0,0,0,0,0,0,0,0,0,0,0,0,0,1
"3048337",1,1,0,0,0,0,1,0,0,0,0,0,1,0,1,0,0,0,1,1,2,0,0,0
"3048364",0,0,0,0,0,0,0,0,0,0,0,0,0,0,0,0,0,0,0,0,0,0,0,2
"3048365",0,1,0,0,0,0,0,0,0,1,0,2,0,1,0,0,1,1,0,0,1,0,0,0
"3048375",0,1,0,0,0,1,0,0,0,0,0,0,2,0,0,0,0,0,0,0,0,0,0,0
"3048414",0,0,0,0,0,0,0,0,0,0,0,0,0,0,0,0,0,0,0,0,0,2,0,0
"3048416",0,0,0,0,0,0,0,0,0,0,1,0,0,0,0,0,2,0,0,0,0,0,0,0
"3048428",0,0,0,0,0,0,0,0,0,0,0,2,0,0,0,1,0,0,0,0,0,0,0,0
"3048442",0,0,0,0,0,1,0,0,0,0,0,1,0,0,0,2,0,1,0,0,2,0,0,0
"3048446",0,2,0,0,0,0,0,1,0,0,0,0,0,0,0,0,0,0,0,0,0,0,0,0
"3049954",2,1,0,0,0,2,0,0,0,2,0,0,0,0,0,0,0,0,0,0,0,0,0,0
"3050134",0,0,0,0,0,0,0,1,0,1,0,0,0,0,0,0,0,0,0,2,0,0,0,0
"3050135",0,1,1,0,0,1,1,0,0,0,0,0,0,2,0,0,0,0,0,0,0,1,0,0
"3050247",2,0,0,0,0,0,0,0,1,0,0,0,0,0,1,0,0,0,0,0,0,0,0,0
"3050248",0,0,2,0,1,0,0,0,0,0,0,0,0,0,0,0,0,1,0,0,0,0,0,0
"3050253",0,0,0,0,0,0,0,0,0,0,0,0,0,2,0,0,0,0,0,0,0,0,0,0
"3050257",0,0,0,2,2,1,0,2,0,2,0,0,0,0,2,0,0,0,0,0,0,1,0,0
"3050268",0,0,0,0,0,2,0,0,0,0,0,0,0,0,0,0,0,0,0,0,0,0,1,0
"3050279",0,0,1,0,0,2,0,0,0,2,0,1,0,0,0,0,0,0,0,1,0,0,0,0
"3050280",0,0,0,1,1,0,0,0,0,2,0,2,0,2,0,0,1,2,0,0,0,0,0,0
"3050287",2,1,0,0,0,0,0,0,0,1,0,1,0,0,0,0,1,0,0,0,0,0,0,0
"3050290",0,0,0,0,1,1,0,0,1,1,0,0,0,0,0,1,0,1,0,0,2,0,0,0
"3050296",1,0,0,0,0,1,0,0,0,0,0,0,1,0,0,2,0,0,0,0,0,0,2,2
"3050312",2,0,2,1,1,0,1,1,2,2,1,2,1,0,0,1,2,1,2,1,0,0,0,1
"3050327",0,0,0,0,0,0,2,1,0,1,0,1,0,0,0,0,0,0,0,0,1,0,0,1
"3050350",0,0,1,2,1,0,0,1,0,0,0,0,0,0,0,0,0,0,0,0,0,0,0,0
"3050357",0,0,2,0,0,0,0,0,0,0,0,0,0,0,0,0,0,0,0,0,0,0,0,0
"3050360",0,0,0,1,0,1,1,0,0,0,0,2,1,0,0,0,2,0,1,1,0,1,0,0
"3051117",2,0,0,0,0,2,0,0,0,0,0,0,0,0,0,0,0,0,0,1,0,0,0,1
"3051118",0,0,0,0,0,2,0,0,0,0,0,0,0,0,0,0,0,0,0,0,0,0,0,0
"3051375",0,0,1,0,0,0,0,0,0,0,0,0,0,0,0,0,0,0,0,2,0,0,0,0
"3051378",0,0,0,0,0,0,0,0,0,0,2,0,0,0,0,0,0,0,0,0,0,0,0,0
"3051616",2,0,0,0,0,0,0,0,0,0,0,0,0,2,0,0,0,0,0,0,0,1,0,0
"3051619",0,0,0,0,0,1,0,1,0,0,0,0,0,0,0,0,0,0,0,0,0,2,0,0
"3051998",1,0,1,1,0,0,1,0,0,0,0,0,2,2,0,0,0,0,0,0,0,0,1,2
"3052037",0,0,0,2,0,0,0,0,0,0,0,0,0,0,0,0,0,0,0,0,0,0,0,0
"3052114",0,0,0,0,0,0,0,0,0,0,0,0,0,2,0,0,0,0,0,0,0,0,0,0
"3052115",0,0,0,0,0,0,0,2,0,0,0,0,0,0,0,0,0,0,0,0,0,0,0,0
"3052187",0,2,0,1,0,0,0,0,0,0,0,0,0,0,0,0,0,0,0,0,0,2,1,2
"3052229",0,0,0,0,1,1,0,0,0,0,0,0,2,0,0,0,0,0,0,0,0,0,0,0
"3052274",0,0,0,2,0,0,0,0,0,0,0,0,0,0,0,0,0,0,0,0,0,0,0,0
"3052279",0,2,0,0,1,0,0,0,0,0,1,0,0,1,0,0,2,0,0,0,2,0,1,0
"3052298",0,0,2,0,0,0,0,0,0,0,0,0,0,0,0,0,0,0,0,0,0,0,0,0
"3052314",1,0,0,0,0,0,0,2,0,0,0,0,0,0,0,0,0,0,0,0,0,0,0,0
"3052336",0,2,0,0,0,0,0,0,0,0,0,0,0,0,0,0,0,0,1,0,0,1,0,0
"3052343",0,0,1,0,0,0,0,1,0,0,0,2,1,0,0,0,0,0,0,0,0,0,0,0
"3052356",0,0,0,0,1,0,0,0,2,0,0,0,0,0,1,0,0,0,0,0,0,0,0,0
"3052362",2,0,0,0,0,0,0,0,0,0,0,0,0,0,0,0,0,0,0,0,0,0,0,0
"3052378",0,0,0,0,0,0,0,0,0,0,0,0,0,0,0,2,0,0,1,0,0,0,0,0
"3052417",0,0,0,0,0,0,0,0,0,0,0,0,0,0,0,0,0,0,0,2,0,0,0,0
"3052442",0,2,0,0,0,0,0,0,0,0,0,0,0,0,0,0,0,0,0,0,0,0,0,0
"3052459",0,0,0,0,0,0,0,0,0,0,0,0,0,2,0,0,0,0,0,0,0,0,0,0
"3052468",0,0,0,0,2,0,0,0,0,0,0,0,0,0,0,0,0,0,0,0,0,0,0,0
"3052498",0,1,0,1,2,1,0,0,0,0,0,0,0,0,0,0,1,0,0,1,1,1,0,0
"3052513",0,0,0,0,0,0,0,0,0,0,0,0,0,0,0,0,0,0,0,2,0,0,0,0
"3052522",0,0,0,0,0,0,0,0,0,0,0,0,0,0,0,0,2,0,0,0,0,0,0,0
"3052548",0,0,0,1,2,0,0,0,0,0,0,0,1,0,0,0,0,0,0,1,0,0,0,0
"3052577",2,0,0,0,0,0,0,0,0,0,0,0,0,0,0,1,0,0,0,0,0,0,0,0
"3052582",0,0,0,0,0,0,0,0,0,0,0,0,0,0,0,0,0,0,0,0,0,0,2,0
"3052596",0,0,0,1,0,0,1,2,0,0,2,0,0,0,1,0,0,0,0,0,0,0,0,0
"3052604",0,1,0,0,0,0,0,0,0,0,0,0,0,0,0,2,0,0,1,2,0,0,0,0
"3052609",0,0,0,0,0,1,1,0,0,0,0,0,0,0,0,0,0,1,0,0,2,0,0,0
"3052626",0,0,0,0,0,0,1,2,0,0,0,0,0,0,0,0,0,0,0,0,0,0,0,0
"3052628",0,0,0,0,0,0,0,0,0,0,0,0,0,0,2,0,0,0,0,0,0,0,0,0
"3052639",0,0,0,0,0,0,0,0,0,0,0,0,0,2,0,0,0,0,0,0,0,0,0,0
"3052720",0,0,0,0,0,0,0,0,0,0,0,0,0,0,0,0,0,0,0,0,0,0,0,2
"3052726",0,0,0,0,0,0,0,0,0,0,0,2,0,0,0,0,0,0,0,0,0,0,0,0
"3052748",0,0,0,0,0,0,0,0,2,0,0,0,0,0,0,0,0,0,0,0,0,0,0,0
"3052769",0,0,0,0,0,0,0,0,0,2,0,0,0,0,0,0,0,0,0,0,0,0,0,0
"3052805",2,1,0,1,0,0,0,0,0,2,0,0,0,0,0,0,0,0,0,0,0,0,0,0
"3052812",1,0,0,0,2,0,0,0,0,0,0,1,0,1,0,0,0,0,0,0,0,0,0,0
"3052816",0,0,0,0,0,0,0,0,0,2,0,0,0,0,0,0,0,0,0,0,0,0,0,0
"3053610",0,0,1,0,0,0,0,0,1,0,1,0,0,0,0,0,0,0,2,0,0,0,0,0
"3059731",0,1,1,0,0,0,0,0,1,1,0,0,0,0,0,2,2,0,2,0,0,0,0,0
"3060014",1,0,0,0,1,0,0,0,0,0,0,0,0,0,0,0,0,0,0,0,0,2,0,0
"3060048",0,0,2,0,0,0,0,0,0,0,0,0,0,0,0,0,0,0,0,0,0,0,0,2
"3060068",0,0,0,0,0,1,0,0,0,0,1,0,1,0,0,0,0,0,2,0,0,0,0,0
"3060549",0,0,0,0,0,0,0,0,0,0,0,0,0,0,0,0,2,0,0,0,0,0,0,1
"3060633",0,1,0,0,0,1,0,1,0,0,0,1,0,0,0,0,0,2,0,0,0,0,0,0
"3060824",0,0,0,0,0,2,0,0,0,0,0,0,1,0,0,0,0,0,0,0,0,0,0,0
"307461",0,1,0,0,0,0,0,0,0,0,0,0,0,1,0,0,2,0,0,0,1,0,0,0
"3075582",0,0,1,0,1,0,0,0,0,0,1,0,0,0,0,0,2,0,0,0,0,0,0,0
"3075583",0,0,0,0,0,0,0,0,0,0,0,2,0,0,0,0,0,0,0,0,0,0,0,0
"311229",0,1,0,0,0,0,0,2,0,0,0,0,0,0,0,0,0,0,0,0,0,0,0,0
"312185",0,0,0,0,0,0,0,0,0,0,0,0,0,0,0,0,0,0,2,0,0,0,0,0
"312532",0,0,0,0,1,0,0,0,2,0,1,0,0,0,1,0,0,0,0,0,0,0,0,0
"31658",0,0,0,0,0,0,0,0,0,0,0,0,0,0,0,0,0,0,0,2,0,0,0,0
"325455",0,0,0,0,0,0,0,0,0,2,0,0,0,0,0,0,0,0,0,0,0,0,0,0
"325775",0,0,2,0,0,0,0,0,0,0,0,0,0,0,0,0,0,0,0,0,0,0,0,0
"32625",0,0,0,0,0,0,0,0,0,0,0,0,0,0,0,0,0,2,0,0,0,0,0,0
"329381",0,0,0,0,0,0,0,0,0,0,0,0,0,0,0,0,0,0,0,0,0,0,2,0
"33763",0,0,0,0,0,0,0,0,0,2,0,0,0,0,0,0,0,0,0,0,0,0,0,2
"340016",0,0,0,0,0,0,0,0,0,0,0,0,0,0,0,0,0,0,2,0,0,0,0,0
"345195",1,0,0,0,0,0,0,0,0,0,0,0,1,0,2,1,0,0,0,1,0,0,0,1
"345198",0,0,0,0,0,0,0,0,0,0,0,0,0,2,0,0,2,0,0,0,0,0,0,0
"346882",0,0,0,0,0,0,0,0,0,0,0,0,0,0,0,2,0,0,0,0,0,0,0,0
"346883",1,2,0,0,0,0,0,0,0,0,0,0,0,0,0,0,0,0,0,0,0,2,0,0
"351073",0,2,0,0,0,0,0,0,2,0,0,0,0,1,0,0,0,0,2,0,0,0,0,0
"362830",2,0,0,0,0,2,0,0,0,0,0,0,0,0,0,1,1,2,0,0,0,0,0,0
"36343",0,0,0,0,0,0,0,0,0,2,0,0,0,0,0,0,0,0,0,0,0,0,0,0
"36344",1,1,0,0,0,0,2,0,0,1,0,0,0,0,2,1,0,0,2,1,0,0,0,0
"37206",0,0,0,0,0,0,0,0,0,0,0,0,0,0,0,0,0,2,0,0,0,0,0,2
"373398",0,2,0,0,0,0,0,0,0,0,0,0,0,0,0,0,0,0,0,0,0,0,0,0
"373408",0,0,0,0,0,0,0,0,2,1,0,0,0,0,0,0,0,1,0,0,0,1,0,0
"37694",0,0,0,0,0,0,0,2,0,0,0,0,0,0,0,0,0,0,0,0,0,0,0,0
"382962",1,0,0,0,0,0,0,1,1,1,1,0,0,1,2,0,0,0,0,0,0,1,0,1
"38322",0,1,1,1,0,0,2,1,0,0,1,1,0,1,0,0,0,1,0,0,1,1,0,1
"38804",0,0,0,0,0,0,0,0,0,2,1,0,2,0,0,0,0,0,0,0,0,0,1,0
"388452",1,1,0,0,0,1,0,0,0,0,2,0,0,0,0,0,0,0,2,1,0,0,0,0
"391912",0,0,0,0,0,1,0,0,0,0,0,1,0,0,2,0,0,0,0,0,0,0,1,0
"39444",0,0,0,0,0,1,0,0,0,1,0,1,1,0,0,1,0,0,0,0,2,0,0,0
"39720",0,0,0,0,0,0,0,0,0,0,0,2,0,0,1,0,0,0,0,0,0,0,0,0
"40053",0,0,1,2,0,0,0,0,0,0,0,1,0,0,0,0,0,0,1,0,0,0,0,0
"40056",1,0,0,0,0,0,0,0,0,0,1,0,0,0,0,0,2,0,0,0,0,0,0,0
"40067",1,0,0,0,0,1,0,0,1,1,1,0,0,0,0,1,0,0,1,2,0,2,1,2
"40121",0,0,0,0,0,0,0,0,0,0,0,0,0,0,0,0,0,0,0,0,0,2,0,1
"40270",0,0,0,0,0,0,0,0,0,0,0,0,0,0,0,0,0,0,0,2,0,0,0,0
"40523",2,0,0,0,0,0,0,0,0,0,0,0,0,0,0,0,0,0,0,0,0,0,0,0
"405554",0,0,0,0,0,0,0,0,1,0,2,0,0,0,0,0,0,0,0,0,0,0,0,0
"419435",0,1,0,0,1,0,1,0,0,0,0,0,0,0,0,0,0,0,0,0,2,0,1,2
"424679",0,0,0,0,2,0,0,0,0,0,0,0,0,0,0,0,0,0,0,0,0,0,0,0
"43761",0,0,0,0,0,0,0,0,0,0,0,0,0,0,0,0,2,0,0,0,0,0,0,0
"43764",0,0,0,0,1,0,0,0,0,0,0,0,0,1,0,0,0,1,0,0,0,2,0,0
"447909",0,0,0,0,0,0,0,0,1,0,0,0,0,0,0,0,0,0,0,0,0,0,0,2
"449719",0,0,0,0,0,0,0,0,0,0,0,0,0,0,0,0,0,0,0,0,0,0,2,0
"452803",2,0,0,1,1,0,1,2,0,1,0,1,0,0,0,0,0,0,0,1,0,0,0,1
"452804",1,1,0,0,0,0,0,0,0,0,0,0,1,0,0,0,0,0,2,0,0,0,0,0
"47589",0,2,1,0,2,1,0,2,1,0,0,1,0,1,1,2,0,0,0,2,0,0,2,1
"478174",0,0,1,0,2,2,0,1,1,0,0,2,1,0,0,0,1,0,0,0,0,1,0,1
"47985",0,2,0,0,0,0,0,0,0,0,0,0,0,0,0,0,0,0,0,0,0,0,0,0
"49118",0,2,0,0,0,1,0,0,0,1,1,0,0,1,0,0,1,0,0,0,0,0,0,1
"512792",0,0,0,0,0,0,0,0,2,0,0,0,0,0,0,0,0,0,0,0,0,0,0,0
"518693",0,0,0,0,1,0,0,0,0,0,0,0,0,0,0,0,0,0,2,0,0,0,0,0
"519497",0,0,0,0,0,0,0,0,0,0,0,0,0,0,0,0,0,0,0,0,0,0,0,2
"52979",0,2,0,0,0,0,0,0,0,0,0,0,0,0,0,0,0,0,0,0,0,0,0,0
"53988",0,0,1,0,0,0,1,0,1,0,1,0,0,0,0,1,0,0,2,0,1,0,0,0
"540070",0,0,0,1,2,0,0,0,1,0,0,0,0,0,1,0,0,0,0,0,0,0,1,0
"546184",0,0,0,2,0,0,0,0,0,0,0,0,0,0,1,0,0,0,0,0,2,1,0,0
"548688",0,0,0,0,0,1,0,0,0,1,0,2,2,0,0,0,1,0,0,0,0,0,0,0
"55510",1,0,0,0,1,1,1,0,0,0,0,0,0,2,0,0,0,0,0,0,0,0,0,0
"558017",1,1,1,2,0,0,2,1,0,2,0,1,1,1,0,2,0,0,0,0,1,2,2,1
"563119",0,0,0,2,0,0,0,0,0,0,0,0,0,1,0,0,0,0,0,0,0,0,0,0
"563122",1,1,0,0,2,0,0,1,0,0,0,1,0,0,0,0,0,0,0,0,0,0,0,0
"573172",0,0,0,0,0,0,0,0,0,0,0,0,0,0,0,0,1,0,1,0,2,0,0,0
"574549",0,0,1,0,0,0,0,0,0,0,0,0,2,0,0,0,0,0,0,0,0,0,0,0
"583319",0,0,0,0,1,2,0,0,0,0,0,1,0,0,0,0,0,1,0,0,0,0,0,0
"592146",0,1,0,0,0,0,2,0,2,0,0,0,0,0,0,0,0,0,0,0,0,1,0,0
"59241",0,0,1,0,0,0,1,0,1,0,0,0,0,0,0,0,0,0,2,0,0,0,0,0
"59509",0,0,0,0,0,0,0,0,0,0,0,0,2,0,2,0,0,0,0,0,0,1,0,0
"61644",0,0,0,0,0,0,0,2,0,0,0,1,0,1,2,0,0,0,0,0,0,0,0,0
"642926",0,0,1,0,0,0,0,0,0,0,2,0,0,0,0,0,0,0,0,0,0,0,0,0
"646413",0,0,0,0,0,0,0,0,0,0,0,2,0,0,0,0,0,0,0,0,0,0,0,0
"647",1,1,1,1,0,0,0,0,0,1,0,0,0,1,0,0,0,0,0,2,0,1,0,0
"648691",0,0,0,0,0,0,0,0,0,2,0,0,0,0,0,1,0,0,0,0,0,0,0,0
"657339",0,0,1,0,0,0,0,0,2,0,0,0,0,1,1,0,0,0,0,0,0,0,0,1
"658401",1,0,0,0,0,0,0,0,0,0,1,1,0,0,1,1,0,0,0,0,2,0,0,0
"664980",0,0,0,0,0,2,0,0,0,0,0,0,0,0,0,0,0,0,0,0,1,0,0,0
"669041",1,0,0,2,0,2,0,0,0,0,0,2,0,0,0,0,0,0,1,0,0,0,0,0
"67082",2,1,1,0,0,0,0,1,0,0,0,0,0,0,1,1,0,0,0,0,1,2,1,0
"67762",0,0,0,0,0,0,0,0,0,0,0,0,0,0,2,0,0,0,0,0,0,0,0,0
"67962",0,0,0,0,2,0,0,0,0,0,0,0,0,0,0,0,0,0,0,0,0,0,0,0
"687331",0,0,0,0,1,0,0,0,0,0,0,0,0,0,0,0,0,0,0,0,0,0,2,0
"687351",0,2,0,0,0,1,0,0,0,1,0,0,0,0,0,0,1,0,0,0,0,0,0,0
"688437",0,0,0,0,0,0,2,0,0,0,0,0,0,0,0,0,0,0,0,0,0,0,0,0
"691958",2,2,0,0,0,0,0,0,1,0,1,0,0,0,1,0,0,0,0,1,0,0,2,0
"693628",0,0,0,0,0,0,0,0,0,0,0,0,2,0,0,1,0,0,0,0,0,0,0,0
"694006",0,0,0,0,0,0,0,0,0,0,0,0,0,0,0,0,0,0,0,0,0,0,0,2
"694014",0,0,0,0,0,0,0,0,0,0,0,0,1,0,0,0,0,0,0,0,0,0,0,2
"699370",0,0,0,0,0,0,0,0,0,0,0,0,0,0,2,0,1,0,0,0,0,0,0,0
"72149",0,0,1,0,0,0,0,2,0,0,0,0,0,0,0,0,0,0,0,0,0,0,0,0
"722418",0,0,0,0,0,0,0,0,1,0,0,0,2,0,0,0,0,0,0,1,0,0,0,0
"740971",0,0,0,2,0,1,0,0,0,0,1,0,1,0,0,0,0,0,0,0,0,0,0,0
"745774",2,0,0,0,2,0,0,0,0,1,0,2,0,0,1,0,0,0,0,0,0,1,0,0
"747457",0,1,1,0,0,0,0,0,0,0,0,1,0,2,0,1,1,0,0,0,0,0,1,2
"754048",0,0,0,0,0,0,0,0,0,0,0,0,0,0,0,0,0,0,0,1,2,0,0,0
"754058",0,1,1,0,0,0,0,0,0,0,2,0,0,0,1,0,0,0,0,1,0,2,0,0
"754064",0,2,0,0,0,0,0,0,0,0,0,0,0,0,0,0,0,0,0,0,0,0,0,0
"754074",0,2,0,0,0,0,0,0,0,0,0,0,0,0,0,0,0,0,0,0,0,0,0,0
"756275",1,0,1,0,0,0,1,0,0,0,0,0,0,0,2,0,0,0,0,0,1,0,0,0
"762660",0,0,0,0,0,0,0,0,0,0,0,0,0,1,0,2,0,0,0,0,0,0,0,0
"762906",0,0,0,2,0,0,0,2,0,0,0,0,0,0,0,0,1,0,0,0,0,0,0,0
"768490",0,0,0,2,0,0,0,1,0,0,0,0,0,0,0,0,0,0,0,1,0,1,0,0
"77551",0,1,0,0,0,2,0,1,0,0,0,0,2,0,0,0,1,0,0,0,1,0,0,2
"79264",0,2,1,0,0,0,0,0,0,0,1,0,0,0,0,0,0,0,0,0,0,0,0,0
"80849",0,1,0,0,0,0,0,1,0,0,0,0,2,0,1,0,0,0,0,1,0,2,1,0
"83617",0,0,2,0,0,1,1,0,0,0,2,0,1,0,1,0,0,0,1,0,0,0,0,0
"862943",0,0,0,0,0,0,0,0,0,0,0,0,0,0,0,0,0,0,2,0,0,0,0,0
"864336",0,0,0,1,0,0,0,0,0,0,0,0,0,0,0,0,0,0,0,0,1,0,0,2
"888437",0,0,0,0,1,0,0,0,0,0,0,0,0,1,1,1,0,0,2,0,0,1,0,0
"907197",0,0,2,0,2,1,0,1,0,0,0,1,0,0,1,0,0,1,0,0,0,1,0,0
"926474",0,0,1,2,0,0,0,0,0,0,0,0,0,1,0,0,0,0,0,0,0,0,0,0
"929834",0,1,2,0,0,1,0,0,0,0,0,0,0,0,2,1,0,0,0,0,0,0,2,0
"929835",0,0,0,0,0,0,0,0,0,0,0,0,2,0,0,0,0,0,0,0,0,0,0,0
"934027",2,0,2,0,0,0,0,0,0,0,0,0,0,0,0,0,0,0,0,0,0,0,0,0
"937809",0,0,0,0,0,0,2,0,0,0,0,0,0,0,0,0,0,0,0,0,0,0,0,0
"939923",0,0,1,0,0,0,0,2,0,2,1,0,0,1,0,0,0,0,0,0,0,2,1,0
"945960",0,0,0,0,0,0,0,0,0,0,1,0,0,0,0,0,0,0,0,2,2,0,0,2
"97195",0,0,0,0,2,1,0,0,0,0,2,0,0,1,0,1,0,1,0,0,0,0,0,0
"99000",0,0,0,0,2,0,0,0,1,0,0,0,0,0,0,0,0,0,1,0,0,0,1,0
"990144",0,0,2,1,0,0,0,0,0,2,0,0,0,1,0,0,0,0,0,0,0,0,0,1
"998845",0,0,0,0,0,0,0,0,0,2,0,0,0,0,0,0,0,0,0,0,0,0,0,0
"100379",0,0,0,0,0,0,0,0,0,0,0,0,0,0,0,0,0,0,0,0,0,1,0,0
"10243",0,0,0,0,0,0,0,0,1,0,0,0,0,0,0,0,0,0,0,0,0,0,0,0
"10244",0,0,0,0,0,0,0,0,0,1,0,0,0,0,0,0,0,1,0,0,0,0,0,1
"10271",0,0,0,1,0,0,0,0,0,0,0,0,0,0,0,0,0,0,0,0,0,0,0,0
"1027468",0,0,0,0,0,0,0,0,0,0,0,0,1,0,0,0,0,0,0,1,0,0,0,0
"1027880",0,0,0,0,0,0,0,0,0,0,0,0,0,0,0,0,0,0,1,0,0,0,0,0
"1028414",0,1,0,0,0,0,0,0,1,0,0,0,0,0,0,0,0,0,1,0,1,1,0,0
"10286",0,0,0,0,0,1,0,0,0,0,0,1,0,0,0,0,0,1,1,0,0,0,0,1
"10288",0,0,0,0,0,0,0,0,0,0,0,0,0,0,1,0,0,0,0,0,0,0,0,1
"1032893",0,0,0,0,0,1,0,0,0,0,0,0,0,0,0,0,0,1,0,1,0,0,0,0
"1034100",0,0,0,0,0,0,0,0,0,0,1,0,1,0,0,0,0,1,0,0,0,0,0,0
"1034101",0,0,0,0,0,0,0,0,0,0,0,1,0,0,0,0,0,1,0,0,0,0,0,0
"1034107",0,0,0,0,0,0,0,0,0,0,0,0,1,0,1,0,0,0,1,0,0,0,0,1
"1034137",0,0,1,0,0,0,0,0,0,0,0,0,0,0,0,0,0,0,0,0,0,0,0,0
"1034140",0,0,1,0,0,0,0,0,0,0,0,0,0,0,0,0,0,0,0,0,0,0,0,0
"1034377",0,0,0,0,0,0,0,0,1,0,0,0,0,0,0,0,0,0,0,0,0,0,0,0
"1035662",0,0,0,0,0,0,0,0,0,0,0,0,0,0,0,0,0,0,1,0,0,0,0,0
"103723",0,0,0,0,0,0,0,0,0,0,0,0,0,0,0,0,0,0,0,1,0,0,0,0
"10406",0,0,0,0,0,0,1,0,0,0,0,0,0,0,0,0,0,0,0,0,0,0,0,0
"1041406",0,0,0,0,1,0,0,0,0,0,0,0,0,0,0,0,0,0,0,0,0,0,0,0
"1041806",0,0,0,0,0,0,0,0,0,0,0,0,0,0,0,0,0,0,0,1,0,0,0,0
"1041831",0,0,0,0,0,0,0,0,0,0,0,1,1,0,0,0,0,0,0,0,0,0,0,0
"1041883",0,0,1,0,0,0,0,0,0,0,0,0,0,0,0,0,0,0,0,0,0,0,0,0
"1043184",0,0,0,0,0,0,1,0,0,0,0,0,0,0,0,0,0,0,0,0,0,0,0,0
"104581",0,0,0,0,1,0,0,0,0,1,0,0,0,0,0,0,0,0,0,0,0,0,0,0
"1046402",1,0,0,0,0,0,0,0,0,0,0,0,0,1,1,0,0,0,0,0,0,0,0,0
"104664",0,0,0,0,0,0,0,0,0,0,0,0,0,0,0,1,0,0,0,0,0,0,0,0
"10491",0,0,0,0,1,0,0,0,0,0,0,1,0,0,0,0,0,0,0,0,0,0,0,0
"10494",0,0,0,0,0,1,0,0,0,0,0,0,0,0,0,0,0,0,0,0,0,0,0,0
"10508",0,0,0,0,0,0,0,0,0,1,0,0,0,0,0,0,0,0,0,0,0,0,0,0
"10537",0,0,0,0,0,1,0,0,0,0,0,0,0,0,0,0,0,0,0,0,0,0,0,0
"1070990",1,0,0,0,0,0,0,0,0,0,0,0,0,0,0,0,0,0,0,0,0,1,0,0
"10726",1,0,0,0,0,0,0,0,0,0,0,0,0,0,0,0,0,0,0,0,0,0,0,1
"1074044",0,0,0,0,0,0,0,0,0,1,1,0,1,0,0,0,0,0,0,0,0,0,0,0
"1074213",0,0,0,0,0,0,0,0,0,0,0,1,0,0,0,0,0,0,0,0,0,0,0,0
"1074214",0,0,0,0,0,0,0,0,0,0,1,0,0,0,0,0,0,0,0,0,0,0,0,0
"1074865",0,0,0,0,0,0,0,0,0,0,0,0,0,0,0,0,0,1,0,0,0,0,0,0
"107804",0,0,0,0,0,0,1,0,0,0,0,0,0,0,0,0,0,0,0,0,0,0,0,0
"1080799",0,0,0,0,0,0,0,0,0,0,0,0,0,0,0,0,0,0,0,0,1,0,0,0
"10817",0,0,0,0,0,0,0,0,0,0,0,0,0,0,0,1,0,0,0,0,0,0,0,0
"10825",0,0,0,0,0,0,0,0,0,0,0,0,0,0,0,0,0,0,0,0,0,0,0,1
"1087068",1,0,0,0,0,0,0,0,0,0,0,0,0,0,0,0,0,1,0,0,0,0,0,0
"10879",0,0,0,1,0,0,0,0,0,0,0,0,0,0,1,0,0,0,0,0,0,1,0,0
"1088890",1,0,0,0,0,0,0,0,0,0,0,0,1,0,0,0,1,0,0,0,1,0,0,0
"1089110",0,1,0,0,0,0,0,0,0,0,0,0,0,0,0,0,0,0,0,0,0,0,0,0
"1089119",0,1,0,0,0,0,0,0,0,0,0,0,0,0,0,0,0,0,0,0,0,0,0,0
"109663",0,0,0,0,0,1,0,0,0,0,0,0,0,0,0,0,0,0,0,0,0,0,0,0
"1097752",0,0,0,0,0,0,0,1,0,0,0,0,0,0,0,0,0,0,0,0,0,0,0,0
"10986",0,0,0,0,0,0,0,1,0,0,0,0,0,0,0,0,0,0,0,0,0,1,0,0
"10987",0,0,0,0,0,0,0,0,0,0,0,0,0,0,0,0,0,0,0,0,1,0,0,0
"10989",0,0,0,0,0,1,0,0,0,0,0,0,0,0,0,0,0,0,0,0,0,0,0,0
"11019",0,0,0,0,0,0,0,0,0,0,0,0,0,0,0,0,0,0,1,0,0,0,0,0
"11020",0,0,1,0,0,0,0,0,0,0,0,1,0,0,0,0,0,0,0,0,0,0,0,0
"11029",0,0,0,0,0,1,0,0,0,0,0,0,0,0,0,0,0,0,0,0,0,0,0,0
"11034",1,0,0,0,0,0,0,0,0,0,0,0,0,0,0,0,0,0,0,0,0,0,0,0
"1105171",0,0,0,0,0,0,0,0,1,0,0,0,0,0,0,0,0,0,0,0,0,0,0,0
"1108070",0,0,1,1,0,0,0,0,0,0,0,0,0,0,0,0,0,0,0,0,0,0,1,0
"1112770",1,0,0,0,0,0,0,0,0,0,0,0,0,0,0,0,0,0,0,0,0,0,0,0
"1115696",0,0,0,0,0,1,0,0,0,0,0,0,0,0,0,0,0,0,0,0,0,0,1,1
"111970",0,1,0,0,0,0,0,0,0,0,0,0,0,1,0,0,0,0,0,1,0,0,0,0
"112227",0,0,0,0,0,0,0,0,0,1,0,0,0,0,0,0,0,1,0,0,0,0,0,0
"112228",0,0,1,0,0,0,0,0,0,0,0,0,0,0,0,0,0,0,0,0,0,0,0,0
"1123964",1,1,0,0,0,0,0,0,0,0,0,0,0,0,0,0,1,0,0,0,0,1,0,0
"112436",0,0,0,0,0,0,0,0,0,0,0,0,0,0,0,0,1,0,0,0,0,0,0,0
"1124849",1,1,0,0,0,1,0,0,1,1,1,0,0,1,1,0,0,0,0,0,0,0,0,0
"1126885",0,0,1,0,0,0,0,0,0,0,0,0,0,0,0,0,0,0,1,0,0,0,0,0
"1127515",0,0,0,0,0,0,0,0,0,0,0,0,0,0,0,0,0,0,0,1,0,0,0,0
"1128108",0,0,0,0,0,0,0,0,0,0,0,1,0,0,0,0,0,0,0,0,0,0,0,0
"11292",0,0,0,0,0,0,0,0,0,0,0,0,1,0,0,0,0,0,0,0,0,0,0,0
"1131702",1,0,0,0,0,0,0,0,0,0,0,0,0,0,0,0,0,0,0,0,0,0,0,0
"1133751",1,0,0,0,0,0,0,0,0,0,0,0,0,0,0,0,0,0,0,0,0,1,0,0
"113553",0,0,0,0,0,0,0,0,0,0,0,0,0,1,0,0,0,0,0,0,0,0,0,0
"1141625",0,0,0,0,0,0,0,0,0,0,0,0,0,0,0,0,0,0,0,0,0,0,0,1
"1147137",0,0,0,0,0,0,0,0,0,1,0,0,0,0,0,0,0,0,0,0,0,0,0,0
"1147158",0,0,0,0,0,0,0,0,0,0,0,0,0,0,0,0,0,0,0,0,0,1,0,0
"1148491",0,0,0,0,1,0,0,1,0,0,0,0,0,0,0,0,0,0,0,0,1,0,0,0
"1157337",0,0,0,0,0,1,0,0,0,0,0,0,0,0,0,0,0,0,0,0,0,0,0,0
"1159908",0,0,0,0,0,0,0,0,0,0,0,0,0,0,0,0,0,0,1,0,0,0,0,0
"1161132",0,0,0,0,1,0,0,0,0,0,0,0,0,0,0,0,0,0,0,0,0,0,0,0
"1161906",0,0,0,0,0,0,0,0,1,0,1,0,0,0,0,0,0,0,0,0,0,0,0,0
"1162280",0,0,0,0,0,0,0,0,0,0,0,1,0,0,0,0,0,0,0,0,0,0,0,0
"1163537",0,0,0,0,0,0,0,0,0,0,0,0,0,0,0,1,0,0,0,1,0,0,0,0
"11660",0,0,0,0,0,0,0,0,0,0,0,0,0,0,0,1,0,0,0,0,0,0,0,0
"11663",0,0,0,1,0,0,0,0,0,0,0,0,0,0,0,0,0,0,0,0,0,0,0,0
"117198",0,0,0,0,0,0,0,0,0,0,0,0,0,1,0,0,0,0,0,0,0,0,0,0
"1172985",0,1,0,0,0,0,0,0,0,0,0,0,0,0,0,0,0,0,0,0,0,0,0,0
"1173297",0,1,1,1,0,1,0,0,0,0,0,0,0,0,0,0,0,0,0,0,0,0,0,0
"1175848",0,0,1,0,0,0,0,0,0,0,0,0,0,0,0,0,0,0,0,0,0,0,0,0
"1175849",0,0,0,0,0,0,0,0,0,1,0,0,0,0,0,0,0,0,0,0,0,0,0,0
"1176422",0,0,0,0,0,0,0,1,0,0,0,0,0,0,0,0,0,0,0,0,0,0,0,0
"1177214",0,0,0,0,0,0,0,0,0,0,0,0,0,0,0,0,0,0,1,0,0,0,0,0
"1177751",0,0,0,0,0,1,0,0,0,0,0,0,0,0,0,0,1,1,0,0,0,0,0,1
"1177757",0,1,0,1,0,0,0,0,0,0,0,0,0,0,0,0,0,0,0,0,0,0,0,0
"1177765",0,0,0,0,0,0,0,0,0,0,0,0,0,0,0,0,0,1,0,0,0,0,0,0
"11788",0,0,0,0,0,0,1,0,0,0,0,0,0,0,0,0,0,0,0,0,0,0,0,0
"118140",0,0,0,0,0,0,0,0,0,0,1,0,0,0,0,0,0,0,0,0,0,0,0,0
"11855",0,0,0,0,0,0,0,0,0,0,0,0,0,0,0,0,1,0,0,0,0,0,0,0
"11864",0,0,0,0,0,0,0,0,0,0,0,0,0,0,0,0,0,0,0,0,0,1,0,0
"1188792",0,0,0,0,0,0,0,1,0,0,0,0,0,0,0,0,0,0,0,0,0,0,0,0
"1188794",0,0,0,0,0,1,0,0,0,0,0,0,0,0,0,0,0,0,0,0,0,0,0,0
"1193712",0,0,1,0,0,1,1,0,0,0,0,0,0,0,0,0,0,0,0,0,0,0,0,0
"1195378",0,1,0,0,0,0,0,0,0,0,0,0,0,0,0,0,0,0,0,0,0,0,0,0
"11958",0,0,0,0,0,0,0,0,0,0,0,0,0,0,1,0,0,0,0,0,0,0,0,0
"11974",0,0,0,0,1,0,0,0,0,0,0,0,0,0,0,0,0,0,0,0,0,0,0,0
"1197733",0,0,0,0,1,0,0,0,0,0,0,0,0,0,0,0,0,0,0,0,0,0,0,0
"1202713",1,0,0,0,0,0,0,0,0,0,0,0,0,0,0,0,0,0,0,0,0,0,0,0
"12045",0,0,0,0,0,0,1,0,0,0,0,0,0,0,0,0,0,0,0,0,0,0,0,0
"1211283",0,0,0,0,0,0,0,0,0,0,0,0,0,0,0,0,0,0,0,1,0,0,0,1
"1211481",0,0,0,0,0,0,0,0,0,0,0,0,0,0,0,0,1,0,0,0,0,0,0,0
"1214459",0,0,0,0,0,0,0,0,0,0,0,0,0,0,0,0,0,1,0,0,0,0,0,0
"12162",0,0,0,0,0,0,0,0,1,0,0,0,0,0,0,0,0,0,0,0,0,0,0,0
"12167",0,0,0,0,0,0,0,0,1,0,0,0,0,0,0,0,0,0,0,0,0,0,0,0
"12169",0,0,0,0,0,0,0,0,0,0,1,0,0,0,0,0,0,0,0,0,0,0,0,0
"1218506",0,0,0,0,0,0,1,0,0,0,0,0,0,0,0,0,0,0,0,0,0,0,0,0
"1218507",0,0,1,0,0,0,0,0,0,0,0,0,0,0,0,0,0,0,0,0,0,0,0,0
"12199",0,0,0,0,0,0,0,0,0,0,0,0,0,0,0,0,0,1,0,0,0,0,0,0
"1220025",0,0,0,1,0,0,0,0,0,0,0,0,0,0,0,0,0,0,0,0,0,0,0,0
"12210",0,0,0,0,1,0,0,0,0,0,0,0,0,0,0,0,0,0,0,0,0,0,0,0
"12215",0,0,0,0,0,0,0,0,0,1,0,0,0,0,0,0,0,0,0,0,0,0,0,0
"12216",0,1,0,1,0,0,0,0,0,0,0,0,0,0,0,0,0,0,0,0,0,0,0,0
"12228",0,0,0,0,0,0,0,0,0,0,0,0,0,0,0,0,0,0,0,0,0,0,0,1
"122291",0,0,0,0,1,0,0,0,0,0,0,0,0,0,0,0,0,0,0,0,0,1,0,0
"12232",1,0,0,0,0,0,0,0,0,0,0,0,0,0,0,0,0,0,0,0,0,0,0,0
"1223260",0,0,0,0,0,0,0,0,0,0,1,0,0,0,0,0,0,0,0,0,0,0,0,0
"1224515",0,0,0,0,0,0,0,0,0,0,0,0,1,0,0,0,0,0,0,0,0,0,0,0
"12253",0,0,0,0,0,0,0,0,0,0,0,0,0,0,0,1,0,0,0,0,0,0,0,0
"1225789",1,0,0,0,0,0,0,0,0,0,0,0,0,0,0,0,0,0,0,0,0,0,0,0
"1225794",0,0,0,0,0,0,0,0,1,0,0,0,0,0,0,0,1,0,0,0,0,0,0,0
"1225861",0,0,0,0,0,0,1,0,0,0,0,0,0,0,0,0,0,0,0,0,0,0,0,0
"12305",0,0,0,0,0,0,0,0,0,0,0,0,0,0,0,0,0,0,1,0,0,0,0,0
"1231903",0,0,0,0,0,1,0,0,0,0,0,0,0,0,0,0,0,0,0,0,0,0,0,0
"1232493",0,0,0,0,0,0,0,0,1,0,0,0,0,0,0,0,0,0,0,0,0,0,0,0
"1233675",0,0,0,0,0,0,0,0,0,0,0,0,0,0,1,0,0,0,0,0,0,0,0,0
"1234888",0,0,0,0,0,0,0,0,0,0,0,0,0,0,0,0,0,0,0,0,1,0,0,0
"1239566",0,0,0,0,0,0,0,0,0,0,0,0,0,0,0,0,0,0,0,0,0,0,1,0
"1239567",0,1,0,0,0,0,0,0,0,0,0,0,0,0,0,0,0,0,0,0,0,0,0,0
"1239573",0,0,0,0,0,1,0,0,0,0,0,0,0,0,0,0,0,0,0,0,0,0,0,0
"12402",0,0,0,1,0,0,0,0,0,0,0,0,0,0,0,0,1,0,0,0,0,0,0,0
"1241370",0,1,0,0,0,0,0,0,0,0,0,0,0,0,0,0,0,0,0,0,0,0,0,0
"12417",1,0,0,0,0,0,0,0,0,0,0,0,0,0,0,0,0,0,0,0,0,0,0,0
"1244203",0,0,0,0,0,0,0,0,0,0,0,0,0,0,0,0,0,0,0,0,0,0,0,1
"1245890",0,0,0,0,0,0,0,0,0,0,0,0,0,0,1,0,0,0,0,0,0,0,0,0
"1247114",0,0,0,0,0,0,0,0,0,0,0,0,0,0,0,0,0,0,0,0,0,1,0,0
"1248330",0,0,0,0,0,0,0,0,0,0,0,0,0,0,0,0,0,0,0,1,0,0,0,0
"12538",0,0,0,0,0,0,0,1,0,0,0,0,0,0,0,0,0,0,0,0,0,0,0,0
"1256869",0,0,0,0,0,0,1,0,0,0,0,0,0,0,0,0,0,0,0,0,0,0,0,0
"1258",0,0,0,0,0,0,1,0,0,0,0,0,0,0,0,0,0,1,1,0,0,0,0,0
"1264898",0,0,0,0,0,0,0,0,1,0,0,0,0,0,0,0,0,0,0,0,0,0,0,0
"1282444",0,0,0,0,0,0,0,0,0,0,0,0,0,0,0,0,0,0,0,1,0,0,0,0
"1282995",0,1,0,0,0,0,0,0,0,0,0,0,0,0,0,0,0,0,1,0,0,0,0,0
"1285598",0,0,0,0,0,0,0,1,0,0,0,0,0,0,0,0,0,0,1,0,0,0,0,1
"129732",0,0,0,0,0,0,0,0,0,0,0,0,0,0,0,0,0,1,0,0,0,1,0,1
"1298633",0,0,0,1,0,0,0,1,0,0,0,1,0,0,0,0,0,0,1,0,0,0,0,0
"129956",0,0,0,0,0,0,0,0,0,0,0,0,0,0,0,0,0,0,1,0,0,0,0,0
"1301279",0,0,0,0,0,0,0,0,1,0,0,0,0,0,0,0,0,0,1,0,0,0,0,0
"1301280",1,0,0,1,1,0,0,0,0,0,0,0,0,0,0,1,0,0,0,0,0,0,0,0
"130309",0,0,1,0,0,0,0,0,1,0,0,0,0,0,0,0,1,0,0,0,0,0,0,0
"1307958",0,0,0,0,0,0,0,0,0,0,0,0,0,0,0,0,0,0,1,0,0,0,0,0
"1308863",0,0,0,0,0,1,0,0,0,0,0,0,0,0,0,0,0,0,0,0,0,0,0,0
"131083",0,0,0,1,0,0,0,0,0,0,0,1,0,0,0,0,0,0,0,0,0,0,0,0
"1312445",0,0,0,0,0,0,0,0,0,0,0,0,0,0,0,0,1,0,0,0,0,0,0,0
"1327771",0,0,0,0,0,0,0,0,1,0,0,0,0,1,0,0,0,0,0,0,0,0,0,0
"1327776",1,1,1,0,0,1,0,0,0,0,0,0,0,0,1,0,0,1,0,0,0,0,0,0
"1327939",0,0,0,0,0,0,0,0,1,0,0,0,0,0,0,0,0,0,0,0,1,0,0,0
"1327940",0,0,0,0,0,0,0,0,0,0,0,0,1,0,0,0,0,0,0,0,0,0,0,0
"1327948",0,0,0,0,0,0,0,0,0,0,0,1,0,1,0,0,0,0,0,1,0,0,0,0
"1329816",0,0,0,1,0,0,0,0,0,0,0,0,0,0,0,0,0,0,0,0,0,0,0,0
"1329836",0,0,0,0,0,0,0,0,0,0,0,0,0,0,0,1,0,1,0,0,0,0,0,0
"1330521",0,0,0,0,1,0,0,0,0,0,0,0,0,0,0,0,0,0,0,0,0,0,0,0
"1330524",0,0,0,0,0,0,0,0,1,0,0,0,0,0,0,0,0,0,0,1,0,0,0,0
"1340708",0,0,0,0,0,0,1,0,0,0,0,1,0,0,0,0,0,0,0,0,0,1,0,0
"1340827",0,0,0,0,0,1,0,0,1,0,0,1,0,1,0,0,0,0,0,0,0,0,0,1
"134374",1,0,0,0,0,0,0,0,0,0,0,0,0,0,0,0,0,0,0,0,0,0,0,0
"1348394",0,0,0,0,0,1,0,0,0,0,0,0,0,0,0,0,0,0,0,0,0,0,0,0
"1354512",0,0,0,0,0,0,0,1,0,0,0,0,0,0,0,0,0,0,0,0,0,0,0,0
"1357669",0,0,0,0,1,0,0,1,0,0,1,0,0,0,0,0,0,0,0,0,0,0,0,0
"1357710",0,0,0,1,0,0,0,0,1,0,0,0,0,0,0,0,0,0,0,0,0,0,0,0
"136084",0,0,1,0,1,0,0,0,0,0,0,0,0,0,0,0,0,0,0,0,0,0,0,0
"136234",1,1,0,0,0,0,0,0,0,0,0,0,0,0,1,0,0,0,0,0,0,0,0,0
"1373",0,0,0,0,0,0,0,1,0,0,0,0,0,0,0,0,0,0,0,0,0,0,0,0
"137758",0,0,0,0,0,0,0,0,0,0,0,0,0,0,0,0,0,0,0,0,0,1,0,0
"1379692",0,0,0,0,0,0,0,0,0,0,0,0,0,0,0,0,0,0,0,0,0,0,0,1
"1379707",0,0,0,0,0,0,0,0,1,0,0,0,0,0,0,0,0,0,0,0,0,0,0,0
"1391190",0,0,0,0,0,0,0,0,0,0,0,0,0,0,0,1,0,1,0,0,0,0,0,0
"1391432",0,0,0,0,0,0,0,0,0,1,0,0,0,0,0,0,0,0,0,0,0,0,0,0
"1391455",0,1,0,1,0,0,0,0,0,0,0,0,0,0,0,0,0,0,0,0,0,0,0,0
"1391746",0,0,0,0,0,0,0,0,0,0,0,0,0,0,0,0,0,0,0,0,1,0,0,0
"139871",0,0,0,0,0,0,0,0,0,0,0,0,0,0,0,1,0,0,0,0,0,0,0,0
"1399967",0,0,0,0,0,0,0,0,0,0,0,0,0,0,0,0,1,0,0,0,0,0,0,0
"1406788",0,0,0,0,0,0,0,0,0,0,0,0,0,0,0,1,0,0,0,0,0,0,0,0
"1406816",0,0,1,0,0,0,0,0,0,0,0,0,0,0,0,0,0,0,0,0,0,0,0,0
"1410467",0,1,0,0,0,0,0,0,0,0,0,0,0,0,0,0,0,0,0,0,0,0,0,0
"1414739",0,0,1,0,0,0,0,0,0,0,0,0,0,0,0,0,0,0,0,0,0,1,0,0
"1416334",0,0,0,0,0,0,0,0,0,0,0,0,0,1,0,0,0,0,0,0,0,0,0,0
"141860",0,0,0,0,0,0,0,0,0,0,1,0,0,0,0,0,0,0,0,0,0,0,0,0
"1425365",0,1,0,0,0,0,0,0,0,0,0,0,0,0,0,0,0,0,0,0,0,0,0,0
"1428763",0,0,1,0,0,0,0,0,0,0,0,0,0,0,0,0,0,0,0,1,0,0,0,0
"1435008",1,0,0,0,0,0,0,0,0,0,0,0,0,0,0,0,0,0,0,0,0,0,0,0
"1437364",0,0,1,0,0,0,0,0,0,0,0,1,0,0,0,0,0,0,0,1,0,0,0,0
"1437839",0,0,0,0,0,0,0,0,0,0,0,0,0,0,0,0,1,0,0,0,0,0,0,1
"1445858",0,0,0,0,0,0,0,0,0,0,0,0,0,0,0,0,0,0,0,1,0,0,1,0
"1449778",0,0,0,0,1,0,1,0,0,0,0,0,0,0,0,0,0,1,1,0,0,0,0,1
"1454028",0,0,0,0,0,0,0,0,0,0,0,0,0,0,0,0,0,0,0,1,0,0,0,0
"1454029",1,0,0,1,0,0,0,0,0,0,0,0,0,0,0,0,0,0,0,0,0,0,0,0
"1454030",0,0,0,0,0,0,0,0,0,0,0,0,0,0,0,1,0,0,0,0,0,0,0,0
"1458714",0,0,0,0,0,0,0,0,0,0,1,0,0,0,0,0,0,0,0,0,0,0,0,0
"1458861",0,0,0,0,0,1,0,0,0,0,0,0,0,0,0,0,0,0,0,0,0,0,0,0
"1458862",0,0,0,0,0,0,0,0,1,0,1,1,0,0,0,0,0,0,0,0,0,0,0,0
"1459003",0,0,0,0,1,0,0,0,0,0,0,0,0,0,0,0,0,0,0,0,0,0,0,0
"146",0,1,0,0,0,0,0,0,0,0,0,0,0,0,0,0,0,0,0,0,0,0,0,0
"1460070",0,0,0,0,0,0,0,0,0,0,0,0,0,1,0,0,0,0,0,0,0,0,0,0
"1460363",0,1,0,0,0,0,0,0,0,0,0,0,0,0,1,0,0,0,0,0,0,0,0,0
"1460374",0,0,0,1,0,0,0,0,0,0,0,0,0,0,0,0,0,0,0,0,0,0,0,0
"1461792",0,0,0,0,0,0,0,0,0,0,0,0,0,0,0,0,0,0,0,0,1,0,0,0
"1462681",0,0,0,0,0,0,0,0,0,0,0,0,0,0,0,0,0,0,0,0,1,0,0,0
"1465639",0,0,0,1,0,0,0,1,0,0,0,0,0,0,0,0,0,1,0,0,0,0,0,0
"1476487",0,1,0,0,0,0,0,0,0,0,0,0,0,0,0,0,0,0,0,0,0,0,0,0
"147712",0,0,0,0,0,0,0,0,0,0,0,0,0,0,0,0,0,0,0,1,0,0,0,0
"1481186",0,1,0,0,0,0,0,0,0,0,0,0,0,0,0,0,0,0,0,0,0,0,0,0
"1481452",0,0,0,0,0,0,0,0,0,0,0,0,0,1,0,0,0,0,0,0,0,0,0,0
"1481465",0,0,0,0,0,0,0,0,0,0,0,0,0,0,0,0,1,0,0,0,0,0,0,0
"1485186",0,0,1,0,0,0,0,0,0,0,0,0,0,0,0,0,0,0,0,0,0,0,0,0
"1485922",0,0,0,0,0,0,0,0,0,1,0,0,0,0,0,0,0,0,0,0,0,0,0,0
"148603",0,0,0,0,0,0,0,1,0,0,0,0,0,0,0,0,0,0,0,0,0,0,0,0
"1487185",1,0,0,0,0,0,0,0,0,0,0,0,0,0,0,0,1,0,0,0,0,0,0,0
"1488557",0,0,0,0,0,0,0,0,0,0,0,0,0,0,1,0,0,0,0,0,0,0,0,0
"1498204",0,0,0,0,0,0,0,0,1,0,0,1,0,0,0,0,0,0,0,0,0,0,0,0
"1500510",0,1,0,0,0,0,0,0,0,0,0,0,0,0,0,0,0,0,0,0,0,0,0,0
"1500757",0,0,0,0,0,0,0,0,0,0,0,0,0,0,0,0,0,0,0,0,0,1,0,0
"1503293",0,1,0,0,0,0,0,0,0,0,0,0,0,0,0,0,0,0,0,0,0,0,0,0
"1506574",0,0,0,1,0,0,0,0,0,0,0,0,0,0,0,0,0,0,0,0,0,0,0,0
"1508710",0,0,0,0,0,0,0,0,0,1,0,0,0,0,1,0,0,1,0,1,0,0,0,0
"1508712",0,0,0,0,0,0,0,0,0,1,0,1,0,0,1,1,0,0,0,0,0,0,0,0
"1511803",0,0,0,0,0,0,0,0,0,0,0,0,1,0,0,0,0,0,0,0,0,0,0,0
"1511847",0,0,0,0,0,0,0,0,0,0,0,0,0,0,0,0,0,0,0,0,0,1,0,0
"1511891",0,0,0,1,0,0,0,0,1,0,0,0,0,0,0,0,0,0,0,0,0,1,0,0
"1511892",0,0,0,0,0,0,1,0,1,0,0,0,0,0,0,0,0,0,0,0,0,0,0,0
"1513188",0,0,0,0,0,0,0,0,0,0,0,0,0,0,0,0,0,0,0,1,0,0,0,0
"1513252",0,0,0,0,0,0,0,0,0,0,0,0,0,0,0,0,0,0,0,0,0,0,1,0
"1513253",0,1,0,0,0,0,0,0,0,0,0,0,0,0,1,0,0,0,0,0,0,0,0,0
"1513256",0,0,0,0,0,0,1,0,0,0,0,0,0,0,0,0,0,0,0,0,0,0,0,0
"151341",0,0,0,0,0,0,0,0,0,0,1,0,0,0,0,0,0,0,0,0,0,0,0,0
"1514896",0,0,0,1,0,0,0,0,0,0,0,0,0,0,0,0,0,0,0,0,0,0,0,0
"1517681",0,0,0,0,0,0,0,0,0,0,0,0,0,0,0,0,0,0,0,0,0,0,0,1
"1526048",0,0,0,1,0,1,0,0,0,0,0,0,0,0,0,0,0,0,0,0,0,0,0,0
"1527523",0,0,0,0,0,0,0,0,0,0,0,0,0,0,0,0,0,0,0,0,0,0,0,1
"1527535",0,1,0,0,0,1,0,0,1,0,1,1,0,0,0,1,1,0,0,0,0,0,0,0
"1529058",0,0,0,0,0,1,0,0,0,0,0,0,0,0,0,0,0,0,0,0,0,0,0,0
"153135",0,0,0,0,0,0,0,0,0,0,0,0,0,0,0,0,0,0,0,0,0,1,0,0
"1541211",0,0,0,0,0,0,1,0,1,0,0,0,0,0,0,0,0,0,0,0,0,0,0,0
"1541824",0,0,1,0,0,0,0,0,0,0,0,0,0,0,1,1,0,1,0,0,0,0,0,1
"1542103",1,0,0,0,0,0,0,0,0,0,0,0,0,0,0,0,0,0,0,0,0,0,0,0
"1544364",0,0,0,0,0,0,0,0,0,0,0,0,0,0,0,0,0,1,0,0,0,0,0,0
"1547580",0,0,0,0,0,0,0,0,0,0,0,0,0,0,0,0,0,0,0,0,0,0,0,1
"1558469",0,0,0,0,0,1,0,0,0,0,0,0,0,0,0,0,0,0,0,0,0,0,0,0
"1559",0,0,0,0,0,0,0,0,0,0,0,0,0,0,0,0,0,0,0,0,0,0,0,1
"1566868",0,0,0,0,0,0,0,0,0,1,0,0,0,0,0,0,0,0,0,0,0,0,0,0
"1567011",0,0,0,0,0,0,0,0,0,0,0,0,0,0,0,0,0,0,0,0,1,0,0,0
"1567013",0,1,0,0,0,0,0,0,0,0,0,0,0,0,0,0,0,0,0,0,0,0,0,0
"1567014",0,0,0,0,0,0,0,0,1,0,0,0,0,0,0,0,0,0,0,0,0,0,0,1
"1567453",0,0,0,0,1,0,1,0,0,1,0,1,0,0,0,0,0,0,0,0,0,0,1,0
"1567487",1,0,0,1,0,0,0,1,0,0,0,0,0,0,0,0,0,0,0,0,0,0,0,0
"1573714",0,0,0,0,0,0,1,0,0,0,0,0,0,0,0,0,0,0,0,0,0,0,0,0
"1574141",0,0,0,0,0,0,0,1,0,0,0,0,0,0,0,0,0,0,0,0,0,0,0,0
"157897",0,0,0,0,0,0,0,0,0,0,0,0,0,0,0,0,0,0,0,1,0,0,0,0
"1580605",0,0,0,0,0,0,0,0,0,0,0,0,1,0,0,0,0,1,0,0,0,0,0,0
"1587517",0,0,0,1,0,0,0,1,0,0,0,0,1,0,0,0,0,0,0,0,0,0,0,0
"1591",0,0,0,0,0,0,0,0,0,0,0,0,0,0,0,0,0,0,0,0,1,0,0,0
"1591444",0,0,0,0,0,0,0,0,0,0,0,0,0,0,0,0,0,0,0,0,0,1,0,0
"1592089",0,0,0,0,0,0,0,0,1,0,0,0,0,0,0,0,0,0,0,0,0,0,0,0
"1592123",0,0,0,0,0,0,0,0,0,0,0,1,0,1,0,0,0,0,0,0,0,0,0,0
"1592127",1,0,0,0,0,0,0,0,0,0,0,0,0,0,0,0,0,0,0,0,0,0,0,0
"1592211",0,0,0,0,0,0,0,0,0,0,0,0,0,0,0,0,0,0,1,0,0,0,0,0
"1604871",0,0,1,0,0,0,0,0,0,0,0,0,0,0,0,0,0,0,0,0,0,0,0,0
"1606501",0,0,0,0,0,1,0,0,0,0,0,0,0,0,0,0,0,0,0,0,0,0,0,0
"1608049",0,0,0,0,0,0,0,0,0,0,0,0,0,0,0,0,0,0,0,0,0,0,0,1
"1610872",0,0,0,0,1,0,0,0,0,0,0,0,0,0,0,0,0,0,0,1,0,0,0,0
"1612611",0,0,0,0,0,0,1,0,0,0,0,1,0,0,0,0,0,0,0,0,0,0,0,0
"1618244",0,0,0,0,0,0,0,0,0,0,0,0,0,0,0,0,0,1,0,0,0,0,0,0
"1623275",1,0,0,0,0,0,0,0,0,0,0,0,0,0,0,0,0,0,0,0,0,0,0,0
"1623286",0,0,0,0,0,0,0,0,0,0,0,0,0,0,0,0,0,0,0,0,1,0,0,0
"1623303",0,0,0,0,0,0,0,0,1,0,0,0,0,0,0,0,0,0,0,0,0,0,0,0
"1623304",0,0,0,0,0,0,0,0,0,0,0,0,0,1,1,0,0,1,0,0,1,1,0,0
"1629132",0,0,0,0,0,0,0,0,0,0,0,0,0,0,0,0,0,0,1,0,0,0,0,0
"1629656",1,0,1,0,0,0,0,0,0,0,0,0,0,0,0,0,0,0,0,0,0,0,0,1
"1633785",0,0,0,0,0,0,0,0,0,0,0,0,0,0,0,0,0,0,0,0,0,1,0,0
"1637496",0,0,0,0,1,0,0,0,0,0,0,0,0,0,0,0,0,0,0,0,0,0,0,0
"1638165",0,0,0,0,0,0,0,0,0,0,0,0,0,0,0,0,1,0,0,1,0,0,0,0
"1639814",0,0,1,0,0,0,0,0,0,0,0,0,0,0,1,0,0,0,0,0,0,0,0,0
"1647391",0,0,0,0,0,0,0,0,0,0,0,0,0,0,0,1,1,0,0,1,0,0,0,0
"1647415",0,0,0,1,0,0,0,0,0,0,0,0,0,0,0,0,0,0,0,0,0,0,0,0
"1648484",0,0,0,0,0,0,0,0,0,0,0,0,0,0,0,1,0,0,0,0,0,0,0,0
"1650654",0,0,0,0,0,0,0,0,1,0,0,1,0,0,0,0,0,0,0,0,0,0,0,0
"1653398",0,0,0,0,0,0,0,0,0,0,0,0,1,0,0,0,0,0,0,0,0,0,0,0
"1654603",1,0,0,0,0,0,0,1,0,0,0,0,0,0,0,0,0,0,0,0,0,0,0,0
"1655653",0,0,0,0,0,0,0,0,0,0,0,0,0,0,0,0,0,0,0,0,0,0,0,1
"1655656",0,1,0,0,0,0,0,0,0,0,0,0,0,0,0,0,0,0,0,0,0,0,0,0
"1663209",0,0,0,0,0,0,0,0,0,0,0,0,0,0,1,0,0,0,0,1,0,0,0,0
"1670669",0,0,0,1,0,0,0,0,0,0,0,0,0,0,0,0,0,0,0,0,0,0,0,0
"167132",0,0,0,0,0,0,0,0,1,0,0,0,0,0,0,0,0,0,0,0,0,0,0,0
"1673640",0,0,0,0,0,0,0,0,1,0,0,0,0,0,0,0,0,0,0,0,0,0,0,0
"1675598",0,0,0,0,0,0,0,1,0,0,0,0,0,0,0,0,0,0,0,0,0,0,0,0
"1678146",0,0,0,0,0,0,0,0,0,0,0,0,1,0,0,0,1,0,0,1,0,0,0,0
"1678161",0,0,0,0,0,0,0,0,0,0,0,0,0,0,0,0,0,0,0,0,0,0,1,0
"1678163",0,0,0,0,1,0,0,0,0,0,0,0,0,0,0,0,0,0,0,0,0,0,0,0
"1678175",0,1,0,0,0,0,0,1,1,0,0,0,0,0,0,0,1,0,0,0,0,0,0,0
"1678179",0,0,0,0,0,0,0,0,0,0,0,0,0,0,0,0,0,0,0,0,0,0,1,0
"1679172",0,0,0,0,0,0,0,0,0,0,0,0,1,0,1,0,0,0,0,0,0,0,0,0
"1679530",0,0,0,0,0,1,0,0,0,0,0,0,0,0,0,0,0,0,0,0,0,0,0,0
"1680158",0,0,0,1,0,0,0,0,0,0,0,0,0,0,0,1,0,0,0,0,0,0,0,0
"1685730",0,0,0,0,1,0,0,0,0,0,0,0,0,0,0,0,0,0,0,0,0,0,0,0
"1685747",0,0,0,0,0,0,0,0,0,0,0,0,0,0,0,0,0,0,0,0,0,1,0,0
"1685760",0,0,0,0,0,0,0,0,0,0,0,0,0,0,0,0,0,0,0,1,0,0,0,0
"1685766",0,0,0,0,0,0,0,1,0,0,0,0,0,0,0,0,0,0,0,0,0,0,0,0
"1685785",0,0,0,1,0,1,0,0,0,0,0,0,0,0,0,0,0,0,0,0,0,0,0,0
"1690666",0,1,0,0,0,0,0,0,0,1,0,0,0,0,0,0,0,0,0,0,0,0,0,0
"1691958",1,0,1,0,0,0,0,0,0,0,0,0,0,0,0,0,0,0,0,0,0,1,0,0
"1697349",1,0,0,0,0,0,1,0,0,0,0,0,0,0,0,0,0,0,1,0,0,0,0,0
"1698420",1,0,0,0,0,0,0,0,0,0,0,0,0,0,0,0,0,0,0,0,0,0,0,0
"1701257",0,0,0,0,0,0,0,0,0,1,0,0,0,0,1,1,0,1,0,0,0,0,0,0
"1701849",0,0,0,0,0,0,0,0,0,1,1,1,0,0,1,0,0,0,0,1,0,0,0,0
"1703961",1,0,0,0,1,0,0,0,0,0,0,0,0,0,0,1,0,0,0,0,0,0,0,0
"1703965",0,0,0,0,0,0,0,0,0,0,0,0,0,1,0,0,0,0,0,0,0,0,0,1
"1703966",0,1,0,0,0,0,0,0,0,0,0,0,0,0,0,0,0,0,0,0,0,1,0,0
"1703967",0,0,0,0,0,0,0,0,0,0,0,0,0,0,0,0,0,1,0,0,0,0,0,0
"1703968",0,0,0,0,0,0,0,0,1,0,0,0,0,0,0,0,0,0,0,1,0,0,0,0
"1703970",1,1,1,0,0,0,1,0,0,0,0,0,0,0,0,0,0,0,1,0,0,1,0,0
"1714366",0,0,0,0,0,0,0,0,0,1,0,0,0,0,0,0,0,0,0,0,0,0,0,0
"1720324",0,0,0,0,0,0,0,0,1,0,0,0,0,0,0,0,0,0,0,0,0,0,0,0
"172667",1,0,0,0,0,1,0,0,0,0,0,0,1,0,0,0,0,0,0,0,1,0,1,0
"1728964",0,0,0,0,0,0,0,0,1,0,0,0,0,0,0,0,0,0,0,0,0,0,0,1
"1729670",0,0,0,0,1,0,0,0,0,0,0,0,0,0,0,0,0,0,0,0,0,0,0,0
"1732177",1,0,0,0,0,0,0,0,0,1,0,0,0,0,0,0,0,0,0,1,0,0,0,0
"1732180",0,1,0,0,0,0,0,0,0,0,0,0,0,0,0,0,1,0,0,0,0,0,0,0
"1735466",0,0,0,1,1,0,0,0,0,0,0,0,0,1,0,0,0,0,0,0,0,0,0,0
"1735586",0,0,0,0,0,0,0,0,0,0,0,0,0,0,0,0,0,0,0,0,0,1,0,0
"1740646",0,0,0,0,0,0,0,0,1,0,0,0,0,0,0,1,0,0,0,0,0,0,0,1
"174142",1,0,0,0,0,0,0,0,0,0,0,0,0,0,0,0,0,0,0,0,0,1,0,0
"1746062",0,0,0,0,0,0,0,0,0,0,0,0,0,0,0,0,0,1,0,0,0,0,0,0
"1746064",0,0,0,0,0,0,0,0,0,1,0,0,0,0,0,0,0,0,0,0,0,0,0,0
"1746068",0,0,0,0,0,0,0,0,0,1,0,1,0,0,0,0,0,0,0,0,0,0,0,0
"1746072",0,0,0,0,0,0,0,0,0,0,0,1,0,1,0,0,0,0,1,0,0,0,0,0
"1746073",0,0,0,0,0,0,0,0,0,0,0,0,0,1,0,0,0,0,0,0,0,0,0,0
"1747287",0,0,0,0,1,0,0,0,0,0,0,0,0,0,0,0,0,0,0,0,0,0,0,0
"1755588",0,0,0,1,0,0,0,0,0,0,0,0,0,0,0,0,0,0,0,0,0,0,0,1
"1755689",0,0,0,0,0,0,1,0,0,0,0,0,0,0,0,0,0,0,0,0,0,0,0,1
"1761891",0,0,0,0,0,0,0,0,0,0,0,0,0,0,0,0,0,1,0,0,0,0,0,0
"1765736",1,0,0,0,0,0,0,0,0,0,0,0,0,0,0,0,0,0,0,0,0,0,0,0
"1769780",0,1,0,0,0,0,0,0,0,0,0,0,0,0,0,0,0,0,0,0,0,0,0,0
"1770613",0,0,0,0,0,0,0,0,1,0,0,0,0,0,0,0,0,0,0,0,0,0,0,0
"1774743",0,0,0,0,0,1,0,0,0,0,0,0,0,0,0,0,0,0,0,0,0,0,0,0
"1777064",0,0,0,0,1,0,0,0,0,0,0,0,0,0,0,0,0,0,0,1,0,0,0,0
"1778573",0,0,0,0,0,0,0,1,0,0,0,0,0,0,0,0,0,0,0,0,0,0,0,0
"1780507",1,1,0,0,1,1,0,0,0,1,0,0,0,0,0,0,0,0,0,1,0,0,0,0
"1785753",0,0,0,0,0,0,0,0,0,0,0,0,0,0,0,0,1,0,0,0,0,0,0,0
"1785995",0,1,0,1,0,0,0,0,0,0,0,0,0,0,0,0,0,0,0,0,0,1,0,0
"1788449",0,0,0,0,1,0,0,1,0,0,0,0,0,0,0,0,1,0,0,0,0,0,0,0
"1797140",0,0,0,1,0,0,0,0,0,0,1,0,0,0,0,0,0,0,1,0,0,1,0,0
"1803956",0,0,1,0,0,0,0,0,0,0,0,0,0,0,0,0,0,0,0,0,0,0,0,0
"180504",0,0,0,0,0,0,0,1,0,0,0,0,0,0,0,0,0,0,0,0,0,0,0,0
"1805948",0,0,0,1,1,1,0,0,0,0,0,1,0,0,0,0,0,0,0,0,0,0,1,0
"1805956",0,0,0,0,0,0,0,0,0,0,1,0,0,0,0,0,0,0,0,0,0,0,0,0
"1812179",0,0,0,0,0,0,0,0,0,0,0,0,0,1,0,0,0,0,0,0,0,0,0,0
"1815608",1,0,0,1,0,0,0,0,0,0,0,0,0,0,0,0,0,0,0,1,0,0,0,0
"1837130",1,0,0,0,0,0,0,0,0,0,0,0,0,0,0,0,0,0,0,0,0,0,0,0
"1840315",0,0,0,0,0,0,0,0,0,1,0,0,0,0,1,0,0,1,0,0,0,0,0,0
"1848040",0,0,0,0,0,0,0,0,0,0,0,0,1,0,0,0,0,0,0,0,0,0,0,0
"1848169",0,0,0,0,0,0,0,0,0,0,0,0,0,0,0,0,0,1,0,0,0,0,0,0
"1849539",0,0,0,0,1,0,0,0,0,0,0,0,0,0,0,0,0,0,0,0,0,0,0,0
"185218",0,0,0,0,1,0,0,0,0,0,0,0,0,0,0,0,0,0,0,0,0,0,0,0
"1852564",0,0,0,0,0,0,0,0,0,0,0,0,0,0,0,0,1,0,0,0,1,0,0,0
"1857889",1,0,0,0,0,1,0,0,0,0,0,0,0,0,0,0,0,0,0,0,1,0,0,0
"185954",0,0,0,0,1,0,0,0,0,0,0,0,0,0,0,0,0,0,0,0,0,0,0,0
"185955",0,0,0,0,0,0,0,0,0,0,0,0,0,0,0,0,1,0,0,0,0,0,0,0
"1864623",0,0,0,0,0,0,0,1,1,0,0,0,0,1,1,0,0,0,0,0,0,0,0,0
"186532",0,1,0,0,0,0,0,0,0,0,0,0,0,0,0,0,0,0,0,0,1,0,0,0
"186772",0,0,0,0,0,0,0,0,0,0,0,1,0,0,0,0,0,0,0,1,0,0,0,0
"186805",1,0,0,0,0,0,0,0,0,0,0,0,0,0,0,0,0,0,0,0,0,0,1,0
"186820",0,0,1,0,0,0,0,0,0,0,0,0,0,0,0,0,0,0,0,0,0,0,0,0
"1868596",0,0,0,0,0,0,0,0,0,0,0,0,0,0,0,0,0,0,0,1,0,0,0,0
"1868621",1,0,0,0,0,0,0,0,0,0,0,1,1,0,0,0,0,0,0,0,0,0,0,1
"1868829",1,0,0,0,0,0,0,0,0,0,0,0,0,0,0,0,0,0,0,0,0,0,0,0
"1870981",0,0,0,0,0,0,0,0,1,0,1,0,0,0,1,1,0,0,0,0,0,0,0,0
"1871321",0,0,0,0,0,0,0,0,1,0,0,0,0,1,0,0,0,0,0,0,1,0,0,0
"1871631",0,0,1,0,1,0,0,0,0,0,0,0,0,0,0,0,0,0,0,0,0,1,0,0
"1871690",0,0,0,0,0,1,0,0,0,0,0,0,0,0,0,0,0,0,0,0,0,0,0,0
"187217",0,0,0,0,0,0,0,0,0,1,0,1,1,0,0,0,0,0,1,0,0,0,0,0
"1873891",1,0,0,0,0,0,0,1,0,0,0,0,0,0,0,0,0,0,0,0,0,0,0,0
"1874539",0,0,0,0,0,0,0,0,0,0,1,0,0,0,0,0,0,0,0,0,0,0,0,0
"1874540",0,0,1,0,0,0,0,0,0,0,0,1,0,0,0,0,0,0,0,0,1,0,0,0
"1876758",0,0,0,0,0,1,0,0,0,0,0,0,0,0,0,0,1,0,0,1,0,0,0,0
"1881104",0,0,0,0,0,0,0,1,0,0,0,0,0,0,1,0,0,0,0,0,0,0,0,0
"1883202",0,0,0,0,0,1,0,0,0,0,0,0,0,0,0,0,0,0,0,0,0,0,0,0
"1884450",0,0,0,0,0,0,0,0,0,0,0,0,0,1,0,0,1,0,1,0,0,0,0,0
"1884460",0,0,0,0,0,0,0,0,0,0,0,0,0,0,0,1,0,0,0,0,0,0,0,0
"1884991",0,0,0,0,0,0,0,0,0,1,0,0,0,0,0,0,0,0,0,0,0,0,0,0
"1890464",0,0,1,0,1,0,0,0,1,1,1,1,0,0,0,0,0,0,0,0,0,0,0,1
"1891754",0,0,0,0,1,0,0,0,0,0,0,0,0,0,0,0,0,0,0,0,0,0,0,0
"1891757",0,0,0,0,0,0,0,0,1,0,0,0,0,0,0,0,0,0,0,0,0,0,0,0
"1891758",0,0,0,0,0,0,0,0,0,0,0,0,0,0,0,0,0,0,0,0,0,0,0,1
"1891774",0,0,0,0,0,0,0,0,0,0,0,0,0,0,0,0,0,0,0,0,0,0,0,1
"1892896",0,0,0,0,0,0,0,0,1,0,0,1,0,0,0,0,0,0,0,0,1,0,0,0
"1897731",0,0,0,0,0,0,0,0,0,0,0,0,0,0,0,0,0,0,0,0,0,0,0,1
"1904876",0,0,0,0,0,0,0,0,0,0,0,1,0,0,0,0,0,0,0,0,0,0,0,0
"1905556",0,0,0,0,0,0,0,0,0,0,0,0,0,0,1,0,0,0,0,0,0,0,0,0
"1906173",0,0,0,1,0,0,0,0,0,0,0,0,0,1,0,0,0,0,1,0,0,0,0,0
"1906673",0,0,0,0,0,0,0,0,0,0,0,0,0,0,0,0,0,0,0,0,0,1,1,0
"1908813",1,0,0,0,0,0,0,0,0,0,0,0,0,0,0,0,0,0,0,0,0,0,0,0
"1910935",0,0,1,0,0,0,0,0,0,0,1,0,0,0,0,0,0,0,0,0,0,1,0,0
"1910937",0,1,0,0,0,0,0,0,0,0,0,0,0,0,0,0,0,0,0,0,0,0,0,0
"1911008",1,0,0,0,0,0,0,0,0,0,1,0,0,0,0,0,0,0,0,0,0,0,0,0
"1911009",0,0,0,0,0,0,0,0,0,0,0,0,0,0,0,0,0,1,0,0,0,0,0,0
"1911443",1,0,0,0,0,0,0,0,0,0,0,0,0,0,0,0,0,0,0,0,0,0,0,0
"1911605",0,0,0,0,0,0,0,0,0,0,0,0,0,0,0,0,0,0,0,1,0,0,0,0
"1913643",0,0,0,0,0,0,0,0,0,0,1,0,0,0,0,0,0,0,0,0,0,0,0,0
"1913653",0,0,0,0,0,0,0,0,0,0,1,0,0,0,1,0,0,0,0,0,0,0,0,0
"1913658",0,1,0,0,0,0,1,0,0,0,0,0,0,0,0,0,0,0,0,0,0,0,0,0
"1913683",0,0,0,0,0,0,0,1,0,0,0,0,0,0,0,0,0,0,0,0,0,0,0,0
"1913684",0,0,0,0,0,1,0,0,0,0,0,0,0,0,0,0,1,0,0,0,0,1,0,0
"1913685",0,0,0,0,0,0,0,0,0,0,0,0,0,0,0,0,1,0,0,0,0,0,0,0
"1913686",1,0,0,0,0,0,0,0,0,0,0,0,0,0,0,0,0,0,0,0,0,0,0,1
"1913995",0,0,0,0,1,0,0,0,0,0,0,0,0,0,0,0,0,0,0,0,0,0,0,0
"1914021",0,0,0,0,0,0,0,0,0,0,0,0,0,0,1,0,0,0,0,0,0,0,0,0
"1914162",0,0,0,0,0,0,0,0,0,0,0,0,0,0,0,0,0,1,1,0,0,0,0,0
"1914194",0,0,0,0,0,0,0,0,0,0,0,0,0,0,0,0,0,0,0,0,1,0,0,0
"1914195",0,1,0,0,0,0,0,0,0,0,0,0,0,0,0,0,0,0,1,0,0,0,0,0
"1914200",0,1,0,0,0,0,0,0,0,0,0,0,0,0,0,0,0,0,0,0,0,0,0,0
"191436",0,0,0,0,0,0,0,0,0,0,0,0,0,0,0,0,0,1,0,0,0,0,0,0
"1914576",0,0,0,1,0,0,0,0,0,0,0,0,0,0,0,0,0,1,0,0,0,0,0,0
"1914788",0,0,0,0,0,0,0,0,0,0,0,0,0,0,0,1,0,0,0,0,0,0,0,0
"1914855",0,0,0,1,0,0,0,0,0,0,0,0,0,0,0,0,0,0,0,0,0,0,0,0
"1915202",0,0,0,0,0,0,0,0,0,0,0,0,1,0,0,0,0,0,0,0,0,0,0,0
"1916647",1,0,0,0,0,0,0,0,0,0,0,0,0,0,0,0,0,0,0,0,0,0,0,1
"1918009",1,0,0,0,0,0,0,0,0,0,0,0,0,0,0,0,0,0,0,0,0,0,0,0
"1918012",0,0,0,0,0,1,0,0,0,0,0,0,0,0,0,0,0,0,0,1,1,0,0,1
"1918193",0,0,0,0,0,0,0,1,0,0,0,0,0,0,0,0,0,0,0,0,0,0,0,0
"1918525",1,0,0,0,0,0,0,0,0,0,0,0,0,0,0,0,1,0,0,0,0,0,0,0
"1918721",0,0,0,0,0,0,0,0,0,0,0,1,0,0,0,0,0,0,0,0,0,1,0,0
"1918726",0,0,0,1,0,0,0,0,0,0,0,0,0,1,0,0,0,0,0,0,0,0,1,0
"192022",0,0,0,0,0,0,0,1,0,0,0,0,0,0,0,0,0,0,0,0,0,0,0,0
"1920498",0,0,1,0,0,0,0,1,0,0,0,0,0,0,0,0,0,0,0,0,0,0,0,0
"1920698",0,0,0,0,0,1,0,0,0,0,0,0,0,0,0,0,0,0,0,0,0,0,0,0
"1920753",0,0,0,0,0,0,0,0,0,0,0,0,1,1,1,0,1,0,0,0,0,0,1,0
"1920756",0,0,1,0,0,0,0,0,0,0,0,0,0,0,0,0,0,0,0,0,0,0,0,0
"1920757",0,0,0,0,0,0,0,0,0,0,0,0,0,0,0,0,0,0,0,0,0,1,0,0
"1920763",0,1,0,0,0,0,1,0,0,0,0,0,0,0,0,0,0,0,0,0,0,0,0,0
"1920772",0,0,0,0,0,0,1,0,0,0,0,0,0,0,0,0,0,0,0,0,0,0,0,0
"1920777",0,0,0,1,1,1,0,0,0,0,1,0,0,0,0,0,1,0,1,0,1,0,0,0
"1920780",0,0,0,0,0,0,0,0,1,0,0,0,0,0,0,1,1,0,0,0,0,0,0,0
"1920781",0,0,0,0,0,0,0,0,0,1,0,0,0,0,0,0,0,0,0,0,0,0,0,0
"1920861",0,0,0,0,0,0,0,0,0,0,0,0,0,0,0,0,0,0,0,1,0,0,0,0
"1920864",0,0,0,0,0,0,0,1,0,0,0,0,0,0,0,0,0,0,0,0,0,0,0,0
"1920989",0,0,0,0,0,0,0,0,0,0,0,0,0,0,0,0,0,0,0,1,0,0,0,0
"1920996",0,0,0,0,0,0,0,0,0,0,0,0,0,0,0,0,0,0,0,0,0,0,0,1
"1921008",0,0,0,0,0,0,0,0,1,0,0,0,0,0,0,0,0,0,0,0,0,0,0,0
"1921016",1,0,0,0,0,0,0,0,0,0,0,0,0,0,0,0,0,0,0,0,0,0,0,0
"1921017",0,0,0,0,0,0,0,0,0,0,0,0,0,0,0,0,0,1,0,0,0,0,0,0
"1921118",0,0,0,0,0,0,0,0,0,0,0,1,0,0,0,0,1,0,0,0,0,0,0,0
"1921119",0,0,0,0,0,0,0,0,0,0,0,0,0,0,0,1,0,0,0,0,0,0,0,0
"1921121",1,0,0,0,0,0,0,0,0,0,0,0,0,0,0,0,0,0,0,0,0,0,0,0
"1921128",0,0,0,1,0,0,0,0,0,0,0,0,0,0,0,0,0,0,0,0,0,0,0,0
"1921130",0,1,0,0,0,0,0,0,0,0,0,0,0,0,0,0,0,0,0,0,0,0,0,0
"1921188",0,0,0,0,0,0,0,0,0,0,1,0,0,0,0,0,0,0,0,0,0,0,0,0
"1921411",0,0,0,0,0,0,0,0,0,0,0,0,0,0,0,0,1,0,0,0,0,0,0,0
"1921531",1,0,0,0,1,0,0,0,0,0,0,0,0,0,0,0,0,0,0,1,0,0,0,0
"1921545",0,0,0,0,0,0,1,0,0,0,0,0,0,0,0,0,0,0,0,0,0,0,0,0
"1921546",0,0,1,0,1,0,0,0,0,0,0,0,0,0,0,0,0,0,0,0,0,1,1,0
"1921554",1,1,0,0,0,0,0,0,0,0,0,0,0,0,0,0,0,0,0,0,0,0,0,0
"1921698",0,0,1,0,0,1,0,1,0,0,0,0,1,1,0,1,0,0,0,0,0,0,0,0
"1921704",0,0,1,0,1,0,0,1,0,0,0,0,0,0,0,0,0,0,0,0,0,0,0,0
"1921709",0,1,0,0,0,0,0,0,0,0,0,1,0,0,0,0,0,0,0,0,0,0,0,1
"1921710",0,0,1,0,0,0,0,0,0,0,0,0,0,0,0,0,0,0,1,0,0,0,0,0
"1921824",0,1,0,0,0,0,0,1,0,0,0,0,0,0,0,0,0,0,0,0,0,0,0,0
"1922212",0,1,0,1,0,1,0,0,1,1,0,0,0,0,0,0,0,0,0,1,0,0,0,0
"1922213",0,0,0,0,1,0,0,0,0,0,0,0,0,0,0,0,0,0,1,0,0,0,0,0
"1922243",0,0,0,0,0,0,0,0,0,0,0,1,0,0,0,0,0,0,0,0,0,0,0,0
"1922246",1,0,0,0,1,0,0,0,0,0,0,0,0,0,0,0,0,0,0,0,0,0,0,1
"1922329",0,0,0,0,1,0,0,0,0,1,0,0,0,0,0,0,0,0,0,0,0,0,0,0
"1922359",0,0,0,0,0,0,0,0,0,0,0,0,0,0,0,0,0,1,0,0,0,0,0,0
"1922361",0,0,0,0,0,1,1,0,0,0,0,0,0,0,0,0,0,0,0,0,0,0,0,0
"1922386",0,0,0,0,0,0,0,0,0,0,0,0,0,0,0,0,0,0,0,0,0,0,1,0
"1922437",0,0,0,0,0,0,0,0,0,0,0,0,0,0,0,0,0,0,0,0,1,0,0,0
"1922451",0,0,0,0,0,0,0,0,0,0,0,0,0,1,0,1,0,0,0,0,0,0,0,0
"1922458",0,0,0,0,0,0,0,0,0,1,0,0,0,0,0,0,0,0,0,0,0,0,0,0
"1922464",0,0,0,0,0,0,0,0,0,0,1,0,0,0,0,0,0,0,0,0,0,0,0,0
"1922492",0,1,0,0,0,0,0,0,0,0,0,0,0,0,0,0,0,0,0,0,0,0,0,0
"1922493",0,0,0,0,0,0,0,0,0,0,0,0,0,0,0,0,0,0,0,1,0,0,0,0
"1922535",0,0,1,0,0,0,0,0,0,0,0,0,0,0,0,0,0,0,0,0,0,0,0,0
"1922547",0,0,0,1,0,0,0,0,0,0,0,0,1,0,0,0,0,0,0,0,0,0,0,0
"1922553",0,0,0,0,0,0,0,0,0,0,0,0,0,0,0,1,0,0,0,0,0,0,0,0
"1922559",0,0,0,0,0,0,0,1,0,0,0,0,0,0,0,0,0,0,0,0,0,0,1,0
"1922570",0,0,0,0,0,0,0,0,0,0,0,0,1,0,0,0,0,0,0,0,0,0,0,0
"1922587",0,0,0,0,0,0,0,0,0,0,0,0,0,0,0,1,0,0,0,0,0,0,0,0
"1922592",0,0,0,0,0,0,0,0,0,0,0,0,0,1,0,0,0,0,0,0,0,0,0,0
"1922601",1,0,0,0,0,1,1,0,0,0,0,0,0,0,0,0,0,0,0,0,0,0,0,0
"1922617",0,0,0,0,0,0,0,0,1,0,0,0,0,0,0,0,1,0,0,0,0,0,0,0
"1922636",0,0,0,1,0,1,0,0,0,0,0,0,0,0,1,0,0,0,0,0,0,0,0,0
"1922639",0,0,0,0,0,1,0,0,0,0,0,0,0,0,0,0,0,0,0,0,0,0,0,0
"1922647",0,0,1,0,0,0,1,0,0,0,0,0,0,0,0,0,0,0,0,0,0,0,0,0
"1922659",0,0,0,0,0,0,0,0,0,0,0,0,0,0,0,0,0,1,0,0,0,0,0,0
"1922674",0,0,0,0,1,0,0,0,0,0,0,0,0,0,0,0,0,0,0,0,0,0,0,0
"1922676",0,0,0,0,0,0,0,0,0,0,0,0,0,0,0,0,0,0,0,0,0,1,0,0
"1922677",0,0,0,0,0,0,0,0,0,0,0,0,0,1,0,0,0,0,0,0,0,0,0,0
"1922680",0,1,0,0,0,0,0,0,0,0,0,0,0,0,1,0,0,0,0,0,0,0,0,0
"1922685",0,0,0,0,0,1,0,0,1,0,0,0,0,0,0,0,0,0,0,0,0,0,0,0
"1922694",0,0,0,0,0,0,0,0,0,0,0,0,0,0,0,0,0,0,0,0,0,1,0,0
"1922702",0,0,0,0,0,0,0,0,0,1,0,0,0,0,0,0,0,0,0,0,0,0,0,0
"1922703",0,0,0,0,0,0,0,0,0,0,0,0,0,0,1,0,0,0,0,0,0,0,0,0
"1922707",0,0,0,0,0,0,0,0,0,0,0,0,0,0,0,0,0,0,1,0,0,0,0,0
"1922715",0,0,0,0,0,1,0,0,1,0,0,0,0,0,0,0,0,0,0,0,0,0,0,0
"1922722",0,0,0,0,0,0,0,0,1,1,0,0,0,0,1,0,0,0,0,0,0,0,0,1
"1922725",0,0,0,0,0,0,0,1,0,0,0,0,0,0,0,0,0,0,0,0,0,0,0,0
"1922742",1,0,0,0,0,0,0,0,0,0,0,0,0,0,0,0,0,0,0,0,0,0,0,0
"1922746",0,0,0,0,0,0,1,0,0,0,0,0,0,0,0,0,0,0,0,0,0,0,0,0
"1922749",0,0,0,1,0,0,0,0,0,0,0,0,0,0,0,0,0,0,0,0,0,0,0,0
"1922752",0,0,1,0,0,0,0,0,0,0,0,0,0,1,0,0,0,1,0,0,0,0,0,0
"1922753",0,0,0,0,0,0,0,0,0,0,0,0,0,0,0,1,0,0,0,0,0,0,0,0
"1922764",0,0,0,0,0,0,0,0,0,0,0,1,0,0,0,0,0,0,0,0,0,0,0,0
"1922788",0,0,0,0,0,0,0,0,0,0,0,0,0,0,0,0,0,0,0,1,0,0,0,0
"1922798",0,0,0,0,0,1,0,0,0,0,0,0,0,0,0,0,0,0,0,0,0,0,0,0
"1922799",0,0,0,0,0,1,0,0,0,0,0,0,0,0,0,0,0,0,0,0,0,0,0,0
"1922807",0,0,0,1,0,0,0,0,0,0,0,0,0,0,0,0,0,0,0,0,0,0,0,0
"1922813",0,0,0,0,0,0,1,0,0,0,0,0,0,0,0,0,0,0,0,0,0,1,0,0
"1922826",0,0,0,0,0,0,0,0,0,0,0,0,1,0,0,0,0,0,0,0,0,0,0,0
"1922870",0,0,1,0,0,0,0,0,0,0,0,0,0,0,0,0,0,0,0,0,0,0,0,0
"1922883",0,0,1,0,0,0,0,0,0,0,0,0,0,0,0,0,0,0,0,0,0,0,0,0
"1922901",0,0,0,0,0,1,0,0,0,0,0,0,0,0,0,0,0,0,0,0,0,0,0,0
"1922925",0,0,1,0,0,0,0,0,0,0,0,1,0,0,0,1,0,0,0,0,0,0,0,0
"1922926",0,0,0,0,0,0,1,0,0,0,0,0,0,0,0,0,0,0,0,0,0,0,0,0
"1922938",0,0,0,0,1,0,0,0,0,0,0,0,0,0,0,1,0,0,0,0,0,0,0,0
"1922941",0,0,0,1,0,0,0,0,0,0,0,0,0,0,0,0,0,0,0,0,0,0,0,0
"1922947",0,0,0,0,0,0,0,0,0,0,0,0,0,0,0,0,0,0,0,0,0,0,0,1
"1922948",0,0,0,0,0,0,0,0,0,0,0,0,1,0,0,0,0,0,0,0,0,0,0,0
"1922952",0,1,0,0,0,0,0,0,0,0,0,1,0,0,0,0,0,0,0,0,0,0,0,0
"1922990",0,0,0,0,1,0,0,0,1,0,0,0,0,0,0,0,0,0,0,0,0,0,0,0
"1923002",0,0,0,0,0,0,0,0,0,0,0,0,0,0,0,0,0,0,0,0,0,1,0,0
"1923009",1,0,0,0,0,0,0,0,0,0,0,0,0,0,0,0,0,0,0,0,0,0,0,0
"1923077",0,0,0,0,0,0,0,1,0,0,0,0,0,0,0,0,0,0,0,0,0,0,0,0
"1923078",0,0,0,0,1,0,0,0,0,0,0,0,0,0,0,0,0,0,0,0,0,0,0,0
"1923081",0,0,0,0,0,0,0,0,1,0,0,0,0,0,0,0,0,0,0,0,0,0,0,0
"1923100",0,0,0,0,0,1,0,0,0,0,0,0,0,0,0,0,0,0,0,0,0,0,0,0
"1923104",0,0,0,1,0,0,0,0,0,0,0,0,1,0,0,0,0,0,0,0,0,0,0,0
"1923130",0,0,0,1,0,0,0,0,0,0,0,0,0,0,0,0,0,0,0,0,0,0,0,0
"1923144",0,0,0,0,1,0,0,0,0,0,0,0,0,0,0,0,0,0,0,0,0,0,0,0
"1923146",0,0,0,0,0,0,0,0,0,0,0,1,0,0,0,0,0,0,0,0,0,0,0,0
"1923148",0,0,0,0,0,0,0,0,1,0,0,0,0,0,0,0,0,0,0,1,0,0,0,0
"1923156",0,0,0,0,0,0,0,0,0,0,0,0,0,0,0,0,0,1,0,0,0,0,0,0
"1923158",0,0,0,0,0,1,0,0,0,0,0,0,0,0,0,0,0,0,0,0,0,0,0,0
"1923159",0,0,0,0,0,0,0,0,0,0,0,0,0,1,0,0,0,0,0,0,0,0,0,0
"1923170",0,0,0,0,0,0,0,0,0,0,0,0,0,0,0,0,0,0,0,0,1,0,0,0
"1923210",0,0,0,0,0,0,0,0,0,0,0,0,0,1,0,0,0,0,1,0,0,0,0,0
"1923213",1,0,0,0,0,0,0,0,0,0,0,0,0,0,0,0,0,0,0,0,0,0,0,0
"1923216",0,0,0,0,0,1,0,0,0,0,0,0,0,0,0,0,0,0,0,0,0,0,0,0
"1923218",0,1,0,0,0,0,0,0,0,0,0,0,0,0,0,0,0,0,0,0,0,0,0,0
"1923243",0,0,1,0,0,0,0,0,0,0,0,0,0,0,0,0,0,0,0,0,0,0,0,0
"1923246",0,0,0,0,0,0,0,0,0,0,1,0,0,0,0,0,0,1,0,0,0,0,0,0
"1923249",0,0,0,0,0,0,0,0,0,0,0,0,0,0,0,0,1,0,0,0,0,0,0,0
"1923279",0,0,1,0,0,0,0,0,0,0,0,0,0,0,0,0,0,0,0,0,0,0,0,0
"1923300",0,0,0,0,0,0,0,0,0,0,0,0,0,0,0,1,0,0,0,0,0,0,0,0
"1923313",0,0,0,0,1,0,0,0,0,0,0,0,0,0,0,0,0,0,0,0,0,0,0,0
"1923323",0,0,0,0,0,0,0,0,0,0,0,0,0,0,0,0,0,0,0,0,0,1,0,0
"1923330",0,0,0,0,0,0,0,0,0,0,0,0,0,0,0,0,0,0,0,0,1,0,0,0
"1923355",0,0,0,0,0,0,0,0,0,0,0,0,0,0,0,1,0,0,0,0,0,0,0,0
"1923357",0,0,0,0,0,0,0,0,0,0,0,1,0,0,0,0,0,0,0,0,0,0,0,0
"1923403",0,0,0,0,0,0,0,0,0,0,0,0,0,0,0,0,0,0,0,0,0,1,0,0
"1923418",1,0,0,0,1,0,0,0,0,0,0,0,0,0,0,0,0,0,0,0,0,0,0,0
"1923422",0,0,0,0,0,0,0,0,0,1,1,0,0,0,0,0,0,0,0,0,0,0,0,0
"1923470",0,0,0,0,0,0,0,0,0,0,0,0,0,0,0,0,0,1,0,0,0,0,0,0
"1923486",0,0,0,0,0,1,0,0,0,0,0,0,0,0,0,0,0,0,0,0,0,0,0,0
"1923489",0,0,0,0,0,0,0,0,0,0,0,0,0,0,0,0,0,0,0,0,1,0,0,0
"1923501",0,0,0,0,1,0,0,0,0,0,0,0,0,0,0,0,0,0,0,0,0,0,0,0
"1923502",0,0,0,0,0,0,0,0,0,0,0,0,0,0,0,0,0,0,1,0,0,0,0,0
"1923540",0,1,0,0,0,0,0,0,0,0,0,0,0,0,0,0,0,0,0,0,0,0,0,0
"1923546",0,0,0,0,0,0,0,0,0,0,0,0,0,0,0,0,0,0,0,1,0,0,0,0
"1923549",0,1,0,0,0,0,0,0,0,0,0,0,0,0,0,0,0,0,0,0,0,0,0,0
"1923558",0,0,0,0,1,0,0,0,0,0,0,0,0,0,0,0,0,0,0,0,0,0,0,0
"1923562",0,0,0,0,0,0,0,0,0,1,0,0,0,0,0,0,0,0,0,0,0,0,0,0
"1923601",0,0,0,0,0,0,0,0,0,0,1,0,0,1,0,0,0,0,0,0,0,1,0,0
"1923613",0,0,0,0,0,0,0,0,0,0,0,0,0,0,0,0,0,0,0,0,0,0,0,1
"1923619",0,0,0,0,0,1,0,0,0,0,0,0,0,0,0,0,0,0,0,0,0,0,0,0
"1923634",1,0,0,0,1,0,0,0,0,0,0,0,0,0,0,0,0,1,0,1,0,0,0,0
"1923635",0,0,0,0,0,0,1,0,0,0,0,0,0,0,0,0,0,0,0,0,0,0,0,0
"1923640",0,0,0,0,0,0,0,0,0,0,0,0,0,0,0,0,0,0,0,0,1,0,0,0
"1923642",0,0,0,0,0,0,0,0,0,0,1,0,0,0,0,0,0,0,0,0,0,0,0,0
"1923643",0,0,0,0,0,1,0,0,0,0,0,0,0,0,0,0,0,0,0,0,0,0,0,0
"1923651",1,0,0,0,0,0,0,0,0,0,0,0,0,0,0,0,0,0,0,0,0,0,0,0
"1923657",0,0,0,0,0,0,0,0,0,0,0,0,0,0,0,0,0,0,0,0,0,1,0,0
"1923663",0,0,0,0,0,0,1,0,0,0,0,0,0,0,0,0,0,0,0,0,0,0,0,0
"1923664",0,0,0,0,0,0,0,0,0,0,0,0,1,0,0,0,0,0,0,0,0,1,0,0
"1923671",0,0,0,0,0,0,0,0,0,0,0,0,0,0,0,0,0,1,0,0,0,0,0,0
"1923674",0,0,0,0,0,0,0,0,0,1,0,0,1,0,0,0,1,0,0,0,1,0,0,0
"1923684",0,0,0,0,0,0,0,0,0,0,0,0,0,0,0,0,0,0,1,0,0,0,0,0
"1923693",0,0,0,0,0,0,0,0,0,0,0,0,0,0,0,0,0,0,0,0,0,0,1,0
"1923696",0,0,0,0,0,0,0,0,0,0,0,0,0,0,0,0,1,0,0,0,0,0,0,0
"1923698",0,0,0,0,0,0,0,0,0,0,0,0,0,0,0,1,0,0,0,0,0,0,0,0
"1923714",0,0,0,0,1,0,0,0,0,0,0,0,0,0,0,0,0,0,0,0,0,0,0,0
"1923722",0,1,0,0,0,0,0,0,0,0,0,0,0,0,0,0,0,0,0,0,0,0,0,0
"1923723",1,0,0,0,0,0,0,0,0,0,0,0,0,0,0,0,0,0,0,0,0,0,0,0
"1923745",0,0,0,0,0,0,0,1,0,0,0,0,0,0,0,0,0,0,0,0,0,0,0,0
"1923757",0,0,0,0,0,0,0,0,0,0,0,0,0,1,0,0,0,0,0,1,0,0,0,0
"1923769",0,0,0,0,0,0,0,0,0,0,0,0,0,0,0,0,0,0,0,0,0,0,0,1
"192452",0,0,0,0,0,0,0,0,1,0,0,0,0,0,0,0,0,0,0,0,0,0,0,0
"1925782",0,0,0,0,0,0,0,1,0,1,0,0,0,0,0,0,0,0,0,0,0,0,0,0
"1926117",0,0,0,0,0,0,0,0,0,0,0,0,0,0,0,1,0,0,0,0,0,0,0,0
"1926498",0,0,0,0,0,0,0,0,0,0,0,0,1,0,0,0,0,0,0,0,0,0,0,0
"1927127",0,1,0,0,0,0,0,0,0,0,0,0,0,0,0,0,0,0,1,0,1,0,0,0
"1928621",0,0,0,0,0,0,0,0,0,0,0,0,0,0,0,0,0,0,0,0,1,0,0,0
"1929963",0,0,0,0,0,0,0,0,0,1,0,0,0,0,0,0,0,0,0,0,0,0,0,0
"1929964",0,1,1,0,0,0,0,0,0,0,0,0,0,0,0,0,0,0,0,0,0,0,0,1
"1930510",0,0,0,0,0,0,0,0,0,0,0,0,0,1,0,0,0,0,0,0,0,0,0,0
"1930825",0,0,0,1,0,0,0,0,0,0,1,0,0,0,0,0,0,0,0,0,0,0,0,0
"1931370",0,0,0,0,0,0,0,1,0,0,0,0,0,0,0,1,0,0,0,0,0,0,0,0
"1932713",0,0,0,0,0,0,0,0,0,0,0,0,0,1,0,0,0,0,0,0,0,0,0,0
"1933176",0,0,0,0,0,0,0,0,0,0,0,0,0,0,0,0,0,0,0,0,0,0,0,1
"1933905",0,0,1,0,0,0,0,0,0,0,0,0,0,0,0,0,0,0,0,0,0,0,0,0
"1933909",0,0,0,0,0,0,0,0,0,0,0,0,0,0,0,0,1,0,0,0,0,0,0,0
"1933912",0,0,0,0,0,0,0,0,0,0,1,0,1,0,0,0,0,0,0,0,0,0,0,0
"1940570",0,0,0,0,0,0,0,0,0,0,0,0,0,0,0,0,0,0,0,0,0,0,0,1
"194440",0,0,1,0,0,0,0,0,0,0,0,1,0,1,0,0,0,0,0,1,0,0,0,1
"1945565",0,1,0,0,0,0,0,0,0,0,0,0,0,0,0,0,0,0,0,0,1,0,0,0
"1945588",0,0,0,0,0,0,0,0,0,1,0,0,0,0,0,0,0,0,0,0,0,0,0,0
"1945850",0,1,0,0,0,0,0,0,0,0,0,0,0,0,0,0,0,0,0,0,0,0,0,0
"194699",0,0,0,1,0,0,0,0,0,0,0,0,0,0,0,0,0,0,0,0,0,0,0,0
"194966",0,0,0,0,0,0,0,1,0,0,0,0,0,0,0,0,0,0,0,1,0,0,1,0
"1954378",0,0,0,0,1,0,1,0,0,0,1,0,0,0,0,0,0,0,0,0,0,0,1,0
"1955153",0,0,0,0,0,0,0,0,0,0,0,0,0,0,0,0,0,0,1,0,0,0,0,0
"1955196",0,0,1,0,0,0,0,0,0,0,0,1,1,0,0,0,0,0,1,0,0,0,0,0
"1955198",0,1,0,0,0,0,0,0,0,0,0,0,0,0,0,0,0,0,0,0,0,0,0,0
"1958784",0,0,0,0,1,1,0,0,0,0,0,0,0,0,0,0,0,0,0,0,0,0,0,0
"1959848",0,0,1,0,0,0,0,0,0,0,0,0,0,0,0,0,0,0,0,1,0,0,0,0
"1961666",0,0,0,0,0,0,1,0,0,0,0,0,0,0,0,0,0,0,0,0,0,0,0,0
"1961680",0,0,1,0,0,0,0,0,0,0,0,0,0,0,0,0,0,0,0,0,0,0,0,0
"1961784",0,0,0,0,0,0,0,0,0,0,0,0,0,0,0,0,0,1,0,0,0,0,0,0
"1961785",0,0,0,0,1,0,0,0,0,1,0,0,0,0,0,0,0,0,0,0,0,0,0,0
"1961786",0,0,0,0,0,0,0,0,0,1,0,0,0,0,0,0,0,0,0,0,0,0,0,0
"1962264",0,1,0,0,0,0,0,0,0,0,0,0,0,0,0,0,0,0,0,0,0,0,0,0
"1963260",0,0,0,0,0,0,0,0,0,0,0,0,0,0,0,0,0,1,0,0,0,0,0,0
"1965238",0,0,0,0,0,0,1,0,0,0,0,0,0,0,0,0,0,0,0,0,0,0,0,0
"1965312",0,0,0,0,0,0,0,0,0,0,0,0,0,1,0,0,0,0,0,0,0,0,0,0
"1967296",0,0,0,0,0,1,0,0,0,0,0,0,0,0,0,0,0,0,0,0,0,0,0,0
"1967781",0,0,0,1,0,0,0,0,0,0,0,0,0,0,0,0,0,0,0,1,0,0,0,0
"1969397",0,0,0,0,0,0,0,0,0,0,0,0,0,0,0,1,0,0,0,0,0,0,0,0
"1971414",0,0,0,0,0,0,0,0,0,0,0,0,0,0,0,0,1,0,0,0,0,0,0,0
"1971430",1,0,0,0,0,0,0,0,0,0,0,0,0,0,0,0,0,0,0,0,0,0,0,0
"1972565",0,0,0,0,0,0,0,0,0,0,0,0,1,0,0,0,0,0,0,0,0,0,0,0
"1972569",1,0,0,0,0,0,0,0,0,0,0,0,0,0,0,0,0,0,0,0,0,0,0,0
"1972619",0,0,0,0,0,0,0,0,0,0,0,0,0,0,0,0,0,0,0,0,0,0,0,1
"1972626",0,0,0,0,0,0,0,0,0,0,0,0,0,0,0,0,1,0,0,0,0,0,0,0
"1972637",0,0,0,0,0,0,0,0,0,0,0,0,0,0,0,0,0,1,0,0,0,0,0,0
"1972685",0,0,1,0,0,0,0,0,0,0,0,1,0,0,0,0,0,0,0,0,0,0,0,0
"1977075",0,0,0,0,0,0,0,0,0,0,0,0,0,0,0,0,0,1,0,0,0,0,0,0
"1977105",0,0,0,0,0,0,0,0,0,0,0,0,0,0,0,0,0,0,0,0,0,0,1,0
"1977297",0,0,0,0,0,0,0,0,0,0,0,0,0,0,0,0,0,0,0,0,0,1,0,0
"1977299",0,0,0,0,1,0,0,0,0,0,0,0,0,0,0,0,0,0,0,0,0,1,0,0
"1978546",0,0,0,0,0,0,0,0,0,0,0,0,1,0,0,0,0,0,0,0,0,0,0,0
"1980458",0,0,0,0,0,0,0,0,0,0,0,0,0,0,0,1,0,0,0,0,0,0,0,0
"1980538",0,0,0,0,0,0,0,0,0,0,0,0,0,0,0,0,1,0,0,0,0,0,0,0
"1980918",0,0,1,0,0,0,0,0,0,0,0,0,1,1,0,0,0,0,0,0,0,0,0,0
"1980922",0,0,0,0,0,0,0,0,0,0,0,0,0,0,0,0,0,0,0,0,0,0,0,1
"1980928",1,0,0,0,0,0,0,0,0,0,0,0,0,0,0,0,0,0,0,0,0,0,1,0
"1980930",0,0,0,0,0,0,0,0,0,0,0,0,0,0,0,0,0,0,0,0,0,1,0,0
"1980931",0,0,0,0,0,0,0,0,0,0,0,0,0,0,0,1,0,0,0,0,0,0,0,0
"1980938",0,0,0,0,0,0,1,0,0,0,0,0,0,0,0,0,0,0,0,0,0,0,0,0
"1980945",0,0,0,1,0,0,0,0,0,0,0,0,0,0,0,0,0,0,0,0,0,0,0,0
"1980957",0,0,0,0,0,0,0,0,0,0,0,0,0,0,0,0,0,0,1,0,0,0,0,0
"1980959",0,0,0,0,0,0,0,0,0,0,0,0,0,0,0,0,0,0,0,0,1,0,0,0
"1981043",0,0,0,0,0,0,0,0,0,0,0,0,0,1,0,0,0,0,0,0,0,0,0,0
"1982078",0,0,1,0,0,1,0,0,1,0,0,0,0,0,0,0,0,0,0,0,0,0,0,0
"1982081",0,0,0,0,1,0,0,0,0,0,0,0,0,0,0,0,0,0,0,0,1,1,0,0
"1982085",0,0,0,1,0,0,0,0,1,0,0,0,0,1,0,1,0,0,1,1,0,0,0,0
"1982100",0,0,0,0,0,0,0,0,0,0,1,0,0,0,0,0,0,0,0,0,0,0,0,0
"1982245",0,0,1,0,0,0,0,0,0,0,0,0,0,0,0,0,0,0,0,0,0,0,0,0
"1982247",0,0,0,0,1,0,0,0,0,0,0,0,0,0,0,0,0,0,0,0,0,0,0,0
"1982253",0,0,0,0,0,0,0,0,0,0,0,0,0,0,0,0,0,0,0,0,0,0,0,1
"1982254",0,0,0,0,0,0,0,0,0,0,1,0,0,0,1,0,1,0,0,0,0,0,0,1
"1982258",0,0,0,0,0,0,0,0,0,0,0,0,0,0,0,0,0,0,0,0,0,1,0,0
"1982262",0,0,0,0,1,0,0,0,0,1,0,0,0,0,0,0,0,0,0,0,0,0,0,0
"1982267",0,0,0,0,0,0,0,0,0,0,0,0,1,0,0,0,0,0,0,0,0,0,0,0
"1982268",0,0,0,0,0,0,0,0,0,0,0,1,0,0,0,0,0,0,0,0,0,0,0,0
"1982298",0,0,0,0,0,0,0,0,1,0,0,0,0,0,0,0,0,0,0,0,0,0,0,0
"1982300",0,0,0,0,0,0,1,0,0,0,0,0,0,1,0,0,0,0,0,0,0,0,0,0
"1982302",0,1,0,0,0,0,0,0,0,0,0,0,0,0,1,0,0,0,0,0,0,1,0,0
"1982305",1,0,0,0,0,0,0,0,0,0,0,0,0,0,0,0,0,0,0,0,0,0,0,0
"1982308",0,0,0,0,0,0,0,0,0,1,0,0,0,0,0,0,0,0,0,0,0,0,0,0
"1982376",0,0,0,0,0,0,0,0,0,0,0,1,0,0,0,0,0,0,0,0,1,0,0,0
"1982377",0,1,0,0,0,0,1,0,1,0,0,0,0,0,0,0,0,0,0,0,0,0,0,0
"1982573",0,0,0,0,0,1,0,0,1,0,0,0,0,0,0,0,0,0,0,0,0,0,1,0
"1982576",0,0,0,0,0,0,0,0,0,1,0,0,0,0,0,0,0,0,0,0,0,0,0,0
"1982584",0,0,0,1,0,0,0,0,0,0,0,0,0,0,0,0,0,0,0,0,0,0,0,0
"1982588",0,0,0,0,0,0,0,0,0,0,0,0,0,0,0,0,1,0,0,0,0,0,0,0
"1982756",0,0,1,0,1,0,0,0,0,0,0,0,0,0,0,0,0,0,0,0,0,0,0,0
"1982916",0,1,0,0,0,0,0,0,0,0,0,0,0,0,0,0,0,0,0,0,0,0,0,0
"1983561",0,0,0,0,0,0,0,0,0,1,0,0,0,0,0,0,0,0,0,0,0,0,0,0
"1983562",0,0,0,0,0,0,0,0,0,1,0,0,0,1,1,0,0,0,0,0,1,0,0,0
"1983740",0,0,0,0,0,0,0,0,0,0,0,0,1,0,0,0,0,0,0,0,1,0,0,0
"1983741",0,0,0,0,0,0,0,0,0,0,0,0,1,0,0,0,0,0,0,0,0,0,0,0
"1984777",0,0,0,0,0,0,1,0,0,0,1,0,0,0,0,1,1,0,0,0,0,0,0,1
"1984778",1,0,0,0,0,1,0,0,0,0,0,0,0,1,0,0,1,0,0,1,0,0,0,0
"1984779",1,0,0,0,0,0,0,0,0,0,0,0,0,0,0,0,0,0,0,0,0,0,1,0
"1985177",0,0,1,0,0,1,0,0,0,0,0,0,0,0,0,0,0,0,0,0,0,0,0,0
"1985178",1,0,0,1,0,0,0,1,0,0,0,0,0,0,0,0,0,0,0,0,0,0,0,0
"1985292",0,0,0,0,0,0,0,0,0,0,1,0,1,0,0,0,0,0,0,0,0,0,1,0
"1985293",0,1,0,0,0,1,0,0,0,0,0,0,0,0,0,0,0,1,0,0,0,0,0,0
"1985304",0,0,0,0,0,0,0,0,0,0,0,0,0,0,0,0,0,0,0,0,1,0,0,0
"1985307",0,0,1,0,0,0,0,0,0,0,0,0,0,0,0,0,0,0,0,0,0,0,0,0
"1985336",0,0,0,0,0,0,0,0,0,0,0,1,0,0,1,0,0,0,0,0,0,0,0,0
"1985339",0,0,0,0,0,1,0,0,0,0,0,0,0,0,0,0,0,0,0,0,0,0,0,0
"1985354",1,0,0,0,0,0,0,0,0,0,0,0,0,0,0,0,0,0,0,0,0,0,0,0
"1985691",0,0,0,0,0,0,1,0,0,0,0,0,0,0,0,0,0,0,0,0,0,0,0,0
"1985702",0,0,0,0,0,0,0,0,0,0,0,0,0,0,0,0,1,0,0,0,0,0,0,0
"1985711",0,0,0,0,1,0,0,0,0,0,0,0,0,0,1,0,0,0,0,0,0,0,0,0
"1985723",1,0,0,0,0,0,0,0,0,0,0,0,0,1,0,0,0,0,0,0,0,0,0,0
"1985738",0,1,0,0,0,0,0,0,0,0,0,0,0,0,0,0,0,0,0,0,0,0,0,0
"1985739",1,0,0,1,0,0,0,0,0,0,0,0,0,0,0,0,0,0,0,0,0,0,0,0
"1985740",0,0,0,0,0,0,0,0,1,0,0,0,0,0,0,0,0,0,0,0,0,0,0,0
"1986015",0,0,0,1,0,0,0,0,0,0,0,0,0,0,0,0,0,0,0,0,0,0,0,0
"1987129",0,0,0,0,0,0,0,0,0,0,0,0,0,0,0,0,0,0,1,0,0,0,0,0
"1987148",0,0,0,0,0,0,0,0,0,1,0,0,0,0,0,0,0,0,0,0,0,0,0,0
"1987157",0,0,0,0,1,0,0,0,0,0,0,0,0,0,0,0,0,0,0,0,1,0,0,0
"1987500",0,0,0,0,0,1,0,0,0,0,0,0,0,0,0,0,0,0,0,0,0,0,0,0
"1987727",0,0,1,0,0,1,0,0,0,1,0,0,0,0,0,0,0,0,0,0,0,0,0,0
"1987938",0,0,0,0,0,0,0,0,0,1,0,0,0,0,0,0,0,0,0,0,0,0,0,0
"1987942",0,0,0,0,0,0,0,0,0,0,0,0,0,0,0,1,0,0,0,0,0,0,0,0
"1987993",0,1,0,0,0,1,0,0,0,0,0,0,0,0,0,0,0,0,0,0,0,1,0,0
"1987994",0,0,0,0,0,0,0,0,0,0,0,0,0,0,0,0,1,0,0,0,0,0,0,0
"1993884",0,0,0,0,0,0,0,0,0,0,0,0,0,0,0,0,0,0,0,0,0,0,0,1
"1993888",0,0,1,0,0,0,0,0,0,0,0,0,0,1,0,0,0,0,0,0,0,0,0,1
"2003503",0,0,0,0,0,0,0,0,0,0,1,0,0,0,1,0,1,1,0,0,0,0,0,0
"2003506",0,1,0,0,0,0,0,0,0,0,0,0,0,0,0,0,0,0,0,0,0,0,0,1
"2003673",1,0,0,0,0,1,0,0,0,0,0,0,0,0,0,0,0,0,0,0,0,0,0,0
"2004415",1,0,0,0,0,0,0,0,0,0,0,0,0,0,0,0,0,0,0,0,0,0,0,0
"2005044",0,1,0,0,0,0,0,0,0,0,0,0,0,0,0,0,0,0,0,0,0,0,0,0
"2005055",0,0,0,0,0,0,0,0,0,0,0,0,0,0,0,0,0,0,0,0,0,0,0,1
"2005463",0,0,0,0,1,0,0,0,0,0,0,0,0,0,0,0,0,0,0,0,0,0,0,0
"2005469",0,0,0,0,0,0,0,1,0,0,0,0,0,0,0,0,0,0,0,1,0,0,0,0
"2005693",0,0,0,0,0,0,0,0,0,0,0,0,1,0,0,0,0,0,0,0,0,0,0,0
"2005694",0,1,0,0,0,0,0,0,0,0,0,1,0,1,0,0,0,0,0,0,0,0,0,0
"2005696",0,0,1,0,0,0,0,0,0,0,0,0,0,0,0,1,0,0,0,0,0,0,0,0
"2005700",0,0,0,0,0,0,0,0,0,0,0,0,0,0,0,1,0,0,0,0,0,0,0,0
"2006133",0,0,0,0,0,0,0,0,0,0,0,0,0,0,0,0,0,0,0,0,1,1,1,0
"2006139",0,0,0,1,0,0,0,0,1,0,1,0,0,1,0,0,0,0,0,0,0,0,0,0
"2006169",0,0,1,0,0,1,0,0,0,0,0,0,0,0,1,0,0,0,0,0,0,0,1,0
"2006179",0,0,0,0,0,0,0,0,0,0,0,0,0,0,0,0,0,0,1,1,0,0,0,0
"2006928",0,0,0,0,0,0,0,0,0,0,0,0,0,0,0,0,0,0,0,1,0,0,0,0
"2010278",0,0,0,0,0,1,0,0,0,0,0,0,0,0,0,0,0,0,0,0,0,0,0,0
"2011073",0,0,0,1,0,0,0,0,0,0,0,0,0,0,0,0,0,0,0,0,0,0,0,0
"2015361",0,0,0,0,0,0,0,0,0,0,0,0,0,0,0,0,0,0,0,0,0,1,0,0
"2015375",1,0,0,0,0,1,0,0,0,0,0,0,0,0,0,0,0,0,0,0,0,0,0,0
"2015816",0,0,1,0,0,0,0,0,0,0,0,0,0,0,0,0,0,0,0,0,0,0,0,0
"2016468",0,0,0,0,0,0,0,0,1,0,0,0,0,0,0,0,0,0,0,0,0,1,0,0
"2016517",0,0,0,0,0,0,0,0,0,1,0,0,0,0,0,0,0,0,0,0,0,0,0,0
"2017714",0,0,0,0,0,0,0,0,0,0,0,0,1,0,0,1,0,0,0,0,0,1,0,0
"2019445",0,0,0,0,0,0,0,0,0,0,0,0,0,0,1,0,0,0,0,0,0,0,0,0
"2021667",0,0,0,0,0,0,0,0,0,0,1,0,0,0,0,0,0,0,0,0,0,0,0,0
"2022739",0,0,0,0,0,0,0,0,0,0,0,0,0,0,0,0,0,1,1,0,0,0,0,0
"2024279",0,0,0,0,0,0,0,0,0,0,0,0,0,0,1,0,0,0,0,0,0,1,0,0
"2025333",0,1,0,0,0,0,0,0,0,0,0,0,0,0,0,0,0,0,0,0,0,1,0,0
"2029293",1,0,0,0,0,0,0,0,0,1,0,0,0,0,1,0,1,0,0,0,1,0,0,0
"2029771",0,1,0,0,0,0,0,0,0,0,0,0,0,1,0,0,0,0,0,0,0,0,0,0
"2030964",1,0,0,0,0,0,0,0,0,0,0,0,0,0,0,0,0,0,0,0,0,0,0,0
"2032563",1,0,0,0,0,0,0,0,0,0,0,0,0,0,0,0,0,0,0,0,0,0,1,0
"2034343",0,0,0,0,0,0,0,0,0,0,0,0,0,0,0,0,0,1,0,0,0,0,0,1
"204050",0,0,0,0,1,0,0,0,0,0,0,0,0,0,0,0,0,0,0,0,0,0,0,0
"2040624",0,0,0,0,0,0,0,0,0,0,0,0,0,0,0,0,0,1,1,0,1,0,0,0
"2040655",1,0,0,0,0,0,0,0,0,0,0,0,0,0,0,0,0,0,0,0,0,0,0,0
"2040656",0,0,0,0,1,0,0,0,0,0,0,0,0,0,0,0,0,0,0,0,0,0,0,0
"2040658",0,0,0,0,0,0,0,0,0,0,0,0,0,0,0,0,0,0,0,0,0,1,0,0
"204269",0,1,0,0,0,0,0,0,0,0,0,0,0,0,0,0,0,0,0,0,0,0,0,0
"204619",0,0,0,0,0,0,0,0,0,0,0,0,0,0,0,0,0,0,0,0,1,0,0,0
"2047765",0,0,0,0,0,0,0,0,0,0,0,0,0,0,0,1,0,0,0,0,0,0,0,0
"2049888",0,0,0,0,0,0,0,0,0,1,0,0,0,0,0,0,0,0,0,0,0,0,0,0
"2049935",0,0,0,0,1,0,0,1,1,0,0,0,0,0,0,0,0,0,0,0,0,0,1,0
"2049937",0,0,0,0,0,0,0,0,0,0,0,0,0,0,0,0,0,1,0,0,1,0,0,0
"2049938",0,0,0,0,0,0,0,0,0,0,0,0,0,0,0,0,0,0,0,0,0,0,1,0
"2050021",0,1,0,0,0,0,0,0,0,0,0,0,0,0,0,0,0,0,0,0,0,0,0,0
"2050971",0,0,0,0,0,0,0,0,0,0,0,0,1,0,0,0,0,0,0,0,0,0,0,0
"2053079",1,1,0,0,0,0,0,0,0,0,0,0,0,0,0,0,0,0,0,0,0,0,0,0
"2053697",0,0,1,0,1,0,0,0,0,0,0,0,0,0,0,0,0,0,0,0,0,0,0,0
"2058318",0,0,0,0,0,0,1,0,0,0,0,0,1,0,0,0,0,0,0,0,0,0,0,0
"2058322",0,0,1,0,0,0,0,0,0,0,0,0,0,0,0,0,0,0,1,0,0,0,0,0
"2059380",0,0,1,0,0,0,1,0,0,0,0,0,0,0,0,0,0,0,0,0,0,0,0,0
"2060093",0,0,0,0,0,0,0,0,0,0,0,0,0,0,0,0,0,0,0,1,0,0,0,0
"2060112",0,0,0,0,0,0,0,0,1,0,0,0,0,0,0,0,0,0,0,1,0,0,0,0
"206392",0,0,1,0,0,0,0,0,0,0,0,0,0,0,0,0,0,0,0,0,0,0,0,0
"2065797",0,1,0,0,1,0,0,0,0,0,0,0,0,0,0,0,1,0,0,0,0,0,0,0
"2069324",0,0,0,0,0,0,0,0,0,0,0,0,0,0,0,0,0,0,0,0,1,0,0,0
"2079465",0,0,0,0,0,0,0,0,0,0,0,0,0,1,0,0,0,0,0,0,0,0,0,0
"2079554",0,1,0,0,0,0,0,0,0,0,0,0,0,0,0,0,0,0,0,0,0,0,0,0
"2080823",0,0,0,1,0,0,0,0,0,0,0,0,0,0,0,0,0,0,0,0,0,0,0,0
"2083444",0,0,1,0,0,0,0,0,0,0,0,1,0,0,0,0,1,0,0,1,0,0,1,0
"2093274",0,0,0,0,0,0,0,0,0,0,0,0,0,0,0,0,0,0,0,1,0,0,0,0
"210827",0,0,0,0,0,0,0,0,0,0,0,0,0,0,1,0,0,0,0,0,0,0,0,0
"211595",1,0,0,0,0,0,0,0,0,0,0,0,0,0,0,0,0,0,0,0,0,0,0,0
"2116174",0,0,0,0,0,0,0,0,0,0,0,0,0,0,0,0,0,0,0,0,0,0,0,1
"2116179",0,0,0,0,0,0,0,0,0,0,0,0,0,0,0,0,0,0,0,0,1,0,0,0
"2116207",0,0,0,0,0,0,0,0,0,0,0,0,0,0,0,0,0,0,0,1,0,0,0,0
"2126099",0,0,0,0,0,0,0,0,0,0,0,0,0,0,0,0,0,0,0,0,0,0,0,1
"2136038",0,0,0,0,0,1,0,0,1,0,0,0,0,0,0,0,0,0,0,0,0,0,0,0
"2137546",0,0,0,0,0,0,0,0,0,0,0,0,0,0,0,0,1,0,0,0,0,0,0,0
"213775",0,0,0,0,0,0,0,0,0,0,0,0,0,0,0,0,0,0,0,0,0,1,0,0
"2144178",0,0,0,0,0,0,0,0,0,1,0,0,0,0,0,0,0,0,0,0,0,0,0,0
"2152923",0,0,1,0,0,0,0,0,0,0,0,0,0,0,0,0,0,0,0,0,0,0,0,0
"2161803",0,0,0,0,0,0,0,0,0,0,0,1,0,0,0,0,0,0,0,0,0,0,0,0
"2161807",0,0,0,1,0,0,0,0,0,0,0,0,0,0,0,0,0,0,0,0,0,0,0,1
"2161878",0,0,0,0,0,0,0,0,0,0,0,0,0,0,0,0,1,0,0,0,0,0,0,0
"2169643",1,0,0,0,0,0,0,0,0,0,0,0,0,0,0,0,0,0,0,1,0,0,0,0
"2169653",0,0,1,0,0,1,0,0,0,0,0,0,0,0,0,0,0,0,0,1,0,0,0,0
"2169668",0,0,0,1,0,0,0,0,0,0,0,0,0,0,0,0,0,0,0,0,0,0,0,0
"2169687",0,0,1,0,0,0,0,0,0,0,1,0,0,0,0,0,0,0,0,0,1,0,0,1
"2169692",0,0,0,0,0,0,0,0,0,0,0,1,0,0,0,0,0,0,0,0,0,0,0,0
"2169693",0,0,0,0,0,0,0,0,0,0,0,0,0,1,0,0,0,0,0,0,0,0,0,0
"2169706",0,0,0,0,0,1,0,0,0,0,0,0,0,0,0,0,0,0,0,0,0,0,0,0
"2169760",0,0,0,0,0,0,0,0,0,0,0,0,0,0,0,0,0,0,0,0,0,0,1,0
"2169808",0,0,1,0,0,0,0,0,0,0,0,0,0,0,0,0,0,0,0,0,0,0,0,0
"2169811",0,0,0,1,0,0,1,1,0,1,0,1,0,0,0,1,0,0,0,0,1,0,0,0
"2169859",0,0,0,0,0,0,0,0,0,0,0,0,0,1,0,0,0,0,0,0,0,0,0,0
"2169862",0,0,0,0,1,1,0,0,0,0,0,0,0,0,0,0,0,0,0,0,0,0,0,0
"2169870",0,0,0,0,0,0,0,0,0,0,1,0,0,0,0,0,0,0,0,0,0,0,0,0
"2169872",0,0,1,0,0,0,0,0,0,1,0,0,0,0,1,0,0,0,0,0,0,0,0,1
"2169884",0,0,0,0,0,0,0,0,0,0,0,0,0,0,0,0,0,0,0,0,0,1,0,0
"2169918",0,0,0,0,0,0,0,0,0,0,0,0,0,0,0,0,0,0,0,0,0,0,1,0
"2170004",0,0,0,0,0,0,0,0,0,0,1,0,0,0,0,0,0,0,0,0,0,0,0,0
"2170115",0,0,0,0,0,0,0,0,0,0,0,0,0,0,0,0,0,0,0,1,0,0,0,0
"2170171",0,0,0,1,0,1,0,0,0,0,0,0,0,0,1,1,0,1,0,0,0,0,0,1
"2170197",0,0,0,0,0,0,0,0,0,0,0,1,0,0,0,0,0,0,0,0,0,0,0,0
"2170199",0,0,0,1,0,0,0,0,0,0,0,0,0,0,0,0,0,0,0,0,0,0,0,0
"2170203",0,0,0,0,1,0,0,0,0,0,0,0,0,0,0,0,0,0,0,0,0,0,0,0
"2170216",0,0,0,0,0,0,0,0,0,0,0,0,0,0,0,0,0,0,0,0,0,0,0,1
"2170247",0,0,0,0,1,0,0,0,0,0,0,0,0,0,0,0,0,0,0,0,0,0,0,0
"2170256",0,0,0,0,0,0,0,0,0,0,0,0,0,0,0,1,0,0,0,0,0,1,0,0
"2170408",0,0,0,0,0,0,0,0,0,0,0,1,0,0,1,0,0,0,0,0,1,0,0,0
"218111",0,0,0,0,1,0,0,0,0,0,0,0,0,0,1,0,0,0,0,0,0,1,1,0
"220340",0,0,0,0,0,0,0,0,0,0,0,0,0,0,0,1,0,0,0,0,0,0,0,0
"2219118",0,0,0,0,0,0,0,0,0,0,0,0,0,0,0,0,0,0,0,1,0,0,0,0
"222645",0,0,0,0,0,0,1,0,0,1,0,0,1,1,0,0,0,0,0,0,0,0,0,0
"223316",0,0,0,0,0,0,0,0,0,0,0,0,0,0,0,0,0,0,1,0,0,0,0,0
"223344",0,0,0,0,0,0,0,0,1,0,0,0,0,1,0,0,0,0,0,1,0,0,0,0
"223358",0,0,0,0,0,0,0,0,0,0,0,0,0,0,0,0,0,0,0,0,0,0,0,1
"2234086",1,0,0,0,0,0,0,1,0,0,0,0,0,0,0,0,0,0,0,0,0,0,0,0
"226613",0,0,0,0,0,0,0,0,0,1,0,0,0,0,1,0,0,0,0,0,0,0,0,0
"2267265",0,0,0,0,0,0,0,0,0,0,0,0,0,0,0,0,0,0,0,0,0,1,0,0
"2268743",0,0,0,0,0,1,0,0,1,0,0,0,0,0,0,0,0,0,0,0,0,0,0,0
"2282173",0,0,0,0,0,0,0,0,0,0,0,1,1,0,0,0,0,0,0,0,0,0,0,0
"2282206",0,1,0,0,0,0,0,0,0,0,0,0,0,0,0,0,0,1,1,0,0,0,0,0
"2283027",0,0,0,0,0,0,0,0,0,0,0,0,0,0,0,0,0,0,0,0,0,1,0,0
"228582",0,0,0,0,0,0,0,0,0,0,0,0,0,0,0,0,0,0,0,0,0,1,0,0
"2293277",0,0,0,0,0,0,0,0,0,0,0,0,0,0,0,0,0,0,0,0,0,1,0,0
"2293285",0,0,0,0,0,0,0,0,0,0,0,0,0,0,0,0,0,0,0,0,0,0,1,0
"2293305",0,0,0,0,0,0,0,0,0,0,1,0,0,0,0,0,0,0,0,0,0,0,0,0
"2301635",0,0,0,1,0,0,0,0,0,0,0,0,0,0,0,0,0,0,0,0,0,0,0,0
"2301732",0,0,0,0,0,0,0,0,0,0,0,1,0,0,0,0,0,0,0,0,0,0,0,0
"2304505",0,0,0,0,0,0,0,0,0,1,0,0,0,0,0,0,1,0,0,0,0,0,0,0
"2304619",0,0,1,1,1,0,0,0,0,0,0,0,0,1,0,1,0,0,0,0,0,0,1,1
"2305250",0,0,0,0,0,0,0,0,0,0,0,0,0,0,1,0,0,0,0,0,0,0,0,0
"2305257",0,0,0,0,0,0,0,0,0,0,1,1,0,0,0,0,0,0,0,0,0,0,0,0
"2306727",0,0,0,0,1,0,0,0,0,0,0,0,0,0,0,0,0,0,0,0,0,0,0,0
"2315627",0,0,0,0,0,1,0,0,0,0,0,0,0,0,0,0,0,0,0,0,0,0,0,0
"2315806",0,1,0,0,0,0,0,0,0,0,0,0,0,0,0,0,0,0,0,0,0,0,0,0
"2316",1,1,0,0,0,0,0,0,1,1,0,1,0,0,0,0,0,0,0,1,0,0,0,0
"2320870",0,1,0,0,0,0,0,0,0,0,0,0,0,0,0,0,0,0,0,0,0,0,0,0
"232800",0,0,0,0,0,0,0,0,0,0,0,0,0,1,0,0,0,0,0,1,0,0,0,0
"235266",0,0,0,0,0,0,0,0,0,0,0,0,0,0,0,0,0,1,0,0,0,0,0,0
"2364281",0,0,0,0,0,0,0,0,0,0,0,0,0,1,0,0,0,0,0,0,0,0,0,0
"2382122",0,1,0,0,0,0,0,0,0,0,0,0,0,0,0,0,0,0,0,0,0,0,0,0
"2419945",0,0,0,0,0,0,0,0,0,0,0,0,0,0,0,0,0,0,0,0,1,0,0,0
"2419947",0,0,0,0,0,1,1,0,0,0,0,0,0,0,0,0,0,0,0,0,0,0,0,0
"2420301",0,0,0,0,0,0,0,0,0,0,0,0,0,0,0,0,0,0,0,0,0,0,1,0
"2420309",0,0,0,0,0,0,1,0,0,0,0,0,0,0,0,0,0,0,0,0,0,0,0,0
"2420310",0,1,0,0,0,0,0,0,0,0,0,0,0,0,0,0,0,0,0,0,0,0,0,0
"2420313",1,0,0,0,1,1,0,0,0,0,0,1,0,0,1,1,0,0,1,0,0,1,0,0
"243550",0,0,0,0,0,0,0,0,0,0,0,0,0,0,0,0,0,0,0,0,1,0,0,0
"2486070",0,0,1,0,0,0,0,0,0,0,0,0,0,0,0,0,0,0,0,0,0,0,0,0
"2486281",0,0,0,0,0,0,0,0,0,0,0,0,0,0,0,0,0,1,0,0,0,0,0,0
"2490812",1,0,0,0,0,0,0,0,1,0,0,0,0,0,0,1,0,0,0,0,0,0,0,0
"2490813",0,0,0,0,0,0,0,0,0,0,0,0,1,0,0,0,0,0,0,0,0,0,0,0
"2490815",0,0,0,0,0,0,0,0,0,0,0,0,0,0,0,0,0,0,0,0,0,0,0,1
"2491323",0,0,0,0,0,0,0,0,0,0,0,0,0,0,0,1,0,0,0,0,0,0,0,0
"2492447",0,0,0,0,0,0,1,0,0,1,0,0,0,0,0,0,0,0,0,0,0,0,0,0
"2493108",0,0,0,0,0,0,0,0,0,0,0,0,0,0,0,0,0,1,0,0,0,0,0,0
"2493109",0,0,0,0,1,0,1,0,0,0,0,0,1,0,0,0,0,0,0,0,1,0,0,1
"2495532",0,0,0,0,0,0,0,0,0,0,0,0,0,1,0,0,0,0,0,0,0,0,0,0
"2499159",0,0,0,1,1,0,0,0,0,0,0,0,1,0,0,0,0,0,0,0,0,0,0,0
"2499620",0,1,0,0,0,1,0,0,0,0,0,0,0,0,0,0,0,0,0,0,0,0,0,0
"2499625",0,0,0,0,0,0,0,0,0,0,0,1,0,0,0,0,0,1,0,1,0,0,0,0
"2499685",0,0,0,1,0,0,0,0,0,0,0,0,0,0,0,0,0,0,0,0,0,0,0,0
"2499930",0,0,0,0,0,0,0,0,0,0,1,0,0,0,0,0,0,0,0,0,0,0,0,0
"2500560",0,0,0,0,0,1,0,0,0,0,0,0,0,0,0,0,0,0,1,0,0,0,0,0
"2501271",0,0,0,0,0,0,0,0,0,0,0,0,0,0,0,0,0,0,0,0,0,0,0,1
"2501929",0,0,0,0,0,0,1,1,0,0,0,0,0,0,0,0,0,0,0,0,0,0,0,0
"2501934",0,0,0,0,1,0,0,0,0,0,0,0,0,0,0,0,0,0,0,0,0,0,0,0
"2501954",0,0,0,0,0,0,0,0,1,0,0,0,1,1,0,0,0,0,0,0,0,0,0,0
"2501956",0,0,0,1,0,0,0,0,0,0,0,0,0,0,0,0,0,0,0,0,0,0,0,0
"2501960",0,0,0,0,0,0,0,0,0,0,0,0,0,1,0,0,0,0,0,0,0,0,0,0
"2501962",0,0,0,0,1,0,0,0,0,0,0,0,0,0,0,0,0,0,0,0,0,0,0,0
"2501964",0,0,0,0,0,1,0,0,0,0,0,0,0,0,0,0,0,0,0,0,0,0,0,0
"2507290",0,1,0,0,0,0,0,0,0,1,0,0,0,0,0,0,0,0,0,0,0,0,0,0
"2507498",0,0,0,0,0,0,0,1,0,0,0,0,0,0,0,0,0,0,0,0,0,1,0,0
"2507499",1,0,0,0,0,0,0,0,0,0,1,0,0,0,0,0,0,0,0,0,0,0,0,0
"2507503",0,1,0,0,0,0,0,0,0,0,0,0,0,0,0,0,0,0,0,0,0,0,0,0
"2508185",0,0,1,0,0,0,0,0,0,0,0,0,0,0,0,0,0,0,0,0,0,0,0,0
"2508235",0,0,0,0,0,0,0,0,0,0,0,0,0,0,0,0,0,0,0,1,0,0,0,0
"2508252",0,0,0,0,0,0,0,1,0,0,0,0,0,0,0,0,0,0,0,0,0,0,0,0
"2509266",0,0,0,0,1,0,0,0,0,0,0,0,0,0,1,0,0,0,0,0,0,0,0,0
"2509380",0,0,0,0,0,0,0,0,0,0,0,0,0,0,0,1,0,0,0,0,0,0,0,0
"2509381",0,0,0,0,0,0,0,0,0,0,0,0,0,0,0,0,0,0,0,0,0,1,0,0
"2509395",0,0,0,0,0,0,0,0,1,0,0,0,0,0,0,0,0,0,0,0,0,0,0,0
"2509576",1,0,0,0,1,0,0,1,0,0,0,0,0,0,0,0,0,0,0,0,1,1,0,0
"2509728",0,0,0,0,0,0,0,0,0,1,1,0,0,0,1,0,0,0,0,0,0,0,0,0
"2510428",0,0,0,0,0,0,0,0,0,0,0,0,0,0,0,0,0,1,1,0,1,0,0,0
"2510494",0,0,0,0,0,0,0,0,0,0,0,0,0,0,0,1,0,0,0,0,0,0,0,0
"2518008",1,0,0,0,0,0,0,0,0,0,0,0,0,0,0,0,0,0,0,0,0,0,0,0
"2529121",0,1,0,0,0,0,0,0,1,0,0,0,0,0,0,0,0,0,0,0,0,0,0,1
"2530021",0,0,0,0,1,0,0,0,0,0,0,0,0,0,0,0,0,0,0,0,0,0,0,0
"2530161",0,0,0,0,0,0,0,0,0,0,1,0,0,0,0,1,0,0,0,0,0,0,0,0
"2547964",0,0,0,0,0,0,0,1,0,0,0,1,0,1,0,0,0,0,0,0,0,1,0,0
"255066",0,0,0,0,0,0,0,0,0,0,0,0,0,1,0,0,0,0,0,0,0,0,0,0
"2557970",0,0,0,0,0,0,1,0,0,0,0,0,0,0,0,0,0,0,0,0,0,0,0,0
"2560094",0,0,0,0,0,0,0,0,0,0,1,1,0,1,0,0,0,0,0,1,0,0,0,1
"2560124",0,0,0,0,0,0,0,0,0,0,0,0,0,0,0,0,0,0,0,1,0,0,0,0
"2560131",0,0,0,0,0,0,0,0,0,0,0,0,0,0,0,0,0,0,0,0,0,0,1,0
"2560141",0,0,0,0,0,0,0,0,0,1,0,0,0,0,0,0,0,0,0,0,0,0,0,0
"2560153",1,0,0,0,0,0,0,0,0,0,0,0,0,0,0,0,0,0,0,0,0,0,0,0
"2560189",0,0,0,0,0,0,0,0,0,0,0,0,0,0,0,0,0,0,0,0,0,1,0,0
"2560255",0,0,0,0,0,0,0,0,0,0,0,0,0,0,0,0,1,0,0,0,0,0,0,0
"2560256",0,0,0,0,0,0,0,0,1,0,1,1,0,0,0,0,0,0,0,0,0,0,0,0
"2560260",0,0,1,0,0,0,0,0,0,0,0,0,0,0,1,0,0,0,0,0,0,0,0,0
"2560266",0,0,0,0,0,0,0,0,0,1,0,0,1,0,0,0,0,0,0,0,0,0,1,0
"2560284",0,0,0,0,0,0,0,0,0,1,0,0,0,0,0,0,0,0,0,0,0,0,0,0
"2560289",1,0,0,0,0,0,1,0,0,0,0,0,0,0,0,0,0,0,1,0,0,1,0,0
"2560290",0,0,0,0,0,0,0,0,0,0,0,0,0,0,1,0,0,0,0,0,0,0,0,0
"2560292",0,0,0,0,0,0,0,0,0,0,0,0,1,0,0,0,0,0,0,0,0,0,1,0
"2560299",0,1,0,0,0,0,0,0,0,0,0,0,0,1,0,0,0,0,0,0,0,0,0,0
"2560304",0,0,0,0,0,0,0,0,0,0,0,0,0,0,0,0,0,1,0,0,0,0,0,0
"2560307",1,0,0,0,0,0,1,1,0,0,0,0,0,0,0,0,0,0,0,0,0,0,0,0
"2560309",0,0,1,0,0,0,0,0,0,0,0,0,0,0,0,0,0,0,0,0,0,0,0,0
"2560332",0,1,0,0,0,0,0,1,0,0,0,0,0,0,0,0,0,0,1,0,0,0,0,0
"2560333",0,0,0,0,0,0,0,0,0,0,1,0,0,0,0,0,0,1,0,0,0,0,0,0
"2560336",0,1,0,0,0,0,0,0,1,0,0,0,0,1,0,0,0,1,0,0,0,0,0,0
"2560337",0,0,0,0,1,0,0,0,1,0,0,0,0,0,0,0,0,0,0,0,0,1,0,0
"2560353",0,0,0,0,0,0,0,0,0,0,0,0,0,0,0,0,1,0,0,0,0,0,0,0
"2560383",0,0,0,0,0,0,0,0,0,0,0,0,0,0,0,0,1,0,0,0,0,0,0,0
"2560384",0,0,0,0,0,0,0,0,0,0,0,0,0,0,0,0,0,1,0,0,0,0,0,0
"2560390",0,0,0,0,0,0,0,0,0,0,0,0,0,0,0,0,0,0,0,0,0,0,0,1
"2560395",0,0,0,0,0,0,1,0,0,0,0,1,0,0,0,0,0,0,0,0,0,0,1,0
"2560398",1,0,0,0,0,0,0,0,0,0,0,0,0,0,0,0,0,0,0,0,0,0,0,0
"2560399",0,0,0,0,0,0,0,0,0,0,0,1,0,0,0,0,0,0,0,0,0,0,0,0
"2560409",0,0,0,0,1,0,0,0,1,0,0,0,0,0,0,0,0,0,0,0,0,1,0,0
"2560422",1,0,0,0,0,1,0,0,0,0,0,0,0,0,0,0,0,0,0,0,0,0,0,0
"2560432",0,0,0,0,0,0,0,0,1,0,0,0,0,0,0,0,0,0,0,0,0,0,0,0
"2560433",0,0,0,0,0,0,0,0,0,0,0,0,0,0,0,0,0,0,0,0,0,1,0,0
"2560439",0,0,0,1,0,0,0,0,0,0,0,0,0,0,0,0,0,0,0,0,0,0,0,0
"2560442",0,0,0,0,1,0,0,0,0,0,0,0,0,0,0,0,0,0,0,0,0,0,0,0
"2560448",0,0,0,0,0,0,0,0,0,0,1,0,0,0,0,0,0,0,0,0,0,0,0,0
"2560462",1,0,0,0,0,0,0,0,0,0,0,0,0,0,0,0,0,0,0,0,0,0,0,0
"2560463",0,0,0,0,0,1,0,0,0,0,0,0,0,0,1,0,0,0,0,1,0,1,1,0
"2560464",1,0,0,0,0,0,0,0,0,0,0,0,0,0,0,0,0,0,0,0,0,0,0,0
"2560474",0,0,0,0,0,0,1,0,0,0,0,0,0,0,0,0,0,0,1,0,0,0,0,0
"2560479",0,0,0,1,1,0,0,0,0,0,0,0,0,0,0,0,0,0,0,0,0,0,0,0
"2560482",0,0,0,0,0,0,0,0,1,0,0,0,0,0,0,0,1,0,0,0,0,0,0,0
"2560496",0,1,0,0,0,0,0,0,0,0,0,0,0,0,0,0,0,0,1,1,0,0,0,0
"2560508",1,1,0,1,1,1,0,0,1,1,0,0,0,0,0,0,0,0,0,0,0,0,0,1
"2560530",1,0,0,0,0,0,0,0,0,0,0,0,0,0,0,0,0,0,0,0,1,0,0,0
"2560539",1,0,1,0,0,0,0,0,1,0,0,0,0,0,0,0,1,0,0,0,0,0,0,0
"2560545",0,1,0,0,0,1,0,0,0,0,0,0,0,0,0,0,0,0,0,0,0,0,0,0
"2560553",0,0,0,0,0,0,0,1,0,0,0,0,0,0,0,0,0,0,0,0,0,0,0,0
"2560560",0,0,0,0,1,0,0,0,0,0,0,0,0,1,0,0,0,0,0,0,0,1,0,0
"2560578",0,0,1,0,0,0,0,0,0,0,0,0,0,0,0,0,1,0,0,0,0,0,0,0
"2560597",0,0,0,1,0,0,0,0,0,0,0,0,0,0,0,0,0,0,0,0,0,0,0,0
"2560606",0,0,0,1,0,0,0,0,0,0,0,0,0,0,1,1,0,0,0,0,0,0,0,0
"2560615",0,0,0,0,0,0,0,0,0,1,0,0,0,1,0,0,0,0,0,0,0,0,0,0
"2560619",0,0,0,0,0,0,0,0,0,0,0,0,0,0,0,0,1,0,0,0,0,0,0,1
"2560623",1,0,0,0,1,0,0,0,0,0,0,0,0,0,0,0,0,0,0,0,0,0,0,0
"2560629",1,0,0,1,0,0,0,0,0,0,1,0,1,0,0,0,0,0,0,0,0,0,0,0
"2560630",0,0,0,0,0,0,0,0,0,0,0,0,0,0,0,0,0,0,0,0,0,1,0,0
"2560636",0,0,0,0,0,0,0,0,0,0,0,0,0,0,0,0,0,0,0,1,0,0,0,0
"2560651",0,0,0,0,0,0,0,0,0,1,0,0,0,0,0,0,0,0,0,0,0,0,0,0
"2560652",0,1,0,1,0,0,0,0,0,1,0,0,0,0,0,0,0,0,0,0,0,0,0,0
"2560661",0,0,0,0,0,0,0,0,0,0,0,1,0,0,0,0,0,0,0,0,0,0,0,0
"2560664",0,0,0,0,0,1,0,0,0,0,0,0,0,0,0,0,0,0,0,0,0,0,0,0
"2560670",0,0,0,0,0,1,0,0,0,0,0,0,0,0,0,0,0,0,0,0,0,1,0,0
"2560678",0,0,0,0,0,0,0,0,0,0,0,0,0,0,0,0,0,0,0,0,0,0,0,1
"2560687",0,0,0,0,0,0,0,0,0,0,0,0,0,0,0,0,0,1,0,0,0,0,1,0
"2560740",0,0,0,1,0,0,0,0,0,0,0,0,0,0,0,0,0,0,0,0,0,0,0,0
"2560752",0,1,0,0,0,0,0,0,0,0,0,0,0,0,0,0,1,0,1,0,0,0,0,1
"2560756",0,0,0,0,0,0,0,0,0,0,0,0,0,0,0,0,0,0,1,0,0,0,0,0
"2560757",0,0,0,0,0,0,0,0,0,0,0,0,0,0,0,0,0,0,0,1,0,0,0,0
"2560761",0,0,0,0,0,0,0,0,1,0,0,0,0,0,0,0,0,0,0,0,0,0,0,0
"2560762",0,0,1,0,0,0,0,0,0,0,0,0,0,0,0,0,0,0,0,0,0,0,0,0
"2560836",0,0,0,0,0,1,0,0,0,0,0,0,0,0,0,0,0,0,0,0,0,0,1,0
"2562174",0,0,0,0,0,0,0,0,1,0,0,0,0,0,0,0,0,0,0,0,0,0,0,0
"2562463",0,0,0,0,0,0,0,1,0,0,0,0,0,0,0,0,0,0,0,0,0,0,0,0
"2562518",0,0,0,0,0,1,0,0,0,0,0,0,0,0,0,0,0,0,0,0,0,0,0,0
"2563666",1,0,0,0,0,0,0,1,0,0,0,0,0,0,0,0,0,0,0,0,0,0,0,0
"2569586",1,0,0,0,0,0,0,0,0,0,0,0,0,0,0,0,0,0,0,0,0,0,0,0
"2572065",0,0,0,0,0,1,0,0,0,0,0,0,0,0,0,0,0,1,0,0,0,0,0,0
"2575",0,1,0,0,0,0,0,0,0,0,0,0,0,0,0,0,0,0,0,0,0,0,0,0
"2575328",0,0,0,0,0,0,0,0,0,0,0,0,0,0,1,0,0,0,0,0,0,0,0,0
"2575355",0,0,0,0,0,0,0,0,0,0,0,0,1,0,0,0,0,0,0,0,0,0,0,0
"2576606",0,0,0,0,1,0,0,0,0,0,0,0,0,0,0,0,0,0,0,0,0,0,0,0
"2576759",0,0,0,0,0,0,0,0,1,0,0,0,0,0,0,0,0,0,0,0,0,0,0,1
"2576763",0,0,0,0,0,0,0,0,0,0,0,0,0,0,0,1,0,0,0,0,0,0,0,0
"2578110",1,0,0,0,0,1,0,0,0,0,0,0,0,0,0,0,0,0,0,0,0,0,1,0
"2578115",0,0,0,0,0,0,0,1,0,0,0,0,0,0,0,0,0,0,0,0,0,0,0,0
"2580409",0,0,0,0,0,0,0,0,0,0,0,0,0,1,0,0,0,0,0,0,0,0,0,0
"2583593",0,1,0,0,0,0,0,0,0,0,0,0,0,0,0,0,0,0,0,0,0,0,0,0
"2583631",0,0,0,0,0,0,0,1,1,0,0,0,0,0,0,0,0,0,0,0,1,0,0,0
"2587863",0,1,0,0,0,0,0,0,0,0,0,0,0,0,0,0,0,0,0,0,0,0,0,0
"2591110",0,0,0,0,0,0,0,0,0,0,0,0,1,0,0,0,0,0,0,0,0,0,0,0
"2591379",0,1,0,0,0,1,0,0,0,0,0,0,0,0,1,0,0,0,0,0,0,0,0,0
"2591635",0,0,0,1,0,0,0,0,0,0,0,0,0,0,0,0,0,0,0,0,0,0,0,0
"2593322",0,1,1,0,0,0,0,0,0,0,1,1,0,0,0,0,0,0,0,0,1,1,1,0
"2593922",0,0,0,0,0,0,0,0,0,0,0,1,0,0,0,0,0,0,0,0,0,0,0,0
"2596676",0,0,0,0,0,0,0,0,0,0,0,1,0,0,0,0,0,0,0,0,0,0,0,0
"2596882",0,0,0,0,0,0,0,0,0,0,0,0,0,0,0,0,0,0,1,0,0,0,0,0
"2600160",0,0,0,0,0,0,0,0,0,0,0,0,0,0,1,0,0,0,0,0,0,0,0,0
"2607629",0,0,1,0,0,0,0,0,0,0,0,0,0,0,0,0,0,0,0,0,0,0,0,0
"2608606",0,0,0,0,0,0,0,0,0,0,0,0,0,0,0,0,0,0,0,0,0,0,1,0
"262588",0,0,0,0,0,0,0,0,0,0,0,0,0,0,0,0,0,1,0,0,0,0,0,0
"263437",0,1,0,0,0,0,0,0,0,0,0,0,0,0,0,0,1,0,0,0,0,0,0,0
"2653660",0,0,0,0,0,0,0,0,0,0,0,0,0,0,0,0,0,0,0,0,0,0,0,1
"2654843",0,0,1,0,1,0,0,0,0,0,0,0,0,0,0,0,0,0,0,0,0,0,0,0
"2661921",0,0,0,0,0,1,0,0,0,0,0,0,0,0,0,0,0,0,0,1,0,0,0,0
"2661922",0,1,0,0,1,0,0,0,0,0,0,0,0,1,0,0,0,0,0,0,0,1,1,0
"2666132",0,0,0,0,0,0,0,0,0,0,0,0,0,0,0,0,0,0,0,0,1,0,0,0
"2683043",0,1,0,0,0,0,0,0,0,0,0,0,0,0,0,0,0,0,0,0,0,0,0,0
"2686202",0,1,0,0,0,0,0,0,0,0,0,0,0,0,0,0,0,0,0,0,0,0,0,0
"2686208",0,0,0,0,0,0,0,1,0,0,0,0,0,0,0,0,0,0,0,0,0,0,1,0
"2686301",0,0,0,0,0,0,0,1,0,0,0,0,0,0,0,0,0,0,0,0,0,0,0,0
"2686312",0,0,0,0,0,0,0,0,0,0,0,0,0,1,0,0,0,0,1,0,0,0,0,0
"2686364",0,0,0,0,0,0,1,0,0,0,0,0,0,0,0,0,0,1,0,0,0,0,0,0
"268748",0,0,0,0,0,0,0,1,0,0,0,1,0,0,0,0,0,0,0,0,0,0,0,0
"2692113",0,0,1,0,1,1,0,0,0,0,0,0,0,0,0,0,1,0,1,1,1,0,0,1
"2696356",0,0,0,0,0,0,0,0,0,0,0,0,0,0,0,1,0,0,1,0,0,0,0,0
"2696442",1,0,0,0,0,0,0,0,0,0,0,0,0,0,0,0,0,0,0,0,0,1,0,0
"2712024",1,0,0,0,0,0,0,0,0,1,0,0,0,0,0,0,0,0,0,0,0,0,0,0
"271257",0,0,1,0,0,0,0,0,0,0,0,0,0,0,0,0,0,0,0,0,0,0,0,0
"2712970",0,1,0,0,0,0,0,0,1,0,0,0,0,0,0,0,0,0,0,0,0,0,0,0
"2712977",0,0,1,0,0,0,0,0,0,0,0,0,0,0,0,0,0,0,1,0,0,1,0,0
"2713208",0,1,0,1,0,0,0,0,0,0,0,0,0,0,0,0,0,1,0,0,0,0,0,0
"2713224",1,0,0,0,0,1,0,0,0,0,0,0,1,0,0,0,0,0,0,0,0,0,0,0
"2713269",1,0,1,0,1,1,0,1,0,0,0,1,0,0,1,0,0,0,0,0,0,0,0,0
"2715962",0,0,1,0,0,0,0,0,0,0,0,0,0,0,0,0,0,0,0,0,0,0,0,0
"2719181",0,0,0,0,0,0,0,0,0,0,0,0,0,0,0,1,0,0,0,0,0,0,0,0
"2721749",0,0,0,0,0,0,0,0,0,0,0,0,0,0,0,0,0,0,0,0,1,0,0,0
"2730357",0,1,0,1,1,0,0,0,0,0,1,0,0,0,0,0,0,0,0,1,1,0,0,0
"2730845",1,0,0,0,0,0,1,0,0,0,0,1,0,0,1,0,0,0,0,0,0,0,0,0
"2730849",0,0,0,0,1,0,0,0,0,0,0,0,0,0,0,0,0,0,0,0,0,0,0,0
"2730850",0,0,0,0,0,0,1,0,0,0,0,1,0,0,0,0,0,0,0,0,1,0,0,0
"2731623",0,0,0,0,1,0,0,0,0,0,0,0,0,0,0,0,0,0,0,0,0,0,0,0
"2731624",0,0,0,0,1,0,0,0,0,0,0,0,0,0,1,0,0,0,0,0,0,0,1,0
"2731677",0,0,0,0,0,0,0,0,0,0,0,0,0,0,0,0,0,0,0,0,0,0,0,1
"2731937",0,0,0,0,0,0,0,0,0,0,0,0,0,0,0,0,0,0,0,0,1,1,0,0
"2731985",0,0,0,1,0,0,0,0,0,0,0,0,0,0,0,0,0,0,0,0,0,0,0,0
"2731989",0,0,0,0,0,0,0,0,0,0,0,0,0,0,0,0,1,0,0,0,0,0,0,0
"2732027",0,0,0,0,0,0,0,0,0,0,0,0,0,0,0,0,0,0,0,0,0,1,0,0
"2732038",1,0,0,0,0,0,0,0,1,0,0,0,0,0,0,0,0,0,0,0,0,0,0,0
"2732591",0,0,0,0,0,0,0,0,0,0,0,0,0,0,0,0,0,0,1,0,0,0,1,0
"2732684",0,0,0,0,0,0,0,0,0,0,0,0,0,0,1,0,0,0,0,0,0,0,0,0
"2732691",0,0,0,0,0,0,0,0,0,0,1,0,0,0,0,1,0,0,0,0,0,0,0,0
"2732697",1,0,0,0,0,0,0,0,0,0,0,0,0,0,0,0,0,0,0,0,0,0,0,0
"2732698",1,0,0,0,0,0,0,0,0,0,0,1,0,0,1,0,0,0,0,0,0,0,0,0
"2732700",0,0,1,0,0,0,0,0,0,0,0,0,0,0,0,0,0,0,0,0,0,0,0,0
"2732711",1,1,0,0,0,0,0,0,0,0,0,0,0,0,0,0,0,0,0,0,0,0,0,0
"2732712",0,0,0,0,0,0,0,0,0,0,0,0,0,0,0,0,1,0,0,0,0,0,0,0
"2732764",0,0,0,0,0,0,0,0,1,0,0,0,0,0,0,0,0,0,0,0,0,0,0,0
"2732765",0,0,0,1,0,0,0,0,1,0,0,0,0,0,0,0,0,0,0,0,0,0,0,0
"2732775",0,0,1,0,0,0,0,1,0,0,0,0,0,0,0,0,0,0,0,0,0,0,0,0
"2732780",0,0,0,0,1,0,0,0,0,0,0,0,0,0,0,0,0,0,0,0,0,0,0,0
"2732892",0,0,0,0,0,0,1,0,0,0,0,0,0,0,0,0,0,0,0,0,0,0,0,0
"2732921",0,0,0,0,0,0,0,0,0,0,0,0,0,0,0,0,0,0,0,0,0,0,0,1
"2732939",0,0,0,0,0,0,0,0,0,0,0,0,0,1,0,0,0,0,0,0,0,0,0,0
"2732960",0,0,0,1,0,0,0,0,0,0,0,0,0,0,0,0,0,0,1,0,0,0,0,0
"2732964",0,0,0,1,0,0,0,0,0,0,0,0,0,0,0,0,0,0,0,0,0,0,0,0
"2732972",0,0,0,0,0,0,0,0,0,0,0,0,0,0,0,0,0,0,1,0,0,0,0,0
"2733117",0,0,0,0,1,0,0,0,0,0,0,0,0,0,0,0,0,0,0,0,0,0,0,0
"2733130",0,0,0,0,0,0,0,0,0,0,0,0,0,0,0,0,0,0,0,0,1,0,0,0
"2733139",0,0,0,1,0,0,0,0,0,0,0,0,0,0,0,0,0,0,0,0,0,0,0,0
"2733141",0,1,0,0,0,0,0,0,0,0,0,0,0,1,0,0,0,0,0,0,0,0,0,0
"2733146",0,0,0,0,0,0,0,1,0,0,0,0,0,0,1,0,0,0,0,0,0,0,0,0
"2733160",0,0,0,0,0,0,0,0,0,0,0,1,0,0,0,0,0,0,0,0,0,0,0,0
"2733162",0,0,1,0,0,0,0,0,0,0,0,0,0,0,0,0,0,0,0,0,0,0,0,0
"2733167",0,0,0,0,0,0,0,0,0,0,1,0,0,0,0,0,0,0,0,0,0,0,0,1
"2733197",0,1,0,0,0,0,0,0,0,0,0,1,0,0,0,0,0,0,1,0,0,0,1,0
"2733297",0,0,0,0,0,0,0,1,0,0,0,0,0,0,0,0,0,0,0,0,0,0,0,0
"2733322",0,0,0,1,0,0,0,0,0,0,0,0,0,0,0,0,0,0,0,0,0,0,0,0
"2733327",0,0,1,0,0,0,0,0,0,0,0,0,0,0,0,0,0,0,0,0,0,0,0,0
"2733342",0,0,0,0,0,0,0,0,0,0,1,0,0,0,0,0,0,0,0,0,0,0,0,0
"2733356",0,0,0,0,0,1,0,0,0,0,0,0,0,0,0,1,0,0,0,0,0,0,0,0
"2733367",0,0,1,0,0,0,0,0,0,0,1,0,0,0,0,0,0,1,0,0,0,1,0,0
"2733375",0,0,0,0,0,0,0,0,0,0,0,0,0,0,1,0,0,0,0,0,0,0,0,0
"2733377",0,0,0,0,0,0,0,0,0,0,0,0,0,0,0,0,0,0,1,0,0,0,0,0
"2733578",0,0,0,1,0,0,0,0,0,0,0,0,0,0,0,0,0,0,0,0,0,0,0,0
"2733580",0,1,0,0,0,0,0,0,0,0,0,0,0,0,0,0,0,0,0,0,0,0,0,0
"2733581",0,0,0,0,0,0,0,0,0,0,0,0,0,0,0,0,0,0,0,0,0,0,1,0
"2733587",0,1,0,0,0,0,0,0,0,0,0,0,1,0,0,0,1,0,0,0,0,0,0,0
"2733597",0,0,0,0,0,0,0,0,0,0,0,1,0,0,0,0,0,0,0,0,0,0,0,1
"2733598",0,0,0,0,0,0,0,0,0,0,0,0,0,0,0,0,0,0,0,0,0,0,0,1
"2733599",0,0,0,0,0,0,0,0,0,0,1,0,0,0,0,0,0,0,0,0,0,0,0,0
"2733601",1,0,0,0,0,0,0,0,1,0,0,0,0,0,0,0,0,0,0,0,0,0,0,0
"2733604",0,0,0,0,0,0,0,0,0,0,0,0,0,0,0,0,0,0,0,1,0,0,0,0
"2733606",0,0,0,0,0,0,0,0,0,0,0,0,0,0,0,0,0,1,0,0,0,0,0,0
"2733608",0,0,0,1,0,0,0,0,0,0,0,0,0,0,0,0,0,0,1,0,0,0,0,1
"2733610",0,0,0,0,0,0,0,0,0,0,0,1,0,0,0,0,0,0,0,0,0,0,0,0
"2733616",0,0,0,0,0,1,0,0,0,0,0,1,0,0,0,1,0,0,0,0,0,0,0,0
"2733617",0,1,0,0,0,0,0,0,0,0,0,1,0,0,0,0,0,0,0,0,0,0,0,0
"2733627",0,0,0,0,0,0,0,0,0,0,0,1,0,0,0,0,0,0,0,0,0,0,0,0
"2733629",0,0,0,0,0,0,1,0,0,0,0,1,0,0,1,0,0,0,0,0,0,0,0,0
"2733630",0,0,0,0,0,0,0,0,0,0,0,0,0,0,0,0,0,0,0,0,0,0,1,0
"2733632",0,0,0,0,0,0,0,0,0,0,0,0,0,0,0,0,0,0,0,0,0,1,0,0
"2733640",0,0,0,0,0,0,0,0,0,0,0,0,0,0,0,1,0,0,0,0,0,0,0,1
"2733642",0,1,0,0,0,0,0,0,0,0,0,0,0,0,0,0,0,0,0,0,0,0,0,0
"2733643",0,0,0,0,0,0,0,0,0,1,0,0,0,0,0,0,0,0,0,0,0,0,0,0
"2733649",0,0,0,0,0,0,0,0,0,0,0,0,0,0,0,0,0,0,1,0,0,0,0,0
"2733651",0,0,0,0,0,0,0,0,0,0,0,0,0,0,0,0,0,0,0,1,0,0,0,0
"2733656",1,0,0,0,1,0,0,0,0,0,0,0,0,0,0,0,0,0,0,0,0,0,0,0
"2733657",1,0,0,0,0,0,0,0,0,0,0,0,0,0,0,0,1,0,0,1,1,0,0,0
"2733659",0,0,0,0,0,0,0,1,0,0,0,0,1,0,1,0,0,0,1,0,0,0,0,0
"2733660",0,0,0,0,1,1,0,0,0,0,1,0,0,0,0,0,0,0,0,0,0,0,1,1
"2733661",0,0,0,1,0,0,0,0,0,0,0,0,0,0,0,0,1,0,0,1,0,0,0,0
"2733662",0,0,0,0,0,0,0,0,0,0,1,1,0,0,0,0,0,0,0,0,1,0,0,0
"2733664",0,0,0,0,0,0,0,0,0,0,0,0,0,0,0,0,1,0,0,0,0,0,0,0
"2733670",0,0,0,0,0,0,0,0,0,0,0,0,0,1,0,0,0,0,0,0,0,0,0,0
"2733671",0,0,0,0,0,0,0,0,0,1,0,0,0,0,0,0,0,0,0,0,0,0,0,0
"2733675",0,0,0,0,0,0,0,0,0,0,0,0,0,0,0,0,0,0,0,0,0,0,1,0
"2733676",0,0,0,0,0,0,0,0,0,0,0,0,0,0,0,0,0,0,0,0,0,0,1,0
"2733677",0,0,0,0,0,0,1,0,0,0,0,0,0,0,0,0,0,0,0,0,0,0,0,0
"2733678",0,0,0,0,1,0,0,0,0,0,0,0,0,0,0,0,0,0,0,0,0,0,0,0
"2733679",0,0,0,0,0,0,0,0,0,0,0,0,0,0,0,0,0,0,1,0,1,0,0,0
"2733881",0,0,0,0,0,0,0,0,0,0,0,1,0,0,0,0,0,0,0,0,0,0,0,0
"2733882",0,0,0,0,0,0,0,0,0,0,0,1,0,0,0,0,0,0,0,0,0,0,0,0
"2733886",0,1,0,0,0,0,0,1,0,0,0,0,0,0,0,1,0,0,1,0,0,0,0,1
"2733887",0,1,0,0,0,0,0,0,1,0,0,0,1,0,0,0,0,0,1,0,0,0,0,0
"2733891",1,0,0,0,0,0,0,0,0,0,0,0,0,0,1,0,0,0,0,0,0,0,0,0
"2733894",0,0,0,0,0,0,0,0,0,0,0,0,1,0,0,0,0,0,0,0,0,0,0,0
"2733897",0,0,0,0,0,1,0,0,0,0,0,0,0,0,0,0,0,0,0,0,0,0,0,0
"2733902",0,0,0,0,0,0,0,0,1,0,0,0,0,0,0,1,0,0,0,0,0,1,0,0
"2733903",1,0,0,0,0,0,0,0,0,0,0,0,0,0,0,0,0,0,0,0,0,0,0,0
"2733916",0,0,1,0,0,0,0,0,0,0,0,0,1,0,0,0,0,0,0,0,0,0,0,0
"2733918",0,0,1,0,0,0,0,0,0,0,0,0,0,1,0,0,0,0,0,0,0,0,0,0
"2733928",0,0,0,0,1,0,0,0,0,0,0,0,0,0,0,1,1,0,0,0,0,0,1,1
"2733929",0,0,0,0,0,1,0,0,0,0,0,0,1,0,0,0,0,0,0,0,0,0,0,0
"2733931",0,0,0,0,0,0,0,0,0,0,0,0,0,0,0,0,0,1,0,0,0,0,0,0
"2733948",0,0,0,1,0,0,0,0,0,0,0,0,0,0,0,0,0,0,0,0,0,0,0,0
"2733949",0,0,0,0,0,0,0,0,0,0,0,0,0,0,0,1,0,1,0,0,0,0,0,0
"2733950",0,0,0,0,0,0,0,0,0,0,0,0,0,0,0,0,0,0,0,1,0,1,0,0
"2733953",0,0,0,0,0,0,0,0,0,0,0,0,1,0,0,0,0,0,0,0,0,0,0,1
"2733957",0,0,0,0,0,0,0,0,0,0,0,0,1,0,0,0,0,0,0,0,0,1,0,0
"2733960",0,0,0,0,0,0,0,0,0,0,0,0,0,0,1,0,0,0,0,0,0,0,0,0
"2733962",0,0,0,0,0,0,0,0,0,0,0,0,0,0,0,0,0,0,1,0,0,0,0,0
"2733965",0,0,0,1,0,0,0,0,0,0,0,0,0,0,0,0,0,0,0,0,0,0,0,0
"2733967",0,0,1,0,0,0,0,0,0,0,1,0,0,0,0,0,0,0,0,0,0,0,0,0
"2733973",0,0,0,0,0,0,0,0,0,0,0,0,0,0,0,0,0,1,0,0,0,0,0,0
"2733974",0,0,0,1,0,1,0,0,0,0,0,0,0,0,0,0,0,0,1,0,0,0,0,0
"2733978",0,0,0,1,0,0,0,0,0,1,0,0,0,0,0,0,0,0,0,0,0,0,0,0
"2733981",0,0,0,0,0,0,0,0,0,0,0,0,0,0,0,0,0,0,0,0,0,1,0,0
"2733982",0,0,0,0,0,0,0,0,0,0,0,0,0,0,0,0,0,0,1,0,0,0,0,0
"2733984",0,0,0,0,0,0,0,0,0,0,0,0,1,0,0,0,0,1,0,0,0,0,0,0
"2733988",0,0,1,0,0,0,0,0,0,0,0,0,0,0,0,0,0,0,0,0,0,0,0,0
"2733991",0,0,1,0,0,0,0,0,0,0,0,0,0,0,1,0,0,1,0,1,1,0,0,0
"2733996",1,0,1,1,0,1,0,0,1,1,1,1,0,0,0,0,0,0,0,0,0,0,0,0
"2733997",0,0,0,0,0,0,0,0,0,0,0,0,0,0,0,0,0,1,0,0,0,0,0,1
"2734000",0,0,0,0,0,0,0,0,0,0,0,0,0,1,0,0,1,0,0,0,0,0,0,0
"2734005",0,0,0,0,1,0,0,0,0,0,0,0,0,0,0,0,0,0,0,0,0,0,0,0
"2734008",0,0,0,0,0,0,0,0,0,0,0,1,0,0,0,0,0,0,0,0,0,0,0,0
"2734009",0,0,1,0,0,0,0,0,0,0,0,0,0,0,0,0,1,0,0,0,0,0,0,0
"2734011",0,0,0,0,1,0,0,0,0,0,1,1,0,0,0,0,1,0,0,1,0,0,1,0
"2734022",0,0,0,0,0,1,0,0,0,0,0,0,0,0,0,0,0,0,0,0,0,0,0,0
"2734028",0,0,0,0,0,0,0,0,0,0,0,0,0,0,0,0,0,0,0,0,1,0,0,0
"2734034",0,0,0,0,1,0,0,0,0,0,0,0,0,0,0,0,0,0,1,0,0,0,0,0
"2734040",0,1,0,0,0,0,0,0,0,0,0,0,0,0,0,0,0,0,0,0,0,0,0,0
"2734041",0,0,0,0,0,0,0,1,1,0,0,0,0,0,0,0,0,0,0,0,0,0,0,0
"2734044",1,0,0,0,0,1,0,0,0,0,0,0,0,0,0,0,0,0,0,0,0,0,0,0
"2734046",0,0,0,0,0,0,0,0,0,0,0,0,0,0,0,0,0,0,0,0,1,0,0,0
"2734048",0,0,0,1,0,0,0,0,0,0,0,0,0,0,0,0,0,0,0,0,0,0,0,0
"2734053",1,0,1,0,0,0,0,1,0,0,0,0,0,1,0,0,0,0,0,0,0,0,0,0
"2734059",0,1,0,0,0,1,0,0,0,0,0,0,0,0,0,0,0,0,0,1,0,0,0,0
"2734068",0,1,0,1,0,0,0,0,0,0,0,0,0,0,0,0,0,0,1,1,0,0,0,0
"2734097",0,0,0,0,0,0,0,0,0,1,1,0,0,0,0,0,0,0,0,0,0,0,0,0
"2734106",0,0,0,0,0,0,0,0,0,0,0,0,0,0,0,0,0,1,0,0,0,0,0,0
"2734113",1,0,0,0,1,0,0,0,0,0,0,0,0,1,0,0,0,0,0,0,0,0,0,0
"2734114",0,0,0,0,0,0,0,0,0,0,0,0,0,0,1,0,0,0,0,0,0,0,0,0
"2734117",1,0,0,0,0,0,0,0,0,1,0,0,0,0,0,0,0,0,0,1,0,0,0,0
"2734135",0,0,0,0,1,0,1,0,0,0,1,0,0,0,0,0,0,0,0,0,0,1,0,1
"2734139",0,0,0,0,0,0,0,0,0,0,0,0,0,0,0,0,0,0,0,1,0,0,0,0
"2734146",0,0,0,0,0,1,0,0,0,0,0,0,0,0,0,0,0,0,0,0,0,0,0,0
"2734149",0,0,0,1,0,0,0,0,0,0,0,0,0,1,0,0,0,0,0,0,0,1,0,1
"2734157",0,0,0,0,1,0,1,0,0,0,0,0,0,1,1,0,0,1,0,0,0,0,0,0
"2734188",0,1,0,0,0,0,1,0,0,0,1,1,0,0,1,0,0,1,0,0,0,0,1,0
"2734191",0,0,1,0,0,0,0,0,1,0,0,1,0,0,1,1,0,1,1,0,0,0,0,0
"2734204",0,0,0,0,0,0,1,0,0,0,0,0,0,0,0,0,0,0,0,0,0,0,0,0
"2734210",0,1,0,0,0,0,0,0,0,0,0,0,0,0,0,0,0,0,0,0,0,0,0,0
"2734231",0,0,0,0,0,0,0,0,0,0,0,0,0,0,0,0,0,0,1,0,0,0,0,0
"2734235",0,0,0,1,0,0,0,0,0,0,0,0,0,0,0,0,0,0,0,0,0,0,0,1
"2734257",0,0,0,0,0,0,0,0,0,1,0,0,0,0,0,0,0,0,0,0,0,0,0,0
"2734269",0,0,0,0,1,0,0,0,0,0,0,0,0,0,0,1,0,0,1,0,0,0,0,0
"2734338",0,0,0,1,0,0,0,0,0,0,0,0,0,0,0,0,0,0,0,0,0,0,0,0
"2734341",0,0,1,0,0,0,0,0,0,0,0,0,0,0,0,0,0,0,0,0,0,0,0,0
"2734347",0,0,0,0,0,0,0,0,0,0,0,0,0,0,0,0,0,0,0,0,0,1,0,0
"2734351",0,0,0,1,0,0,1,0,0,0,0,0,0,0,0,0,0,1,0,0,0,0,0,0
"2734376",0,0,0,0,0,0,0,0,0,0,0,0,1,0,0,0,0,1,0,0,0,0,0,0
"2734379",0,0,0,0,0,0,0,0,0,0,0,0,0,0,0,0,0,0,0,0,0,1,0,0
"2734383",0,0,0,0,0,0,0,0,0,0,0,0,0,0,0,0,0,0,0,0,1,0,0,0
"2734385",0,0,0,0,0,0,1,0,0,0,0,0,0,0,0,0,0,0,0,0,0,0,0,0
"2734390",0,0,0,0,0,0,0,0,0,0,0,0,0,0,0,0,0,0,0,0,0,0,0,1
"2734395",0,0,0,0,0,0,1,0,0,0,0,0,0,0,0,0,0,0,0,0,0,0,0,0
"2734398",0,0,0,0,0,0,0,0,0,0,0,0,0,0,0,0,0,1,0,0,0,0,0,0
"2734408",0,0,0,0,0,0,0,0,0,0,0,0,0,0,0,0,1,0,0,0,0,0,0,0
"2734409",0,1,0,0,0,0,0,0,0,0,0,0,0,0,0,0,0,0,0,0,0,0,0,0
"2734433",0,0,0,0,0,0,0,0,0,0,0,0,0,0,1,0,0,0,0,0,0,0,0,0
"2734436",0,1,0,0,0,0,0,0,0,0,0,0,0,0,0,0,0,0,0,0,0,0,0,0
"2734484",1,0,0,0,0,0,1,0,0,0,0,0,0,0,1,0,0,0,1,0,0,0,1,1
"2734485",1,0,0,0,0,0,0,0,0,0,0,0,0,0,0,0,0,0,0,0,0,0,0,0
"2734488",0,0,0,1,0,0,0,0,0,0,0,0,0,0,0,0,0,0,0,0,0,1,0,0
"2734489",0,0,1,0,0,0,0,0,0,0,0,0,0,0,0,0,0,0,0,0,0,0,0,0
"2734502",0,0,1,0,0,0,0,0,0,0,0,0,0,0,0,0,0,0,0,0,0,0,0,0
"2734523",0,0,0,0,1,0,0,0,0,0,0,0,0,0,0,0,0,0,0,0,0,0,0,0
"2734564",0,0,0,0,1,0,0,0,0,0,0,1,0,0,0,0,0,0,0,0,0,0,0,1
"2734567",0,0,0,0,1,0,0,0,0,0,0,0,0,1,0,0,0,0,0,0,0,0,0,0
"2734568",1,0,0,0,0,0,0,0,0,0,0,0,0,0,0,0,0,0,0,0,0,0,0,0
"2734577",1,0,0,0,0,0,0,0,0,0,0,0,0,0,0,0,1,0,0,0,0,0,0,0
"2734582",0,0,0,0,0,0,0,0,0,0,0,1,0,0,0,0,0,1,0,0,0,0,0,0
"2734584",1,0,0,0,0,0,0,0,0,1,0,0,0,0,0,0,0,0,0,0,0,0,0,0
"2736192",0,0,0,0,0,0,0,0,0,0,0,0,0,0,0,0,0,0,0,0,0,0,1,0
"2736647",0,0,0,0,1,0,0,0,0,0,0,0,0,0,0,0,0,0,0,0,0,0,0,0
"2741068",0,0,1,0,1,0,0,0,0,0,0,0,0,0,0,0,0,0,0,0,1,1,0,0
"2741801",0,0,0,0,0,0,0,0,0,1,0,0,0,0,0,0,0,0,0,0,1,0,0,0
"2742620",0,0,0,0,0,0,0,0,0,0,0,0,1,0,0,0,0,0,0,0,0,0,0,0
"2742630",0,0,0,0,0,0,0,1,0,0,0,0,0,0,0,0,0,0,1,0,0,0,0,1
"2742636",0,0,0,0,0,0,0,0,0,0,0,0,1,0,0,0,0,0,1,0,0,0,0,1
"2742642",0,0,0,0,0,0,1,0,0,0,0,0,0,0,0,0,0,0,0,0,0,0,0,0
"2743971",0,0,0,0,0,0,0,0,0,1,0,0,0,0,0,0,0,0,0,0,0,1,0,0
"2745133",0,0,0,0,1,0,0,0,0,0,0,0,0,0,0,0,0,0,0,0,0,0,0,0
"2745893",0,0,0,0,0,0,0,1,0,0,0,0,0,0,0,0,0,0,0,0,0,0,0,0
"2746363",0,0,0,0,0,0,0,0,0,0,0,0,0,0,0,1,0,0,0,0,0,0,0,0
"2746928",0,0,0,0,0,0,0,0,0,0,0,1,0,0,0,0,0,0,0,0,0,0,0,0
"2747210",1,0,0,0,0,0,0,0,0,0,0,1,0,0,0,0,0,0,0,0,0,0,0,0
"2747940",0,0,0,0,0,1,0,0,0,0,0,0,0,0,0,0,0,0,0,0,0,0,0,0
"2748241",0,1,0,0,0,0,0,0,0,0,0,0,0,0,0,0,0,0,0,0,0,0,0,0
"2748973",0,0,0,0,0,1,0,0,0,0,0,0,0,0,0,0,0,0,0,0,0,1,0,0
"2749260",0,0,0,0,0,0,0,1,0,0,0,0,0,0,0,0,0,0,0,0,0,0,1,1
"2749935",0,0,0,0,0,0,0,0,0,0,0,0,0,0,0,0,0,0,0,0,0,0,0,1
"2755147",0,0,0,0,0,0,0,0,0,0,0,0,1,0,0,0,0,0,0,0,0,0,0,0
"2755588",0,0,1,0,0,0,0,0,0,1,0,0,0,0,0,0,0,0,0,0,0,1,0,0
"2759195",0,1,0,1,0,1,1,1,0,0,0,0,0,0,0,0,0,0,0,0,0,0,1,0
"2759464",0,0,0,1,0,0,0,0,0,0,0,0,0,0,0,0,0,0,0,0,0,0,0,0
"2762327",1,0,0,0,0,0,0,0,0,0,0,0,0,0,0,0,0,0,0,0,0,0,0,0
"2762328",0,0,0,0,0,0,0,0,0,0,0,0,0,1,0,0,0,0,0,0,0,0,0,0
"2767553",0,0,0,0,1,0,0,0,0,0,0,0,1,0,0,0,0,1,0,0,1,0,0,0
"2767892",0,0,0,0,0,0,0,0,0,0,0,0,1,0,0,0,0,0,1,0,0,1,0,0
"2769516",1,0,0,0,0,0,0,0,0,0,0,0,0,0,0,0,0,0,0,0,0,0,0,0
"2776148",0,0,0,0,0,0,0,0,0,0,0,0,0,0,0,0,0,0,1,0,0,0,0,0
"2776703",0,0,0,0,0,0,0,1,0,0,0,0,0,1,0,0,0,0,0,0,0,0,0,0
"2776813",1,0,0,0,0,0,0,0,0,0,0,0,0,0,0,0,0,0,0,0,0,0,0,0
"2776861",0,0,0,0,0,1,0,0,0,0,0,0,1,0,0,0,0,0,0,0,1,0,0,0
"2776864",0,1,0,1,0,1,0,0,0,0,0,0,0,0,0,0,0,0,1,0,0,1,1,1
"2778077",0,0,0,0,0,1,0,0,0,0,0,0,0,0,0,0,0,0,0,0,0,0,0,0
"2783549",1,0,0,0,0,0,0,0,1,0,0,0,0,0,0,0,0,0,0,0,0,0,0,0
"2783667",0,0,0,0,0,0,0,0,0,0,0,0,0,1,0,0,0,0,0,1,1,0,0,0
"2783674",0,0,0,0,0,0,0,0,0,1,0,0,0,1,0,0,0,1,0,0,0,0,0,0
"2785295",0,1,1,1,1,1,0,0,0,0,1,0,0,1,0,0,0,0,0,1,1,0,0,0
"2790029",0,0,0,0,0,0,0,0,0,0,0,1,0,0,0,0,0,0,0,0,0,1,0,0
"2794574",0,0,0,0,0,1,0,0,0,0,0,1,0,0,0,0,0,0,0,0,0,0,0,1
"2795181",0,0,0,0,0,0,0,0,0,0,0,0,0,0,0,0,0,0,0,0,1,0,0,0
"2795238",0,0,0,0,0,0,0,0,0,0,0,0,0,0,0,0,0,0,0,1,0,0,0,0
"2797303",0,1,1,0,0,0,0,0,0,0,0,1,0,0,0,0,0,0,0,0,0,0,0,0
"2801357",0,1,0,0,0,0,0,0,0,0,1,0,0,0,0,0,0,0,0,0,0,0,0,0
"2801506",0,0,0,0,0,0,0,0,0,1,0,0,0,0,0,0,0,0,0,0,0,0,0,0
"2803971",0,0,0,0,0,0,0,0,0,0,0,0,0,0,1,0,1,1,0,0,0,0,0,0
"2805939",0,0,0,0,1,0,0,0,0,0,0,0,0,0,0,0,0,0,0,0,0,0,1,0
"280702",0,0,0,0,0,0,0,0,1,0,0,0,0,0,0,0,0,0,0,0,0,0,0,0
"2809160",0,0,0,0,0,0,1,0,0,0,0,0,0,0,0,0,0,0,0,0,0,0,0,0
"2810370",0,0,0,1,0,0,0,0,0,0,0,0,0,0,0,0,0,0,0,0,0,0,0,0
"2816909",0,0,0,0,0,0,0,0,0,0,0,0,0,0,0,0,0,0,1,0,0,0,0,0
"2817418",1,0,0,0,0,0,0,0,0,0,0,0,0,0,1,0,0,0,0,0,0,0,0,0
"2819996",0,0,1,0,0,0,0,0,0,0,0,0,0,0,0,0,0,0,0,0,1,0,1,0
"2820395",0,0,0,0,0,0,0,1,0,0,0,0,0,0,0,0,0,0,0,0,0,0,0,0
"2823683",0,0,0,0,0,0,0,0,0,0,1,0,1,0,0,0,0,0,0,0,0,0,0,0
"2824522",0,0,0,0,0,0,0,0,0,0,0,0,0,0,0,0,0,0,0,0,0,1,0,0
"2824647",0,0,0,0,0,0,0,0,0,0,1,0,0,0,0,0,0,0,1,0,0,0,0,0
"2825847",0,0,0,0,0,0,0,0,0,0,0,0,0,0,0,0,0,0,0,0,1,0,0,0
"28295",0,0,0,0,0,0,0,0,0,0,0,0,0,0,0,0,0,0,0,1,0,0,0,0
"2829836",0,0,0,0,0,0,0,0,0,0,0,0,0,0,0,0,0,0,0,0,0,0,1,1
"2829853",0,0,0,0,0,0,1,0,0,0,0,0,0,0,0,0,0,0,0,0,0,0,0,0
"2835936",0,0,0,0,0,0,0,0,0,1,0,0,0,0,0,0,0,0,1,0,0,0,0,0
"2836044",0,1,1,0,0,0,1,0,0,0,1,0,0,0,0,0,1,0,0,1,0,1,0,1
"2836135",0,0,0,0,0,0,0,0,0,0,0,0,0,1,0,0,0,0,0,0,0,0,0,1
"2836366",0,0,0,1,0,0,0,0,0,0,0,0,0,0,0,0,0,0,0,0,0,0,0,0
"28375",0,0,0,0,0,0,0,0,0,1,1,0,0,0,0,0,0,0,0,0,0,0,0,0
"2838076",0,0,0,0,0,0,0,0,0,0,1,0,0,0,0,0,0,0,0,0,0,0,0,0
"2841282",0,1,0,0,0,0,0,0,0,0,0,0,0,0,0,0,0,0,0,0,0,0,1,0
"2841656",1,0,1,0,0,0,0,0,0,0,0,0,0,0,0,0,0,0,0,0,0,0,0,0
"2842540",0,0,1,1,0,0,0,0,0,0,0,1,0,0,0,0,0,0,0,0,0,1,0,0
"2842545",0,0,0,0,0,1,0,0,0,0,0,0,0,0,0,0,0,0,0,0,0,0,0,0
"2842609",1,0,0,0,0,0,0,0,0,0,0,0,0,0,0,0,0,0,1,0,0,0,0,0
"2842711",0,0,0,0,0,0,0,1,0,0,0,0,0,0,0,0,0,0,0,0,0,0,0,0
"2842816",0,0,0,1,0,0,1,0,0,1,0,0,0,0,1,0,0,0,0,0,0,1,0,0
"2842820",0,1,0,0,0,0,0,0,0,0,1,0,0,0,1,1,1,0,0,0,0,0,1,1
"2843048",0,0,0,0,0,0,1,0,0,0,0,0,0,0,0,0,0,0,0,1,0,0,0,0
"2843109",0,0,0,0,0,0,0,0,0,0,0,0,0,1,0,0,0,0,1,0,0,0,0,0
"2843380",0,0,0,0,1,0,0,0,0,1,0,0,0,0,0,0,1,0,0,0,0,0,0,0
"2843388",0,1,0,0,0,0,0,0,0,0,0,0,0,0,0,0,0,0,0,0,0,0,0,0
"2843399",0,0,0,0,0,0,0,0,0,0,0,0,1,1,0,0,0,0,0,1,0,0,0,0
"2843418",0,0,1,0,0,0,0,0,0,0,0,0,0,0,0,0,0,0,0,0,0,0,0,0
"2843426",0,0,0,1,0,0,0,0,0,0,0,0,0,1,1,0,0,0,0,0,1,0,0,0
"2843431",0,0,0,1,0,0,0,0,0,0,0,0,0,0,0,0,0,0,1,0,0,0,0,0
"2843435",0,0,0,0,0,0,0,0,0,0,0,0,0,0,0,0,0,0,1,0,0,0,0,0
"2843436",0,0,1,0,0,0,1,0,0,0,1,0,0,1,0,1,1,1,0,0,0,0,0,0
"2843458",0,0,0,0,0,0,0,0,0,0,0,0,0,0,1,0,0,0,0,0,0,0,0,0
"2843615",0,0,0,0,1,0,0,0,0,0,0,0,0,0,0,0,0,0,0,0,0,0,0,0
"2843626",0,0,0,0,0,1,0,0,0,0,1,0,0,0,1,0,0,0,0,0,0,0,0,1
"2843632",0,0,1,0,0,0,0,0,0,0,0,0,0,0,0,0,0,0,0,0,0,0,0,0
"2843633",0,0,0,0,0,0,0,0,0,0,0,0,0,0,0,0,0,0,1,0,0,0,0,0
"2843634",1,0,0,0,0,0,0,0,1,0,0,0,0,0,0,0,0,0,0,0,0,0,0,0
"2843638",0,0,0,0,0,0,0,0,0,0,0,0,0,0,1,0,1,0,0,0,0,0,0,0
"2843639",0,0,0,0,0,0,0,0,0,0,0,0,0,0,1,1,0,0,0,0,0,0,0,0
"2843641",0,0,0,0,0,0,0,0,0,0,0,0,1,0,0,0,0,0,0,0,0,0,0,0
"2843648",0,0,0,0,0,0,0,0,0,1,0,0,0,0,0,0,0,0,0,0,0,0,0,0
"2843656",0,0,0,0,0,0,0,0,0,0,0,0,0,0,0,0,0,0,0,1,0,0,0,0
"2843659",0,0,0,0,0,0,0,0,1,0,0,0,0,0,0,0,0,0,0,0,0,0,0,0
"2843660",0,0,0,0,0,0,1,0,0,0,0,0,0,0,0,0,0,0,0,0,0,0,0,0
"2843664",1,0,0,0,0,0,0,0,0,0,0,0,0,0,0,0,0,0,0,0,0,0,0,0
"2843672",0,0,0,0,0,0,0,0,0,0,0,0,0,0,0,0,1,0,0,0,0,0,0,0
"2843673",0,0,0,0,0,1,0,0,0,0,0,0,0,0,0,0,0,0,0,0,0,0,0,0
"2843674",0,0,0,0,0,0,0,0,0,0,0,1,0,0,0,0,1,0,0,0,0,0,0,0
"2843675",0,0,0,0,0,0,0,0,0,0,0,0,0,1,0,0,0,0,0,0,0,0,0,1
"2843682",0,0,0,0,0,0,0,0,0,0,0,0,0,0,0,0,0,0,0,0,0,1,0,1
"2843731",1,0,0,0,0,1,0,0,0,0,0,0,0,0,0,0,0,0,0,0,0,0,0,0
"2843736",0,1,0,0,1,0,0,0,1,0,1,0,0,1,0,0,0,0,0,1,0,0,0,0
"2843739",1,0,0,0,0,0,0,0,0,0,0,0,0,0,0,0,1,1,0,0,0,1,0,0
"2843741",0,0,0,0,0,0,0,0,0,0,0,0,0,0,0,0,0,0,0,0,0,0,1,0
"2843749",0,0,1,0,0,0,0,0,0,0,0,0,0,0,0,0,0,0,0,0,0,0,0,0
"2843760",0,0,0,0,1,0,0,0,0,0,1,0,0,0,1,0,0,0,0,0,0,1,0,0
"2843761",0,0,0,0,0,0,0,0,0,0,0,0,0,0,0,1,0,1,0,0,0,0,0,0
"2843786",0,0,0,0,0,0,1,0,0,0,0,0,0,0,0,0,0,0,0,0,0,0,0,0
"2843790",0,0,0,0,0,0,0,0,0,0,0,0,0,0,0,0,0,0,1,0,0,0,0,0
"2843800",0,0,1,0,0,0,0,0,0,0,0,0,0,0,0,0,0,0,0,0,0,0,0,0
"2843804",1,0,0,0,0,0,0,0,0,0,0,0,0,0,0,0,0,0,0,0,0,0,0,0
"2843824",0,0,0,0,0,0,0,0,0,0,0,0,0,1,0,0,0,0,0,0,0,0,0,1
"2843827",0,0,0,0,0,0,0,1,0,0,0,0,0,0,0,0,0,0,0,0,0,0,0,0
"2843828",0,1,0,0,0,0,0,0,0,0,0,0,0,0,0,0,0,0,0,0,0,0,0,0
"2843832",0,0,0,0,0,0,0,0,0,1,0,0,0,0,0,0,0,0,0,0,0,0,0,0
"2843837",0,0,0,0,0,0,0,0,0,0,0,0,0,0,0,0,0,0,0,1,0,0,0,0
"2843859",0,0,0,0,0,0,0,0,0,0,1,0,0,0,0,0,0,0,0,0,0,0,0,0
"2843868",0,0,0,0,0,0,0,0,0,0,0,0,0,0,0,0,0,0,0,1,0,0,0,0
"2843874",0,0,0,0,0,0,0,0,0,0,0,0,0,0,0,0,0,0,1,0,0,0,0,0
"2843875",0,0,0,0,0,0,0,0,1,0,0,0,0,0,0,0,0,0,0,0,0,0,0,0
"2843876",0,0,0,0,0,0,0,0,0,0,0,0,0,0,0,0,0,0,0,0,0,0,0,1
"2843891",0,0,0,0,0,0,0,0,0,0,0,0,0,0,0,0,0,0,0,0,1,0,0,0
"2843895",0,0,0,0,0,0,0,0,0,0,0,0,0,0,0,0,0,0,0,0,0,1,0,0
"2843899",0,0,0,0,0,0,0,1,1,0,0,0,0,0,1,0,0,0,0,0,0,0,0,0
"2843902",0,0,0,0,0,1,0,0,0,0,0,0,0,0,0,0,0,0,0,0,0,0,0,0
"2843909",0,0,0,1,0,0,0,0,0,0,0,0,0,0,0,0,0,0,0,0,0,0,0,0
"2843923",0,0,0,0,0,0,0,0,0,0,0,0,0,0,0,0,1,0,0,0,0,0,0,0
"2843924",0,0,0,1,0,0,0,0,0,0,0,1,0,0,0,0,0,0,0,0,0,0,0,0
"2843932",0,0,0,0,0,0,1,0,0,0,0,0,0,0,0,0,0,0,0,0,0,0,0,0
"2843944",0,0,0,0,0,0,0,0,0,0,0,0,0,1,0,0,0,0,0,0,0,0,0,0
"2843948",0,0,0,0,0,0,0,0,0,0,0,1,0,0,0,0,0,0,0,0,0,0,0,0
"2843952",0,0,0,0,0,0,0,0,0,0,0,0,0,0,0,0,0,0,0,0,0,0,0,1
"2843955",0,0,0,0,0,0,0,0,0,0,0,0,0,0,0,0,0,0,0,0,0,1,0,0
"2843957",0,0,0,0,0,0,0,0,0,0,0,0,0,0,0,0,0,0,0,0,0,0,0,1
"2843985",0,0,0,0,0,0,0,0,0,0,0,0,0,0,0,0,0,0,0,0,1,0,0,0
"2843990",0,0,0,0,0,1,0,0,0,0,0,0,0,0,0,0,0,0,0,0,0,0,0,0
"2843996",0,1,0,0,0,0,1,0,0,0,0,0,0,0,0,0,0,0,0,1,0,0,0,0
"2844001",0,0,0,1,0,0,0,0,0,0,0,0,0,0,0,0,0,0,0,0,0,0,0,0
"2844004",0,0,0,0,0,0,0,0,0,0,0,0,0,0,0,1,0,0,0,0,0,0,0,0
"2844008",0,0,0,0,0,0,0,0,0,0,0,0,0,0,0,0,0,0,0,0,1,0,0,0
"2844032",0,0,0,0,0,0,0,0,0,0,1,0,0,0,0,0,0,0,0,0,0,0,0,0
"2844034",0,0,0,0,0,0,0,0,1,0,0,0,0,0,0,1,0,0,1,0,0,0,0,0
"2844036",0,1,0,0,0,0,0,0,0,0,0,0,0,0,0,0,0,0,0,0,0,0,0,0
"2844037",0,0,0,0,0,0,0,0,0,0,0,0,0,0,0,0,0,0,0,0,0,0,0,1
"2844046",0,0,0,0,0,0,0,0,0,0,0,0,0,1,0,0,0,0,0,0,0,0,0,0
"2844050",1,0,0,0,0,0,0,0,1,0,0,0,0,0,0,0,0,0,0,0,0,1,0,0
"2844064",0,0,0,0,0,0,0,0,0,1,0,0,0,0,0,0,0,0,0,0,0,0,0,0
"2844066",0,0,0,1,0,0,0,0,0,0,0,0,0,0,0,0,0,0,0,0,0,0,0,0
"2844067",0,0,0,0,0,1,0,0,0,0,0,0,0,0,1,0,0,0,0,0,0,0,0,0
"2844097",0,1,0,0,0,0,0,0,0,0,0,0,0,0,0,0,0,0,0,0,0,0,0,0
"2844119",0,0,0,0,0,1,0,0,0,0,0,1,0,0,1,0,0,0,0,0,0,1,0,0
"2844129",1,0,0,0,0,0,0,0,0,0,0,1,0,0,0,0,0,0,0,0,0,0,0,0
"2844134",1,0,0,0,0,0,0,0,0,0,1,0,0,0,0,0,0,0,0,0,0,0,0,0
"2844148",0,0,0,0,0,0,0,0,0,0,0,0,0,0,0,0,0,0,0,0,0,1,0,0
"2844151",0,0,1,0,0,0,0,0,0,0,0,0,0,0,0,0,0,0,0,0,0,0,0,0
"2844167",0,0,1,0,0,0,0,0,0,0,0,0,0,0,0,0,0,0,0,0,0,0,0,0
"2844190",0,0,0,0,0,0,0,0,1,0,0,0,0,0,0,0,0,0,0,0,0,0,0,0
"2844193",0,0,0,0,0,0,0,0,0,0,0,0,0,0,0,0,0,1,0,0,0,0,0,0
"2844198",0,0,0,0,0,0,0,0,0,0,0,0,0,0,0,0,0,0,1,0,0,1,0,0
"2844200",0,0,0,0,0,0,0,0,0,1,0,0,0,0,0,0,0,0,0,0,0,0,0,0
"2844202",0,0,0,0,0,0,0,0,0,0,0,1,0,0,0,0,0,0,0,0,0,0,0,0
"2844204",1,0,0,0,0,0,1,0,0,0,0,0,0,1,0,0,0,1,0,0,0,0,0,0
"2844205",0,0,0,0,0,0,0,0,0,0,0,0,0,0,0,0,0,0,0,0,0,1,0,0
"2844214",0,0,0,1,0,0,0,0,0,0,0,0,0,0,0,0,1,0,0,0,0,0,0,0
"2844216",0,0,0,0,0,0,0,0,0,0,0,0,0,0,1,0,0,0,0,0,0,0,0,0
"2844226",0,0,0,1,1,0,0,0,0,0,0,0,0,0,0,0,0,0,0,0,0,0,0,0
"2844233",0,0,0,0,0,0,0,0,1,0,0,1,0,0,0,0,0,0,0,0,0,0,0,0
"2844234",0,0,0,0,0,0,0,0,0,0,0,0,0,0,0,0,0,0,1,0,0,0,0,0
"2844252",0,0,0,0,0,0,0,0,0,0,0,0,0,0,0,0,0,0,1,0,0,0,0,0
"2844261",1,0,0,0,0,0,0,0,0,0,0,0,0,0,0,0,0,0,0,0,0,0,0,0
"2844262",0,0,0,0,0,0,0,0,0,0,0,0,1,0,0,0,0,0,0,0,0,0,0,0
"2844267",0,0,0,0,0,0,0,0,0,0,0,0,0,0,0,1,0,0,0,0,0,0,0,0
"2844300",1,0,0,0,0,0,0,0,0,0,0,0,0,0,0,0,0,0,0,0,0,0,0,0
"2844303",0,0,0,0,0,0,0,0,0,0,1,0,0,0,0,0,0,0,0,0,0,0,0,0
"2844305",0,0,0,0,0,0,0,0,0,0,0,0,0,0,0,0,0,0,0,0,0,0,0,1
"2844383",0,0,0,0,0,0,0,0,1,0,0,0,0,0,0,0,0,0,0,0,1,0,0,0
"2844406",0,1,0,0,0,0,0,0,0,0,0,0,0,0,0,0,0,0,0,0,0,0,0,0
"2844430",0,0,0,0,0,0,0,1,0,0,0,0,0,0,0,0,0,0,1,0,0,0,0,0
"2844443",0,0,0,0,0,0,0,0,0,0,0,0,0,0,0,0,0,0,0,0,1,0,0,0
"2844468",0,0,0,0,0,0,1,0,0,0,0,0,0,0,0,0,0,0,0,1,0,0,0,0
"2844474",0,0,0,0,0,0,0,1,0,0,0,0,0,0,0,0,0,0,0,0,0,0,0,0
"2844500",0,0,0,0,0,0,0,0,0,0,1,0,0,0,0,0,0,0,0,0,0,0,0,0
"2844509",0,0,0,0,0,0,0,1,1,0,0,0,0,0,0,0,0,0,0,0,0,0,0,0
"2844510",0,0,0,0,0,0,0,0,0,0,0,0,0,0,0,1,0,1,0,0,0,0,0,0
"2844512",0,0,0,0,0,0,0,0,0,0,0,0,0,0,0,0,0,0,1,0,0,0,0,0
"2844516",0,0,0,0,0,0,0,1,0,0,0,0,0,0,0,0,0,0,0,0,0,0,0,0
"2844525",0,0,0,0,0,0,0,0,0,0,0,0,0,0,1,0,0,0,0,0,0,0,0,0
"2844554",0,0,0,0,0,0,0,0,0,0,0,0,0,0,0,0,1,0,0,0,0,1,0,0
"2844571",0,0,0,0,0,0,0,0,0,0,0,0,0,0,0,0,0,0,0,0,0,0,0,1
"2844600",0,0,0,1,0,0,0,0,0,0,0,0,0,0,0,0,0,0,1,0,0,0,0,0
"2844610",0,0,0,0,0,0,0,0,0,0,0,0,0,0,0,1,0,0,0,0,0,0,0,0
"2844629",0,1,0,0,0,0,0,0,0,0,0,0,0,0,0,0,0,0,0,0,0,0,0,0
"2844641",0,0,0,0,0,1,0,0,0,0,0,0,0,0,0,0,0,0,0,0,0,0,0,0
"2844659",1,1,0,0,0,0,0,0,0,1,0,0,1,0,0,0,0,0,1,0,0,0,0,0
"2844660",0,0,0,1,0,0,0,0,0,0,0,0,1,0,0,0,1,0,0,0,0,0,0,0
"2844668",0,0,0,0,0,0,0,0,1,0,0,0,0,1,0,0,0,0,0,0,0,0,0,0
"2844706",0,0,0,0,0,0,0,0,0,0,1,0,0,0,0,0,0,0,0,0,0,0,0,0
"2844732",0,0,0,0,0,0,0,0,0,0,0,0,0,0,0,1,0,0,0,0,0,0,0,0
"2844745",0,0,1,0,0,0,0,0,0,0,0,0,0,0,0,0,0,0,0,0,0,0,0,0
"2844747",0,0,0,0,0,0,0,1,0,0,0,0,0,0,0,0,0,0,0,0,0,0,0,0
"2844749",0,0,0,0,0,1,0,0,0,0,0,0,0,0,0,0,0,0,0,0,0,0,0,0
"2844754",0,0,0,0,0,0,0,0,0,0,0,0,0,1,0,0,0,0,0,0,0,0,0,0
"2844771",0,0,0,0,0,0,0,0,1,0,0,0,0,0,0,0,0,0,0,0,0,0,0,0
"2844772",0,0,0,0,0,0,0,0,0,0,0,0,0,0,0,0,0,0,0,0,0,0,0,1
"2844778",0,1,0,0,0,0,0,0,0,0,0,0,0,0,0,0,0,0,0,0,0,0,0,0
"2844830",0,0,0,0,0,0,0,0,1,0,0,0,0,0,0,0,0,0,0,0,0,0,0,0
"2844831",0,0,0,0,0,0,0,0,0,0,0,0,0,0,0,0,0,0,0,0,0,0,1,0
"2844838",0,0,0,0,0,1,0,0,0,0,0,0,0,0,0,0,0,0,0,0,0,0,0,0
"2844839",0,0,0,0,0,0,0,0,0,1,0,0,0,0,0,0,0,0,0,0,0,0,0,0
"2844851",0,0,0,0,0,0,0,0,0,0,0,0,0,0,0,0,0,0,1,0,0,0,0,0
"2844861",0,0,0,0,1,0,0,0,0,0,0,0,0,0,0,0,0,0,0,0,0,0,0,0
"2844961",0,0,0,0,0,0,0,1,0,0,0,0,0,0,0,0,0,0,0,0,0,0,0,0
"2844965",1,0,0,0,0,0,0,0,0,0,0,0,0,0,0,0,0,0,0,0,0,0,0,0
"2844972",0,0,0,0,0,0,0,0,0,0,0,0,0,0,0,0,0,0,0,0,0,0,0,1
"2844975",0,0,0,0,1,0,0,0,0,0,0,0,0,0,0,0,0,0,0,0,0,0,0,0
"2844977",0,0,0,0,0,0,0,0,0,0,0,0,0,1,0,0,0,0,0,0,0,0,0,0
"2844985",0,0,0,0,0,0,0,0,1,1,1,0,0,0,0,0,0,0,0,0,0,0,0,0
"2845001",0,0,0,0,0,0,0,0,0,0,0,0,0,0,0,0,0,0,0,0,0,1,0,0
"2845003",0,0,0,0,0,0,0,0,0,0,0,0,0,0,0,0,1,0,0,0,0,0,0,0
"2845034",0,0,0,0,0,0,0,0,0,0,0,0,0,0,0,0,0,1,0,0,0,0,0,0
"2845050",0,0,0,1,0,0,0,0,0,0,0,0,0,1,0,0,0,0,0,0,0,0,0,0
"2845075",0,1,0,0,0,0,0,0,0,0,0,0,0,0,0,0,0,0,0,0,0,0,0,0
"2845079",0,0,0,0,0,0,0,0,0,0,0,0,0,0,0,0,0,0,0,1,0,1,1,1
"2845080",0,0,0,0,0,0,0,0,0,0,0,0,0,0,0,0,0,0,0,0,0,0,0,1
"2845081",0,0,0,0,0,0,0,0,0,0,0,0,1,0,0,0,0,0,0,0,0,0,0,0
"2845086",0,0,0,0,0,0,0,0,0,0,0,0,1,0,0,0,0,0,0,0,0,0,0,0
"2845088",0,1,0,0,0,1,0,1,0,0,0,0,0,0,0,0,0,0,0,0,0,0,0,0
"2845094",0,0,0,0,0,0,0,0,0,0,0,0,0,0,0,0,1,0,0,0,0,0,0,0
"2845111",0,0,0,0,0,0,0,0,0,0,1,0,0,0,0,0,0,0,0,0,0,0,0,0
"2845136",0,1,0,0,0,0,0,0,0,0,0,0,0,0,0,0,0,0,0,0,0,0,0,0
"2845138",0,0,0,0,0,0,0,1,0,0,0,0,0,0,0,0,1,1,0,0,0,0,0,0
"2845142",0,1,0,0,0,0,0,0,0,0,0,0,0,0,0,0,0,0,0,0,1,0,0,0
"2845151",0,0,0,1,0,1,0,0,0,0,0,1,0,0,0,0,0,0,1,0,0,0,0,0
"2845155",0,1,0,0,0,0,0,0,0,0,0,0,0,0,0,0,0,0,0,0,0,0,0,0
"2845388",0,0,0,0,0,0,0,0,0,0,1,0,0,0,0,0,0,0,0,0,0,0,0,0
"2845406",0,0,0,0,0,0,0,0,0,0,0,1,0,0,0,0,0,0,0,0,0,0,0,0
"2845430",0,0,0,0,0,0,0,1,0,0,0,0,0,0,0,0,0,0,0,0,1,0,0,0
"2845433",0,0,0,0,0,0,0,0,0,0,0,0,0,0,0,0,0,0,0,0,1,0,0,0
"2845438",0,0,0,0,0,0,0,0,0,0,1,0,0,0,0,0,0,0,0,0,0,0,0,0
"2845458",0,1,0,0,0,0,0,0,0,0,0,0,0,0,0,0,0,0,0,0,0,0,0,0
"2845460",1,0,0,0,0,0,0,0,0,0,0,0,0,0,0,0,1,0,0,0,0,0,0,0
"2845462",1,0,0,0,0,1,0,0,0,0,0,0,0,0,0,0,0,0,0,0,0,0,0,0
"2845465",0,0,0,1,0,0,0,0,0,0,0,0,0,0,0,0,0,0,0,0,0,0,0,0
"2845478",0,0,0,0,0,0,1,0,0,0,0,0,0,0,0,0,0,0,0,0,0,0,0,0
"2845479",0,0,0,0,0,0,0,0,0,0,0,0,0,0,0,0,0,0,0,0,0,0,0,1
"2845480",0,0,0,0,0,1,0,0,0,0,0,0,0,0,0,1,0,0,0,0,0,0,0,0
"2845486",0,0,0,0,0,0,0,0,0,0,0,0,0,0,0,0,0,1,0,0,0,0,0,0
"2845487",0,0,0,0,0,0,0,0,0,0,0,0,0,0,0,0,0,0,0,0,0,1,0,0
"2845497",0,0,0,0,0,0,0,0,0,0,1,0,0,0,0,0,0,0,0,0,0,0,0,0
"2845517",0,0,0,0,0,0,0,0,0,1,0,0,0,0,0,0,0,0,0,0,0,0,0,0
"2845527",0,0,1,0,0,0,0,0,0,0,0,0,0,0,0,0,0,0,0,0,0,0,0,0
"2845532",0,0,0,0,0,0,0,0,0,0,0,0,0,0,0,0,0,0,0,1,0,0,0,0
"2845533",0,0,0,0,0,0,1,0,0,0,0,0,0,0,0,0,1,0,0,0,0,0,0,0
"2845544",0,0,0,0,0,1,0,0,0,0,0,0,0,0,0,0,0,0,0,0,0,0,0,0
"2845565",0,0,0,0,0,1,0,0,0,0,0,0,1,0,0,0,0,0,0,0,0,0,0,0
"2845575",0,0,0,0,0,1,0,0,0,0,0,0,0,0,0,0,0,0,0,0,0,0,0,0
"2845595",0,0,0,1,0,0,0,1,0,0,0,0,0,0,0,0,0,0,0,0,0,1,0,0
"2845597",1,0,0,0,0,0,0,0,0,0,0,0,0,0,0,0,0,0,0,0,0,0,0,0
"2845607",0,0,0,0,0,0,0,0,0,0,0,0,0,0,0,0,0,1,0,0,0,0,0,0
"2845620",0,0,0,0,0,0,1,0,1,0,0,0,0,0,0,0,0,0,0,0,0,0,0,0
"2845636",0,0,0,0,0,0,0,0,0,0,0,0,0,0,0,0,0,0,0,1,0,0,0,0
"2845659",0,0,0,0,0,0,0,0,0,0,0,1,0,0,0,0,0,0,0,0,0,0,0,0
"2845698",1,0,0,0,0,0,0,0,0,0,0,0,0,0,0,0,0,0,0,0,0,0,0,0
"2845713",0,0,0,0,0,0,0,0,0,0,0,0,0,0,0,0,0,0,1,0,0,0,0,0
"2845720",0,0,0,0,0,0,0,0,1,0,0,0,0,0,0,0,0,0,0,0,0,0,0,0
"2845723",0,0,0,0,0,0,0,0,0,0,0,0,0,0,0,0,0,0,0,0,0,1,0,0
"2845725",0,0,0,0,0,0,0,1,0,0,0,0,0,0,0,0,0,0,1,0,0,0,0,1
"2845788",0,0,1,0,0,0,0,0,0,0,0,0,0,0,0,0,0,0,0,0,0,0,0,0
"2845793",0,0,0,0,0,0,1,0,0,0,0,0,0,0,0,0,0,0,0,0,0,0,0,0
"2845836",0,0,0,0,0,0,0,0,0,0,0,0,0,0,0,0,0,0,1,0,0,0,0,0
"2845878",0,0,0,0,0,0,0,0,0,0,0,0,0,0,0,0,0,1,0,0,0,0,0,0
"2845936",0,0,0,1,0,0,0,0,0,0,0,0,0,0,0,0,0,0,0,0,0,0,0,0
"2845938",0,0,0,0,0,0,0,0,1,0,0,1,0,0,0,0,0,0,0,0,0,0,0,0
"2845942",0,0,0,0,0,0,0,0,0,0,0,0,0,0,0,0,0,0,0,0,1,0,0,0
"2845945",0,0,1,0,0,0,0,0,0,0,0,0,0,0,0,0,0,0,0,0,0,0,0,0
"2845952",1,0,0,0,0,0,0,0,0,0,0,1,0,0,0,0,0,1,0,0,0,0,1,0
"2845953",0,0,0,0,0,0,0,0,0,0,0,0,0,1,0,0,0,0,0,0,0,0,0,0
"2845957",0,0,0,0,0,0,0,0,0,0,0,0,0,0,0,0,0,0,1,0,0,0,0,0
"2845960",0,0,0,0,0,0,0,0,0,0,0,0,0,0,0,0,0,0,0,1,0,0,0,0
"2845966",0,0,0,0,0,0,0,0,1,0,0,0,0,0,0,0,0,0,0,0,0,0,0,0
"2846003",1,0,0,0,0,0,0,0,0,0,0,0,0,0,0,0,0,1,0,0,0,0,0,0
"2846009",1,0,0,0,0,0,0,0,0,0,0,0,0,0,0,0,0,0,0,0,0,0,0,0
"2846017",0,0,0,0,0,1,0,0,0,0,0,0,0,0,0,0,0,0,0,0,0,0,0,0
"2846018",0,0,0,0,0,0,1,0,0,0,0,0,0,0,0,0,0,0,0,0,0,0,0,0
"2846036",0,0,0,0,0,0,0,0,0,0,0,0,0,0,0,1,0,0,0,0,0,0,0,0
"2846063",0,0,0,0,0,0,0,0,0,0,1,0,0,0,0,0,0,0,0,0,0,0,0,0
"2846068",0,0,0,0,0,0,0,0,0,0,0,0,0,0,0,0,0,0,0,0,0,0,0,1
"2846072",0,0,0,0,0,1,0,0,0,0,0,0,0,0,1,0,0,0,0,0,1,0,0,1
"2846075",1,0,1,0,0,0,0,0,0,0,0,0,0,0,0,0,0,0,0,1,0,0,0,0
"2846082",0,0,0,0,0,0,0,0,0,0,0,0,1,0,0,0,0,0,0,0,0,0,0,0
"2846084",0,0,1,0,0,0,0,0,0,0,0,0,0,0,0,0,0,0,0,0,1,0,0,0
"2846093",0,0,0,0,0,0,0,0,0,0,0,1,0,0,1,0,0,0,0,0,0,0,0,0
"2846096",0,0,0,1,0,0,0,0,0,0,0,0,0,0,0,0,0,0,0,0,0,0,0,0
"2846100",0,0,0,0,0,0,0,0,0,0,0,0,0,0,0,0,0,0,0,0,0,1,0,0
"2846103",0,0,0,0,0,0,0,0,0,0,0,0,0,0,0,0,0,0,0,1,0,0,0,0
"2846111",0,0,0,0,0,0,0,0,0,0,0,0,1,1,0,1,0,0,0,0,0,0,0,0
"2846118",0,0,0,0,0,0,0,0,0,0,0,0,0,0,0,0,0,1,0,0,0,0,0,0
"2846126",0,0,0,0,0,0,0,0,0,0,0,0,0,0,0,0,0,0,0,1,0,0,0,0
"2846149",0,0,0,0,0,0,0,0,0,0,0,0,0,0,0,0,0,0,0,0,0,0,1,0
"2846154",0,1,0,0,0,0,0,0,0,0,0,0,0,0,0,0,0,0,0,0,0,0,0,0
"2846156",0,0,0,0,0,0,0,0,0,0,1,0,0,0,0,0,0,0,0,0,0,0,0,0
"2846177",0,0,0,0,0,0,0,0,0,0,0,0,0,0,0,0,0,0,0,0,0,0,1,0
"2846191",0,0,1,0,0,0,0,0,0,0,0,0,0,0,0,0,0,0,0,0,0,0,0,0
"2846194",0,1,0,0,0,0,0,0,0,0,0,0,0,0,0,0,0,0,0,0,0,0,0,0
"2846195",1,0,0,0,0,0,0,0,0,0,0,0,0,0,0,0,0,0,0,0,0,0,0,0
"2846233",0,0,0,0,0,1,0,0,0,0,0,0,0,0,0,0,0,0,0,0,0,0,0,0
"2846234",0,0,0,0,0,0,0,0,0,0,0,0,0,0,0,0,0,0,0,0,0,1,0,0
"2846244",0,0,0,0,0,0,0,0,1,0,1,0,0,0,0,0,0,0,0,0,0,0,0,0
"2846262",0,0,0,0,0,0,0,0,0,1,0,0,0,0,0,0,0,0,0,0,0,0,0,0
"2846291",0,0,0,0,0,0,1,0,0,0,0,0,0,0,0,0,0,0,0,0,0,0,0,0
"2846406",0,0,1,0,0,0,0,0,0,0,0,0,0,0,0,0,0,0,1,0,0,0,0,0
"2846419",0,0,0,0,0,0,0,0,0,0,0,0,0,0,0,0,0,0,1,0,0,0,0,0
"2846420",0,0,0,0,0,0,0,0,0,0,0,0,0,0,0,1,0,0,0,0,0,0,0,0
"2846431",0,0,0,0,0,0,0,0,0,0,0,0,0,0,0,1,0,0,0,0,0,0,0,0
"2846433",0,0,0,0,0,0,0,0,0,0,0,0,0,0,0,1,0,0,0,0,0,0,0,0
"2846437",0,1,0,0,0,0,0,0,0,0,0,0,0,0,0,0,0,0,0,0,0,0,0,0
"2846443",0,0,0,0,0,0,0,0,0,0,0,0,0,1,0,0,0,0,0,0,0,0,0,0
"2846576",0,0,0,0,1,0,0,0,0,0,0,0,1,0,0,0,0,0,0,0,0,0,0,0
"2846579",0,0,0,0,0,0,0,0,0,0,0,0,0,0,0,0,0,0,0,0,0,0,0,1
"2846590",0,0,0,0,1,0,0,0,0,0,0,0,0,0,0,0,0,0,0,0,0,0,0,0
"2846599",1,0,0,0,0,0,0,0,0,0,0,0,0,0,0,0,0,0,0,0,0,0,0,0
"2846601",0,0,0,0,0,0,0,0,0,0,0,0,0,0,0,0,0,0,0,0,1,0,0,0
"2846605",0,0,0,0,1,0,0,0,0,1,0,0,0,0,1,0,0,0,0,1,0,0,0,0
"2846608",0,0,0,0,0,1,0,0,0,0,0,0,0,0,0,0,0,0,0,0,0,0,0,0
"2846620",0,0,0,1,0,1,0,0,0,0,0,0,0,0,0,0,0,0,0,0,0,0,0,0
"2846630",0,0,0,0,0,0,0,0,0,0,0,0,0,1,0,0,0,0,0,0,0,0,0,0
"2846650",1,0,0,0,0,0,0,0,0,0,0,0,0,0,0,0,0,0,0,0,0,0,0,0
"2846652",0,0,0,0,0,0,0,0,0,0,0,0,0,0,1,0,0,0,0,0,0,0,0,0
"2846666",0,0,0,0,0,0,0,0,0,0,0,1,0,0,1,0,0,0,0,0,0,0,0,0
"2846670",0,0,0,0,0,0,0,0,0,0,0,0,0,0,0,0,0,1,0,1,0,0,0,0
"2846671",0,0,0,0,0,0,0,0,0,0,0,1,0,0,1,0,0,0,0,0,0,0,0,0
"2846687",0,0,0,0,0,0,0,0,0,0,0,0,0,0,0,0,0,0,0,1,0,0,0,0
"2849625",0,0,0,0,1,0,0,0,1,0,0,0,0,0,0,0,0,0,0,0,0,0,0,0
"2849626",0,0,0,0,0,0,0,0,1,0,0,0,0,0,0,0,0,0,0,0,0,0,0,0
"285013",0,0,0,0,0,0,0,1,0,0,0,0,0,0,0,0,0,0,0,0,0,0,0,0
"2851015",0,0,0,0,0,1,0,0,0,0,1,0,0,0,0,0,0,0,0,0,0,0,0,0
"2851101",0,0,0,0,1,1,0,0,0,1,0,0,0,1,1,0,0,1,0,0,0,0,0,0
"2851979",0,0,0,0,0,0,0,0,0,0,0,0,0,0,0,0,0,0,0,0,1,0,0,0
"2851981",0,0,0,0,0,0,0,0,0,1,0,0,0,0,0,0,0,0,0,0,0,0,0,0
"2851982",0,0,0,0,0,0,0,0,0,0,0,0,1,0,0,0,0,0,0,0,1,0,0,0
"2859474",0,0,0,0,0,0,0,0,0,0,0,0,0,0,0,0,0,1,0,0,0,0,0,0
"2860997",0,0,0,0,0,0,0,0,0,0,0,0,0,0,0,0,0,0,0,0,1,0,0,0
"2861002",1,0,0,0,0,0,0,0,0,0,0,0,0,0,0,0,0,0,0,1,0,0,1,1
"2861800",0,1,0,0,0,0,0,0,1,1,0,1,1,0,1,0,0,1,1,0,0,0,0,0
"2862773",0,0,0,0,0,0,0,0,0,0,0,1,0,0,0,0,0,1,0,0,0,1,0,0
"2862998",0,0,1,1,1,0,0,0,0,0,0,0,0,0,0,0,0,0,0,0,0,0,0,0
"2863832",0,0,0,0,0,0,0,0,0,0,0,0,0,0,0,0,0,0,0,0,0,0,0,1
"2865793",0,0,0,0,0,0,0,0,0,0,0,0,0,0,1,0,0,0,0,0,0,0,0,0
"2866191",0,0,0,1,0,0,0,0,0,0,0,0,0,0,0,0,0,0,0,0,0,0,0,0
"2866277",0,0,0,0,0,0,0,0,0,0,0,0,0,0,0,0,0,0,0,0,1,0,0,0
"2866684",1,0,0,0,0,0,0,0,0,0,0,0,0,0,1,0,0,0,0,0,0,0,0,0
"2867265",0,0,0,0,0,0,0,0,0,0,0,0,0,0,0,0,0,0,1,0,0,0,0,0
"2871166",0,0,0,0,0,0,0,0,0,0,0,0,0,0,1,0,0,0,0,0,1,0,0,0
"2873234",0,0,0,0,1,0,0,0,0,0,0,0,0,0,1,0,0,0,0,0,0,0,0,0
"2873349",0,0,1,1,0,0,0,0,0,0,0,0,0,0,0,0,0,0,0,0,0,0,0,0
"2873372",0,0,1,0,0,0,0,0,0,0,0,0,0,0,1,0,0,0,0,0,1,0,1,0
"2873373",0,0,1,0,0,0,0,0,0,0,0,0,0,0,0,0,0,0,0,0,0,0,0,0
"2873413",0,0,0,0,1,0,0,0,0,0,0,0,0,0,0,0,0,0,0,0,0,0,0,0
"2874627",1,1,0,0,0,0,0,0,0,0,0,0,0,0,1,0,0,0,0,0,0,0,0,0
"2874879",0,0,1,0,0,0,0,0,0,0,0,0,0,0,1,0,1,0,0,0,0,0,0,0
"2874885",0,0,0,0,0,0,0,0,0,1,0,0,0,0,0,0,1,0,0,0,0,0,0,0
"2874887",0,0,1,0,0,0,0,0,0,0,1,0,0,0,1,0,0,0,0,0,0,0,0,0
"2875710",0,0,0,0,0,0,0,0,1,0,0,0,0,0,0,0,0,0,0,0,0,0,0,0
"2875839",0,0,0,0,0,0,0,0,0,0,0,0,0,0,0,0,1,0,1,0,0,0,0,0
"2878088",0,0,0,0,0,0,0,0,0,0,1,0,0,0,0,0,0,0,0,0,0,0,0,0
"2879398",0,0,0,0,0,0,0,0,0,0,1,0,0,0,0,0,0,0,0,0,0,0,0,0
"2880993",1,0,0,0,0,0,0,0,0,0,0,0,1,0,0,0,0,0,0,0,0,0,0,0
"2885976",0,0,0,0,0,0,0,0,0,0,1,0,0,0,0,0,0,1,0,0,0,0,0,0
"2886224",0,0,0,0,1,0,0,0,0,0,0,0,0,0,0,0,0,0,0,0,0,0,0,0
"2886402",0,0,0,0,0,0,0,0,1,0,0,0,0,0,0,0,0,0,0,0,0,0,0,0
"28871",0,0,0,0,0,0,0,0,0,0,0,0,0,0,0,0,1,0,0,0,0,0,0,0
"28873",0,0,0,0,0,0,0,0,0,0,1,0,0,0,0,0,1,0,0,0,0,0,0,0
"28884",0,0,0,0,0,0,0,0,0,0,1,0,0,0,0,0,0,0,0,0,1,0,0,0
"28896",0,0,0,0,0,1,0,0,0,0,0,0,0,0,0,0,0,0,0,0,0,0,0,0
"28907",0,0,0,0,0,1,0,0,0,0,0,0,0,0,0,0,0,0,0,0,0,0,0,0
"2894747",0,0,0,0,0,0,0,0,0,0,0,0,0,0,0,0,0,0,1,0,0,0,0,0
"2894786",0,0,0,1,0,0,0,0,0,0,0,0,0,0,0,0,0,0,0,0,0,0,0,0
"2894787",0,0,0,0,0,0,0,1,0,0,0,0,1,0,0,0,0,0,0,0,0,0,0,0
"2894790",0,0,1,0,0,0,0,0,0,0,0,0,0,0,0,0,0,0,0,0,0,1,0,1
"2894793",0,0,0,0,0,0,0,1,0,0,0,0,0,0,1,0,0,0,0,0,0,0,0,0
"2894794",0,0,0,0,0,0,0,0,0,0,0,0,0,0,0,1,0,0,1,0,0,0,0,0
"2894809",0,0,0,0,0,0,0,0,0,0,0,0,0,1,0,1,1,0,0,0,0,0,0,0
"2902692",0,0,0,0,0,0,0,0,0,0,0,0,0,0,0,1,0,0,0,0,0,0,0,0
"290611",0,0,0,0,0,0,0,1,0,0,0,0,0,0,0,1,0,0,0,0,0,0,0,0
"2908628",0,0,0,0,0,0,1,0,1,0,0,1,0,0,0,0,0,1,0,0,1,0,0,0
"2908630",0,0,0,0,0,1,0,1,0,0,0,0,0,0,1,0,0,0,0,0,1,0,0,0
"2910155",0,0,0,0,0,0,0,0,0,0,0,0,0,0,0,0,0,0,0,1,0,0,0,0
"2910950",0,0,0,0,0,0,0,0,0,0,0,0,0,0,0,0,0,0,1,0,0,0,0,0
"2912296",0,0,0,0,0,1,0,0,0,0,0,0,0,0,0,0,0,0,0,0,0,0,1,0
"2912629",1,0,0,0,0,0,0,0,0,0,0,0,0,0,0,0,0,0,0,0,1,0,0,0
"2912825",1,0,0,0,0,0,0,0,0,0,0,0,0,0,0,0,0,0,0,1,0,0,0,0
"2913600",0,0,0,1,0,1,0,0,0,0,0,1,1,1,0,0,0,0,0,0,0,0,1,1
"2918920",0,0,0,0,0,0,0,0,0,0,1,0,0,0,0,0,0,0,0,0,0,0,0,0
"2920374",0,0,0,0,0,0,0,0,0,0,0,0,0,1,0,0,0,0,0,0,0,0,0,0
"2920934",0,0,1,0,0,0,0,1,0,0,0,0,0,0,0,0,0,0,0,0,0,0,1,1
"2921793",0,0,0,0,0,0,0,0,0,0,0,0,0,0,0,0,0,1,0,0,0,0,0,0
"2922857",1,1,0,0,0,0,0,0,0,0,0,0,0,0,0,1,0,0,0,0,0,0,0,0
"2922859",0,0,0,1,0,0,0,0,0,0,0,0,0,0,0,0,0,0,0,0,0,0,0,0
"2924904",0,0,0,0,0,0,0,1,0,0,0,0,0,0,0,0,0,0,1,0,0,0,0,0
"29255",0,0,0,0,0,0,0,0,0,0,0,0,0,0,0,0,1,0,0,0,0,0,0,0
"2926097",0,0,0,0,0,0,0,1,0,0,0,0,0,1,0,0,0,0,0,0,0,0,0,0
"2926108",0,0,0,0,0,0,0,0,0,0,0,0,0,0,0,0,0,0,1,0,0,0,0,0
"2927243",0,0,0,0,0,0,0,0,0,0,1,0,0,0,0,0,0,0,0,0,1,1,0,0
"2927788",0,0,0,0,0,0,0,0,0,0,0,0,0,1,0,0,0,0,0,0,0,0,0,0
"2935866",0,0,0,0,0,0,0,0,0,0,0,0,0,0,0,1,0,0,0,0,1,0,0,0
"2939128",0,0,0,0,0,0,0,1,0,0,0,0,0,0,0,0,0,0,0,0,0,0,0,0
"29407",0,0,0,0,0,0,0,0,0,0,0,0,0,1,0,0,0,0,0,0,1,0,0,0
"2942993",0,0,0,0,0,0,0,1,0,0,0,0,0,0,0,0,0,0,0,0,0,0,0,0
"2943014",0,1,0,1,0,0,1,0,0,0,0,1,0,0,0,0,0,0,0,1,0,0,0,1
"2944850",0,0,1,0,1,0,0,0,0,1,0,0,0,0,0,0,0,0,0,0,0,0,0,0
"2945916",0,0,1,0,0,0,1,0,0,0,0,0,0,0,0,0,0,1,0,0,0,0,0,0
"294631",0,0,0,0,0,0,0,0,0,0,0,0,0,0,0,0,0,0,0,0,0,1,0,0
"2946811",0,0,0,0,0,1,0,0,0,0,0,0,0,0,0,0,0,0,0,0,0,0,0,0
"2946830",0,1,0,0,0,0,0,0,0,0,0,0,0,0,0,0,0,0,0,0,0,0,0,0
"2948639",0,0,0,0,0,0,0,0,0,1,0,0,0,0,1,0,1,0,0,0,0,0,0,0
"2948643",0,0,0,0,0,0,0,0,0,0,0,0,0,0,0,0,0,0,1,0,0,0,0,0
"2948652",1,1,0,0,1,0,0,0,0,0,0,0,0,0,0,0,0,0,0,0,0,0,0,0
"2948659",0,0,0,0,0,0,0,0,0,0,0,0,0,0,0,0,1,0,0,0,0,0,0,0
"2948690",0,0,0,0,0,0,0,0,0,1,0,0,0,0,0,0,0,0,0,0,0,0,0,0
"2948694",0,0,1,0,0,0,0,0,0,0,0,0,0,0,0,0,0,0,0,0,1,0,0,0
"2948767",0,0,0,0,0,1,0,0,0,0,0,0,0,0,0,0,0,0,0,0,0,0,0,0
"2948768",0,0,0,0,0,0,0,0,0,0,1,0,0,0,0,0,0,0,0,0,0,0,0,0
"2948774",0,1,1,0,0,0,0,0,0,0,0,0,0,1,0,0,0,0,0,0,0,0,0,0
"2948861",0,0,1,0,0,0,0,0,0,0,0,0,0,0,0,0,0,0,0,0,0,0,0,0
"2948901",0,0,0,0,0,0,0,0,0,0,0,0,0,0,0,1,0,1,0,1,1,0,0,0
"2948904",0,0,0,1,0,1,0,1,0,0,0,0,0,0,0,0,0,0,0,0,0,0,0,0
"2953971",0,0,0,0,0,0,0,0,0,0,1,0,0,0,0,0,0,0,0,0,0,0,0,0
"2953974",1,0,0,0,0,0,0,0,0,0,0,0,0,0,0,0,0,0,0,0,0,0,0,0
"2953975",0,1,0,0,0,1,0,0,1,0,0,0,0,0,0,1,0,0,0,0,0,0,0,1
"2953976",0,0,0,0,0,0,0,0,1,0,0,1,0,0,0,0,0,0,0,0,0,0,0,0
"2953979",0,0,1,0,0,0,0,0,0,0,0,0,0,0,0,0,0,0,0,0,0,0,0,0
"2953989",0,0,0,0,0,0,0,0,0,1,0,0,0,0,0,0,0,0,0,0,0,0,0,0
"2954002",0,0,0,0,0,0,0,0,0,0,0,0,0,0,0,1,0,0,0,0,0,0,0,0
"2954003",0,0,0,0,0,1,0,0,0,0,0,0,0,0,0,0,0,0,0,0,0,0,0,0
"2954004",0,1,0,0,0,0,0,0,0,0,0,0,0,1,0,1,0,0,0,0,0,1,0,0
"2954007",0,0,0,0,0,0,0,0,0,0,0,1,0,0,0,0,0,0,0,0,0,0,0,0
"2954009",0,0,0,0,0,0,0,0,0,1,0,0,0,0,1,0,0,0,0,0,0,0,0,0
"2954011",0,0,0,0,0,0,0,0,0,0,0,0,0,0,0,0,0,0,0,0,0,0,0,1
"2954025",0,1,0,0,0,1,0,0,0,0,0,0,0,0,0,0,1,0,1,0,0,0,0,0
"2954033",0,0,0,0,0,0,0,0,0,0,0,0,0,1,0,0,0,0,0,0,0,0,0,0
"2954043",0,0,0,0,0,0,0,0,0,0,0,0,0,0,0,0,0,0,0,0,0,1,0,0
"2954060",0,0,1,0,0,1,0,1,0,0,0,0,0,0,0,0,1,0,0,0,0,0,0,1
"2954064",1,0,0,0,1,0,0,0,0,0,0,1,0,0,0,0,0,0,1,0,1,0,0,1
"2954068",0,0,0,0,0,0,0,0,0,1,0,0,0,0,0,0,1,0,0,0,1,0,0,0
"2955232",0,0,0,0,0,0,0,0,0,0,0,0,0,0,0,0,0,0,1,0,0,0,0,0
"2955233",0,0,0,0,0,0,0,0,1,0,0,0,0,0,0,0,0,0,0,0,0,0,0,0
"2955234",0,0,0,0,0,0,0,0,1,0,0,0,0,0,0,0,0,0,0,0,0,0,0,0
"2955243",0,0,1,0,0,0,0,0,0,0,0,0,0,1,0,0,0,0,0,0,0,0,0,0
"2955246",0,0,0,0,0,0,0,0,0,1,0,0,0,0,0,0,0,0,0,0,0,0,0,0
"2955249",0,0,0,0,0,0,0,0,1,0,0,0,0,0,0,0,0,0,0,0,0,0,0,0
"2955262",0,0,0,0,0,0,0,0,0,0,0,0,0,0,1,0,0,0,1,0,0,0,0,0
"2955274",0,1,0,0,0,0,0,0,0,0,0,1,0,0,0,0,0,0,0,0,0,0,0,0
"2955284",0,1,0,0,1,0,0,0,0,0,1,0,0,0,0,0,0,0,0,0,0,0,0,0
"2955286",0,1,0,0,0,0,0,0,0,0,0,0,0,0,0,0,0,0,0,0,0,0,0,0
"2955303",1,0,0,1,0,0,0,1,0,1,0,0,0,0,0,0,0,0,0,0,0,0,0,0
"2955320",0,0,0,0,0,0,0,0,0,0,0,0,0,0,0,0,1,0,0,0,0,0,0,0
"2955330",0,0,0,0,0,0,1,0,0,0,0,0,0,0,1,0,0,0,0,0,0,0,0,0
"2955355",1,0,0,0,1,1,0,1,0,0,0,0,0,0,0,0,0,0,0,0,0,0,0,0
"2955379",0,0,0,0,0,1,0,0,0,0,0,0,0,0,0,0,0,0,0,0,0,0,0,0
"2955382",0,0,0,0,0,0,0,1,1,1,0,0,0,0,1,0,0,1,0,0,0,0,0,1
"2955383",0,0,1,0,0,0,0,0,0,0,0,0,0,0,0,0,0,0,0,0,0,0,0,0
"2955384",0,1,0,1,0,0,0,0,0,0,0,0,0,0,0,0,0,0,0,0,0,0,0,0
"2955395",1,0,0,0,0,0,0,0,0,0,0,0,0,0,0,0,0,0,0,0,0,0,0,0
"2955396",0,0,0,0,0,0,0,0,1,0,0,0,0,0,0,0,0,0,0,0,0,0,0,0
"2955397",0,0,0,1,0,0,0,0,1,0,0,0,0,0,0,0,0,0,1,1,0,1,1,0
"2955407",0,0,0,0,0,0,0,0,0,0,0,0,0,0,0,0,0,0,0,0,0,1,0,0
"2955410",0,0,0,0,0,1,0,0,0,0,0,0,0,0,0,0,0,0,0,0,0,0,0,0
"2955412",0,0,1,1,0,0,0,0,0,1,0,0,0,0,0,0,1,0,0,1,0,0,0,0
"2955416",0,0,0,0,0,0,0,0,0,0,0,0,0,1,0,1,0,0,0,0,0,0,0,0
"2955440",0,0,0,0,0,0,0,0,0,0,0,0,0,0,0,0,0,0,0,0,0,0,0,1
"2955456",0,0,0,0,0,0,0,0,0,0,0,0,0,0,1,0,0,0,0,0,0,0,0,0
"2955462",0,0,0,0,0,0,0,0,0,0,0,0,1,0,0,0,0,0,0,0,0,0,0,0
"2955485",0,0,0,0,0,0,0,0,0,0,0,0,0,0,0,1,0,0,0,0,0,0,0,0
"2955498",0,0,0,1,1,0,0,0,0,1,0,0,0,0,0,0,0,0,0,0,0,0,0,0
"2955500",0,0,0,0,0,0,0,0,0,1,0,0,0,0,0,0,0,0,0,0,0,0,0,0
"2955508",0,0,0,0,0,0,0,0,0,0,0,0,0,0,0,0,0,0,0,0,0,0,1,0
"2955512",0,0,0,1,0,0,1,0,0,1,0,1,0,1,1,0,0,0,0,0,0,0,0,0
"2955525",0,0,0,0,0,0,0,0,0,0,0,0,0,0,0,0,0,0,0,1,0,0,0,0
"2955535",0,0,0,0,0,0,0,0,0,0,0,0,0,0,1,0,0,0,0,0,0,0,0,0
"2955540",1,0,0,0,0,0,0,0,0,0,0,0,0,0,0,0,0,0,0,0,0,0,0,0
"2955542",0,0,0,0,0,1,0,0,0,0,1,1,0,0,0,0,0,0,0,0,0,1,0,0
"2955543",0,0,0,0,0,0,0,0,0,0,0,1,0,0,0,0,0,0,0,0,0,0,0,0
"2955547",0,0,0,0,0,0,0,0,0,0,1,1,0,0,0,0,0,0,0,0,0,0,0,0
"2955550",0,1,0,0,0,0,0,0,0,0,1,0,0,0,0,0,0,0,0,0,0,0,0,0
"2955552",0,0,0,1,0,0,0,0,0,0,0,0,0,0,0,0,0,0,0,0,0,0,1,0
"2955555",0,0,0,0,0,0,0,0,0,0,0,0,0,0,0,0,0,0,1,0,0,0,0,0
"2955558",0,0,0,0,0,0,0,0,0,0,0,1,0,0,0,0,0,0,0,0,0,0,0,0
"2955580",0,0,0,0,0,0,0,0,0,0,0,0,0,0,0,0,0,0,0,1,0,0,0,0
"2955581",0,0,0,1,0,0,0,0,0,0,1,0,0,0,0,0,0,0,0,0,0,0,0,0
"2955582",0,0,1,0,0,0,1,1,0,0,0,0,0,0,0,0,0,0,0,0,1,0,0,0
"2955598",0,0,0,0,0,0,0,0,0,0,0,0,0,1,0,0,0,1,0,0,0,0,0,0
"2955599",0,0,0,0,0,0,0,0,0,0,0,0,0,0,1,0,0,0,0,1,0,1,0,0
"2955601",0,0,0,0,0,0,0,0,0,0,0,0,1,0,0,0,0,0,0,0,0,0,1,0
"2955602",0,0,0,0,0,0,0,0,0,0,0,0,1,0,0,0,0,0,0,0,0,0,0,1
"2955612",0,0,0,1,0,0,0,0,1,0,0,0,0,0,0,0,0,0,0,0,0,0,0,0
"2955613",0,0,0,0,0,0,0,0,0,0,0,0,0,0,0,0,0,0,0,1,0,0,0,0
"2955615",1,0,0,0,1,0,0,0,0,0,0,0,0,0,0,0,0,0,0,0,0,0,0,0
"2955617",0,0,0,0,0,0,0,0,0,0,0,1,0,0,0,0,0,0,0,0,1,0,0,0
"2955619",0,0,0,0,0,0,0,0,0,0,0,0,0,0,1,0,0,0,0,0,0,0,0,0
"2955620",0,0,0,0,0,0,0,0,0,0,0,0,0,0,0,1,0,0,0,0,0,0,0,0
"2955623",0,0,0,0,0,0,0,0,0,0,0,0,1,0,0,0,0,0,0,0,0,0,0,0
"2955624",0,0,0,0,0,0,0,0,0,0,0,0,0,0,0,0,1,0,0,0,0,0,0,0
"2955626",0,0,0,0,0,0,0,0,0,0,0,0,0,1,0,0,0,0,0,0,1,0,0,0
"2955629",0,0,0,0,1,0,0,0,0,0,0,0,0,0,0,0,0,0,0,0,0,0,0,0
"2955630",0,0,0,0,0,0,0,0,0,0,0,0,0,0,1,0,0,0,0,0,0,0,0,0
"2955632",0,0,0,0,0,0,0,0,0,0,0,0,0,0,0,0,0,0,1,0,0,0,0,0
"2955637",0,0,0,1,1,0,0,0,0,0,0,0,0,0,0,0,0,0,0,0,0,0,0,0
"2955638",0,0,0,0,1,0,0,0,0,0,0,0,0,0,1,0,1,0,0,0,0,0,0,0
"2955640",0,0,0,0,0,0,1,0,0,0,0,0,0,0,0,0,0,0,0,0,0,0,0,0
"2955644",1,0,0,1,0,0,1,0,0,0,0,0,0,0,0,0,0,0,0,0,0,0,0,0
"2955645",0,0,0,0,0,0,0,0,0,0,0,0,0,0,0,0,0,0,0,0,0,1,0,0
"2955646",0,0,1,0,0,0,0,0,0,0,0,0,0,0,0,0,0,0,0,0,0,0,0,0
"2955650",0,0,1,0,0,1,0,1,0,0,0,0,0,1,0,0,0,0,0,0,0,0,0,1
"2955662",0,0,0,0,0,0,0,0,0,0,1,0,0,0,0,0,0,0,0,0,0,0,0,0
"2955669",1,0,0,0,0,0,0,1,0,0,0,0,1,1,0,0,0,0,0,0,0,0,0,0
"2955671",0,0,0,0,0,0,0,0,0,0,1,0,0,0,0,0,0,0,0,0,0,0,0,0
"2955672",0,0,0,0,0,0,0,0,0,0,0,0,0,0,0,0,0,0,0,1,0,0,0,0
"2955686",0,0,0,0,0,0,1,0,0,0,0,0,0,0,0,0,0,0,0,0,0,0,0,0
"2955691",0,0,0,1,0,0,1,0,1,1,1,0,0,0,0,0,0,0,0,0,0,0,0,0
"2955711",0,0,0,0,1,0,0,0,0,0,0,0,0,0,0,0,0,0,0,0,0,0,0,0
"2955712",0,0,0,0,0,0,0,0,0,0,0,0,0,0,0,0,0,0,0,1,0,0,0,0
"2955735",0,1,0,1,0,0,0,0,0,0,0,1,0,0,0,0,0,0,0,0,0,0,0,0
"2955738",0,0,0,0,0,0,0,1,0,0,0,0,0,0,0,0,0,0,0,0,0,0,0,1
"2955741",1,0,0,0,0,0,0,0,0,1,0,0,0,1,0,0,0,0,0,0,0,0,0,1
"2955744",0,0,0,0,0,0,0,1,0,0,0,0,0,0,0,0,0,0,0,0,0,0,0,0
"2955747",0,0,0,0,0,0,0,0,0,0,0,0,0,0,0,1,0,0,0,0,0,0,0,0
"2955750",1,0,0,0,0,0,0,0,0,0,0,0,0,0,0,0,0,0,0,0,0,0,0,0
"2955757",0,0,0,0,0,0,0,0,0,0,1,1,0,0,0,0,0,0,0,0,0,0,0,0
"2955758",0,0,0,0,0,0,0,0,0,0,0,0,0,0,0,0,0,1,0,0,0,0,0,0
"2955760",0,1,0,0,0,0,0,0,0,0,0,0,0,0,0,0,0,0,0,0,0,0,0,0
"2955761",0,0,1,0,0,0,0,0,0,0,0,0,0,0,0,0,0,0,0,0,0,0,0,0
"2955765",0,0,0,0,0,0,0,0,0,0,0,1,1,0,0,0,0,0,0,0,0,0,0,0
"2955767",0,0,0,0,0,0,0,1,0,0,0,0,0,0,0,0,0,1,0,0,0,0,1,0
"2955783",0,0,0,0,0,0,1,0,0,0,0,0,0,0,0,0,0,0,0,0,0,0,0,0
"2955864",0,0,0,0,0,0,0,0,0,0,1,0,0,0,0,0,0,0,0,0,0,0,0,0
"2955872",1,0,0,0,1,0,0,0,0,1,0,0,0,0,0,0,0,0,0,0,0,0,0,0
"2955874",0,0,1,0,0,0,0,0,0,0,0,0,0,0,0,0,0,0,0,0,0,0,0,0
"2955884",0,0,0,0,0,0,0,0,0,0,0,0,0,1,0,0,0,1,0,0,1,0,0,0
"2955896",0,0,0,0,0,0,0,0,0,0,0,0,0,0,0,0,0,0,0,0,0,0,0,1
"2955901",0,0,0,1,0,0,0,0,0,0,0,0,0,0,0,0,0,0,0,0,0,0,0,0
"2955902",0,0,0,0,0,0,0,0,0,0,0,0,0,0,0,0,0,0,1,0,0,0,0,0
"2955903",0,0,0,0,0,0,0,0,0,0,0,0,0,0,0,0,0,0,1,0,0,0,0,0
"2955908",0,0,0,0,0,0,0,1,0,0,0,0,0,0,0,0,0,0,0,0,0,0,0,0
"2955921",0,0,0,0,0,0,0,0,0,1,0,0,0,1,0,0,1,0,0,0,1,1,0,0
"2955923",0,0,0,0,0,0,0,0,0,1,0,0,0,0,0,0,0,0,0,0,0,0,0,0
"2955940",0,0,1,0,0,0,0,0,0,0,0,0,0,0,0,0,0,0,0,0,0,0,0,0
"2955953",0,0,0,0,1,0,0,0,0,0,0,0,0,0,0,0,0,0,0,0,0,0,0,0
"2955958",1,0,0,0,0,0,0,1,0,1,0,0,0,0,0,1,0,0,1,0,0,0,1,0
"2955980",0,0,0,0,0,0,0,0,0,0,1,0,0,0,0,0,0,0,0,0,0,0,0,0
"2955981",0,0,0,0,0,0,0,1,0,0,0,0,0,0,0,0,0,0,0,0,0,0,0,0
"2955986",0,0,0,0,0,1,0,0,0,0,0,0,0,0,0,0,0,0,0,0,0,0,0,0
"2955992",0,0,0,0,0,0,0,1,0,0,1,0,0,0,0,0,0,0,0,0,0,0,0,0
"2955995",1,0,0,0,0,0,0,0,0,0,0,0,0,0,0,0,0,0,0,0,0,0,0,0
"2955998",0,0,1,0,1,0,0,0,0,0,0,0,0,0,0,0,0,0,0,0,0,1,0,0
"2956010",0,0,0,0,0,1,0,0,0,1,0,1,0,0,0,0,0,0,0,0,0,0,0,0
"2956014",0,0,0,0,0,0,0,0,0,0,0,0,0,1,0,0,0,1,0,0,0,0,0,0
"2956036",1,0,0,0,0,0,0,0,0,0,0,0,0,0,0,0,0,0,0,0,0,0,0,0
"2956048",0,0,0,0,0,1,0,0,0,0,0,0,0,0,0,1,0,0,0,0,0,0,0,0
"2956051",0,0,0,0,0,0,0,0,0,0,0,0,0,0,0,0,1,0,1,0,0,0,0,0
"2956066",0,0,0,0,0,0,0,0,1,0,0,0,0,0,0,0,0,0,0,0,0,0,0,0
"2956067",0,0,0,0,0,0,0,0,0,1,0,0,0,0,0,0,1,0,0,0,0,1,0,0
"2956071",0,1,0,0,0,0,1,0,0,0,0,0,1,0,0,1,1,0,0,0,0,0,0,1
"2956073",0,0,0,0,0,0,0,0,0,0,0,0,0,0,0,0,0,0,0,0,0,1,0,0
"2956074",0,0,0,0,0,0,0,0,0,0,0,0,0,0,0,1,1,0,0,0,0,0,0,0
"2956079",1,0,0,1,0,0,1,0,0,0,0,0,0,1,0,0,0,0,0,0,0,0,0,0
"2956097",0,0,0,0,1,0,0,0,1,0,0,0,0,0,0,0,0,0,0,0,0,0,0,1
"2956099",0,0,0,0,0,0,0,1,0,0,0,0,0,0,0,0,0,0,0,0,0,0,0,0
"2956100",0,0,0,0,0,0,0,0,0,0,0,0,0,0,1,0,0,0,0,0,0,0,0,0
"2956103",1,0,0,0,0,0,0,0,0,0,0,0,0,0,0,0,0,0,0,0,0,0,0,0
"2956105",0,0,0,0,0,0,1,0,0,0,0,0,0,0,0,0,1,0,0,0,0,0,0,0
"2956106",0,0,0,0,0,0,0,0,0,1,0,0,0,0,0,0,0,0,0,0,0,0,0,0
"2956108",0,0,0,0,0,0,0,0,0,0,0,0,0,0,1,0,0,0,0,0,0,1,0,0
"2956153",0,0,0,0,0,0,0,0,0,0,0,0,0,0,0,0,1,0,0,0,0,0,0,0
"2956155",0,0,0,0,1,0,0,0,0,0,0,0,0,0,0,0,0,0,0,0,0,0,0,0
"2956167",0,0,0,0,0,0,0,0,0,0,0,0,0,0,0,0,1,0,0,0,0,0,0,0
"2956181",0,0,0,0,0,1,0,0,0,0,0,0,0,0,0,0,0,0,0,0,0,0,0,0
"2956186",0,0,0,0,0,1,0,0,0,0,0,0,0,0,0,0,0,0,0,0,0,0,0,0
"2956193",0,0,1,0,0,0,1,0,0,0,0,0,0,0,0,0,0,0,0,0,0,0,0,0
"2956198",0,0,0,0,0,0,0,1,0,0,0,0,0,0,0,0,0,0,0,0,0,0,0,0
"2956209",0,1,0,0,0,0,0,0,0,0,0,0,0,0,0,0,0,0,0,1,0,0,0,0
"2956214",0,0,0,0,0,0,0,1,0,0,0,0,0,0,0,0,0,0,0,0,0,0,1,0
"2956221",1,0,1,0,0,1,0,0,0,0,1,0,0,0,0,0,1,0,0,0,0,0,0,0
"2956222",0,1,0,0,0,0,0,0,0,0,0,0,0,0,0,0,0,0,0,0,0,0,0,0
"2956234",0,0,0,0,1,0,1,0,0,0,0,0,0,0,0,0,0,0,1,0,0,0,0,0
"2956255",0,0,0,0,0,0,0,0,0,0,1,0,0,0,0,0,0,0,0,0,0,0,0,0
"2956256",0,1,0,0,0,1,0,0,0,0,1,0,0,0,0,0,0,1,0,0,0,1,0,0
"2956262",0,1,1,0,1,0,0,0,1,1,1,1,0,0,1,0,0,0,0,1,0,0,0,0
"2956271",0,0,0,0,0,0,0,0,0,1,1,0,0,0,0,0,0,1,0,0,0,1,0,0
"2956281",0,0,0,0,0,0,0,0,0,0,0,0,0,0,0,0,0,0,0,0,1,0,0,0
"2956294",0,1,0,0,0,1,0,0,0,0,0,0,0,0,0,0,0,0,0,0,0,0,0,0
"2956297",0,0,0,0,0,0,0,0,0,0,0,0,1,0,0,0,0,0,0,0,0,0,0,0
"2956300",0,0,0,0,0,0,0,0,0,0,0,0,0,0,0,0,0,0,0,0,0,1,0,0
"2956301",0,0,0,0,0,0,0,0,0,0,1,0,0,0,0,0,0,0,0,1,0,0,0,1
"2956308",0,0,0,0,0,0,0,0,0,1,0,0,0,0,0,0,0,0,0,0,0,0,0,0
"2956336",0,1,0,0,0,1,0,0,0,0,0,0,0,0,1,1,1,1,0,0,0,0,0,0
"2956346",0,0,0,0,0,0,0,0,0,0,0,0,0,0,0,1,0,0,0,0,0,0,0,1
"2956348",0,0,0,0,0,0,0,0,0,0,0,0,0,0,0,0,0,1,0,1,0,0,0,0
"2956361",0,0,0,0,0,0,0,0,0,0,0,0,0,1,0,0,0,0,0,0,0,0,0,0
"2956370",0,0,0,0,0,0,0,0,1,0,0,0,0,0,0,0,0,0,0,0,0,0,0,0
"2956373",0,0,0,0,0,0,0,0,0,0,0,0,0,0,0,0,0,0,0,0,1,0,0,0
"2956388",0,0,0,0,0,0,0,0,0,0,0,0,0,0,0,0,0,1,0,0,0,0,0,0
"2956430",0,0,0,0,0,0,0,0,0,0,1,0,0,0,0,0,0,0,0,0,0,0,1,0
"2956439",0,0,0,0,0,0,0,0,1,0,0,0,0,0,0,0,0,0,0,0,0,0,0,0
"2956446",0,1,0,0,0,1,0,0,1,0,0,0,0,0,1,0,0,0,0,0,0,0,0,0
"2956457",0,0,0,0,0,0,0,0,1,0,0,0,0,0,0,0,0,0,0,0,0,0,0,0
"2956459",0,0,1,0,0,0,0,0,0,0,0,0,0,0,0,0,0,0,0,0,0,0,0,0
"2956461",0,0,0,0,0,0,0,0,0,0,0,0,0,0,0,0,0,0,0,0,0,1,0,0
"2956467",0,0,1,0,0,0,0,0,0,0,0,0,0,0,0,0,0,0,0,1,0,0,0,0
"2956480",0,0,0,0,0,0,0,0,1,0,0,0,0,0,0,0,0,0,0,0,0,0,0,0
"2956484",0,0,0,0,0,0,1,0,0,0,0,0,0,0,0,0,0,0,0,0,0,0,0,0
"2956491",0,0,0,0,0,0,0,0,0,0,0,0,0,1,0,0,0,0,1,0,0,0,0,0
"2956501",0,0,0,0,1,0,0,0,0,0,0,0,0,0,0,0,0,0,0,0,0,0,0,0
"2956505",0,0,0,0,0,0,0,0,0,0,0,1,0,0,0,0,0,0,0,0,0,0,1,0
"2956519",0,0,0,0,0,1,0,0,0,0,0,0,0,0,0,0,0,0,0,0,0,0,0,0
"2956522",0,0,0,0,0,0,0,0,0,0,0,0,0,0,1,0,0,0,0,0,0,0,0,0
"2956539",0,0,0,0,0,0,0,0,0,0,0,0,0,0,0,1,0,0,0,0,0,0,0,0
"2956561",0,0,0,0,0,0,0,0,0,0,0,0,0,0,0,0,0,0,0,0,0,1,0,0
"2956569",0,0,0,0,0,0,1,0,0,0,0,0,0,0,1,0,0,0,0,0,0,0,0,1
"2956587",0,0,0,0,1,0,0,0,0,0,0,0,0,0,0,0,0,0,0,0,0,0,0,0
"2956601",0,0,0,0,0,1,0,0,0,0,0,0,0,0,0,0,0,0,0,0,0,0,0,0
"2956613",0,0,0,0,0,0,0,0,0,0,0,0,0,0,0,0,0,0,0,1,0,0,0,0
"2956628",0,0,0,0,1,0,0,0,0,0,0,0,0,0,0,0,0,0,0,0,0,0,0,0
"2956643",0,0,1,0,0,0,0,0,0,0,0,0,0,0,0,0,0,0,0,0,0,0,0,0
"2956645",0,0,0,0,0,0,0,0,0,0,0,0,0,0,0,1,0,0,0,0,0,1,0,0
"2956649",0,0,0,0,0,0,1,0,0,1,0,0,0,0,0,0,1,0,0,0,0,0,0,0
"2956650",0,0,0,0,0,0,0,0,0,0,0,1,0,0,0,0,0,0,0,0,0,0,0,0
"2956659",0,0,0,0,0,0,0,0,0,0,1,0,1,0,1,0,0,0,0,1,1,0,0,1
"2956670",0,1,0,1,0,0,1,0,0,0,0,0,0,1,0,0,0,0,0,1,0,0,1,0
"2956679",0,0,0,0,0,0,0,0,0,0,0,0,0,0,0,0,0,0,1,0,0,0,0,0
"2956680",0,0,0,0,1,0,0,0,0,0,0,1,0,0,0,0,0,0,0,0,0,0,0,0
"2956685",0,0,0,0,0,0,1,0,0,0,0,0,0,0,0,0,0,0,0,0,1,0,0,0
"2956688",0,0,0,0,0,0,0,0,0,0,0,0,0,0,0,0,0,0,0,0,0,0,1,0
"2956691",0,0,0,1,1,0,0,0,1,0,1,0,0,0,0,0,1,0,0,1,0,0,0,0
"2956703",0,0,0,0,0,0,0,0,0,0,0,0,0,0,0,0,0,1,0,0,0,0,0,0
"2961985",0,0,1,0,0,0,0,1,0,0,0,0,0,0,0,0,1,0,0,0,0,0,1,0
"2963127",0,0,0,0,0,1,0,0,1,0,0,0,0,0,1,1,1,0,1,0,1,0,0,0
"2964608",1,1,1,0,0,0,0,1,1,0,0,0,0,1,0,0,0,0,0,0,0,0,1,0
"2969597",0,0,0,0,1,0,0,0,0,0,0,0,0,0,0,0,0,0,0,0,1,0,1,0
"2972761",0,0,0,0,0,0,0,0,0,0,0,0,1,0,0,0,0,1,0,0,0,0,0,0
"2973796",0,0,0,0,0,0,0,0,1,0,0,0,0,0,0,0,0,0,0,0,0,0,0,0
"2973797",0,0,0,0,0,0,0,0,0,0,0,0,0,0,0,0,0,0,1,0,0,0,0,0
"2974257",0,0,0,0,0,0,0,0,0,1,0,0,0,0,0,0,0,0,0,0,1,0,0,0
"2975373",0,0,0,0,0,0,0,0,0,0,0,0,0,0,0,0,0,0,0,0,1,0,0,0
"2975405",0,0,0,0,1,1,0,0,0,0,0,0,0,0,0,0,0,0,0,0,0,0,0,0
"2975519",0,0,0,0,0,0,0,0,1,0,0,0,0,0,0,0,0,0,0,0,0,0,0,0
"2976977",0,0,0,0,0,0,0,0,0,0,0,0,0,1,0,0,0,0,0,0,0,0,0,0
"2978980",1,0,0,0,0,0,0,0,0,0,0,0,0,0,0,0,0,0,0,0,0,0,0,0
"2979321",1,0,0,0,0,0,0,0,0,0,0,0,0,0,0,0,0,0,0,0,0,0,0,0
"2980498",0,0,0,0,1,0,0,0,0,0,0,0,0,0,0,0,0,0,0,0,0,0,0,0
"2982923",0,0,0,0,0,0,0,0,0,0,0,0,0,0,0,0,0,1,0,0,0,0,0,0
"2984845",0,0,0,0,0,0,0,0,0,0,0,0,0,0,0,0,0,0,1,0,0,0,0,0
"2985325",0,0,0,0,0,1,1,0,1,1,0,0,0,0,1,0,0,0,0,1,1,1,1,1
"2985571",0,0,0,0,0,0,0,0,0,1,0,0,0,0,0,0,0,0,0,0,0,0,0,0
"2986524",0,0,0,0,0,0,0,0,0,0,0,0,0,0,0,0,0,1,0,0,0,0,0,0
"2986822",0,0,0,0,0,0,0,1,0,0,0,0,0,0,0,0,0,0,0,0,0,0,0,0
"2986826",0,0,0,0,1,0,0,0,0,0,0,0,1,0,0,0,0,0,0,0,0,0,0,0
"2989769",1,0,0,0,0,0,0,0,0,0,0,0,0,0,0,0,0,0,0,0,0,0,0,0
"2989771",0,0,0,0,0,0,0,0,0,0,0,0,0,0,0,0,0,0,0,0,0,1,0,0
"2999281",0,0,0,0,1,1,0,1,0,0,0,1,0,0,1,0,0,0,0,0,0,0,0,0
"3003233",1,0,0,0,0,0,0,0,0,0,0,0,0,0,0,0,0,0,0,0,0,0,0,0
"3003366",1,0,0,0,0,0,0,0,0,0,0,0,0,0,0,0,0,0,0,0,0,0,0,1
"3003720",0,0,1,0,0,0,0,0,0,0,0,0,0,0,0,0,0,0,0,0,0,0,0,0
"3015952",0,0,0,1,0,0,0,1,0,0,1,0,0,0,0,0,0,1,1,0,0,0,0,1
"301865",0,0,0,0,0,1,0,0,1,0,0,0,0,0,0,0,0,0,0,0,0,0,0,0
"3020908",0,0,0,1,0,0,0,0,0,0,0,0,0,0,0,0,0,0,0,0,0,0,0,0
"3021712",0,0,0,0,0,1,1,0,0,0,1,0,0,0,0,0,0,1,0,0,0,0,0,0
"3025408",0,0,0,1,0,0,0,0,0,0,0,0,0,0,0,0,0,0,0,0,0,0,0,0
"3044472",0,0,0,0,0,0,0,0,0,0,0,0,0,0,0,0,0,1,0,0,0,0,0,0
"3045953",0,0,1,0,0,0,0,0,0,0,0,0,0,0,0,0,0,0,0,0,0,0,0,0
"3047345",0,0,0,0,0,0,0,0,0,0,0,0,0,0,0,0,0,0,1,0,0,0,0,0
"3047353",0,0,0,0,0,0,0,1,0,0,0,0,0,0,0,1,1,1,1,1,0,0,0,0
"3047374",0,0,0,0,0,0,0,0,0,0,0,0,0,0,0,0,0,0,1,0,0,0,0,0
"3047376",0,0,0,0,0,0,0,0,0,0,0,0,0,1,0,0,0,1,0,0,0,0,0,0
"3047383",0,0,0,0,1,0,0,0,0,0,0,1,0,0,0,0,0,0,0,1,0,1,1,0
"3047393",0,0,0,0,0,0,0,0,0,0,0,0,0,0,0,0,0,0,0,0,0,0,0,1
"3047682",1,0,0,0,0,0,0,0,0,0,0,0,0,0,0,0,0,0,0,0,0,0,0,0
"3047683",0,1,0,0,0,0,0,0,0,0,0,0,0,0,0,0,0,0,0,0,0,0,0,0
"3047685",0,0,0,0,0,0,1,0,0,0,1,0,0,0,0,0,0,0,0,0,0,0,0,0
"3047687",1,0,0,0,0,0,0,0,0,0,0,0,0,0,0,0,0,0,0,0,0,0,0,0
"3047692",0,0,0,1,0,0,0,0,0,0,0,0,0,0,0,0,0,0,0,0,0,0,0,0
"3047700",0,0,0,0,0,0,1,0,0,0,0,0,0,0,0,0,0,0,0,0,0,0,0,0
"3047706",0,0,0,0,0,0,0,0,1,0,0,0,0,0,0,0,0,0,0,0,0,0,0,0
"3047712",0,1,0,1,0,0,0,0,0,0,0,0,0,0,0,0,0,0,0,0,0,0,0,0
"3047776",0,0,0,0,1,0,0,0,0,0,0,1,1,1,1,0,0,0,0,0,0,0,0,1
"3047778",0,0,0,0,1,0,0,0,0,0,0,0,0,0,0,0,0,0,0,0,0,0,0,0
"3047780",0,0,0,0,0,0,0,0,1,0,0,0,0,0,0,0,0,0,0,0,0,0,0,0
"3047781",0,0,0,0,1,0,0,0,0,0,0,0,0,0,0,0,0,0,0,0,0,0,0,0
"3047800",0,0,0,0,0,0,0,0,0,0,0,0,0,0,0,0,0,0,0,0,0,0,0,1
"3047801",0,0,0,0,0,0,0,0,0,0,0,0,0,0,0,0,1,0,0,0,0,0,0,0
"3047817",0,0,0,1,0,0,0,0,0,0,0,0,0,0,0,0,0,0,0,0,0,0,0,0
"3047818",0,0,0,0,0,0,0,0,0,0,0,0,0,0,1,0,0,0,0,0,0,0,0,0
"3047828",0,0,0,0,0,1,0,0,0,0,0,0,0,1,0,1,0,0,0,0,0,0,0,0
"3047829",0,0,0,0,0,0,0,0,0,0,0,0,0,1,0,0,0,0,0,0,0,0,0,0
"3047830",0,0,0,1,0,0,0,0,0,0,0,0,0,0,0,0,0,0,0,0,0,0,0,0
"3047840",1,0,0,0,0,0,0,0,0,0,0,0,0,0,1,0,0,0,0,0,0,0,0,0
"3047846",0,0,0,1,0,1,0,0,0,0,1,0,0,0,0,0,0,0,0,0,1,0,0,0
"3047848",0,0,0,0,0,0,0,0,0,0,0,0,0,0,0,0,0,0,0,1,0,0,0,0
"3047850",1,0,0,0,0,0,0,0,0,0,0,0,0,0,0,0,0,0,0,0,0,0,0,0
"3047859",0,0,0,0,0,0,0,0,0,0,0,0,0,0,0,1,0,0,0,0,0,0,0,0
"3047869",0,0,0,0,0,0,0,0,0,0,0,0,0,0,0,1,0,1,0,0,0,0,0,0
"3047949",0,0,0,0,0,0,0,1,0,0,0,0,0,0,0,0,0,0,0,0,0,0,0,0
"3047952",0,0,0,1,0,0,1,0,0,0,0,0,0,0,0,0,0,0,0,1,0,0,0,1
"3048161",0,0,0,0,0,0,0,0,0,0,0,0,0,0,0,0,0,0,0,0,0,0,1,0
"3048174",0,0,1,0,0,0,0,0,0,0,0,0,0,0,0,0,0,0,0,0,0,0,0,0
"3048187",0,0,0,0,0,0,0,0,0,0,0,0,0,0,0,0,0,0,1,0,0,0,0,0
"3048190",0,0,0,0,0,0,0,0,0,0,0,0,0,0,0,0,1,0,0,0,0,0,0,0
"3048191",0,0,0,0,0,0,0,0,0,0,0,0,0,0,0,0,0,1,0,0,0,0,0,0
"3048194",0,0,0,0,1,0,1,0,0,0,0,0,0,0,0,0,0,1,0,0,0,0,0,0
"3048198",0,0,0,0,0,0,0,0,0,0,0,0,0,0,0,0,0,0,0,0,0,0,1,0
"3048212",0,0,0,0,0,0,1,0,0,0,0,0,0,0,0,0,0,0,0,0,0,0,0,0
"3048222",0,0,0,0,0,0,0,1,0,0,0,0,1,0,0,0,0,0,0,0,0,0,1,0
"3048223",0,0,0,0,0,0,0,0,0,0,0,0,0,0,0,0,0,1,0,0,0,0,0,0
"3048226",0,0,0,0,0,0,1,1,0,0,0,0,0,0,0,0,0,0,0,0,0,0,0,0
"3048231",1,0,0,0,0,0,0,0,0,0,0,0,0,0,0,0,0,0,0,0,0,0,0,0
"3048239",0,0,0,0,1,1,0,0,0,1,0,0,0,1,0,0,0,0,0,0,0,0,0,0
"3048255",0,1,0,0,0,0,0,1,1,0,0,0,0,1,0,0,0,0,0,0,0,0,0,0
"3048260",0,0,0,0,0,0,0,0,0,0,0,0,0,0,1,0,0,1,1,0,0,0,0,0
"3048267",0,0,0,0,0,0,0,0,0,0,0,0,1,0,0,0,0,0,0,0,0,0,0,0
"3048274",0,0,0,0,0,0,0,0,0,0,0,0,0,0,0,0,0,1,0,0,0,0,0,0
"3048284",0,0,0,0,0,0,0,0,0,0,1,0,0,0,0,0,0,0,0,0,0,0,0,0
"3048293",0,0,0,0,0,0,0,0,1,0,0,0,0,1,0,0,0,0,0,0,0,0,0,0
"3048300",0,0,0,0,0,0,0,0,0,0,0,0,0,0,0,1,0,0,0,0,0,0,0,0
"3048307",0,0,0,0,1,0,0,0,0,0,0,0,0,0,0,0,0,0,0,0,0,0,0,0
"3048309",0,0,0,0,0,0,0,0,0,0,0,0,0,0,0,0,0,0,0,0,1,0,0,0
"3048319",0,1,0,0,0,0,0,0,0,0,0,0,0,0,0,0,0,0,0,0,0,0,0,0
"3048320",0,1,0,0,0,0,0,0,0,0,0,0,0,0,0,0,0,0,0,0,0,0,0,0
"3048321",0,0,0,0,0,1,0,0,0,0,0,0,0,0,0,0,0,0,0,0,0,0,0,0
"3048326",1,0,0,0,1,0,0,0,0,0,0,0,0,0,0,0,0,0,0,0,0,0,0,1
"3048348",1,0,1,0,0,0,0,0,0,0,0,0,0,0,0,0,0,0,0,0,0,0,0,0
"3048350",0,0,0,0,0,1,0,0,0,0,0,0,0,0,1,0,0,0,0,0,0,0,0,0
"3048353",0,0,0,0,0,0,0,0,0,0,0,0,0,0,0,0,0,1,0,0,0,0,0,0
"3048355",1,0,0,0,0,0,0,0,0,0,1,1,0,0,0,0,0,0,0,0,0,1,0,0
"3048356",0,0,0,0,0,0,0,0,0,0,0,0,0,1,0,0,0,0,0,0,0,0,0,0
"3048359",0,0,0,0,0,0,0,0,0,0,0,0,0,0,0,0,1,1,0,0,0,0,0,0
"3048376",0,0,0,0,0,0,0,0,0,0,0,0,0,0,0,0,1,0,0,1,0,0,0,0
"3048379",0,0,1,0,1,0,0,0,1,0,1,0,0,0,0,0,0,0,0,0,0,0,0,0
"3048393",0,0,0,0,0,0,0,0,0,0,0,0,0,0,0,0,0,0,0,0,0,1,0,0
"3048403",0,1,0,0,0,0,0,0,0,0,0,0,0,0,0,0,0,0,0,0,0,0,0,0
"3048419",0,0,0,0,0,0,0,0,0,0,1,0,0,0,0,0,0,0,0,0,0,0,0,0
"3048427",0,0,0,0,0,0,0,0,0,0,1,0,0,0,0,0,0,0,0,0,0,0,0,0
"3048429",0,0,0,0,0,0,0,0,0,1,0,0,0,0,0,0,0,0,0,0,0,0,0,0
"3048437",0,0,0,0,0,0,0,0,0,0,0,0,0,1,0,0,0,0,0,0,0,0,0,0
"3048440",0,0,0,0,0,0,0,0,0,0,0,0,0,0,0,0,0,0,0,1,0,0,0,0
"3048450",0,0,0,0,0,0,0,0,0,0,0,0,0,0,0,0,0,0,0,0,1,0,0,0
"3048455",0,0,0,0,0,0,0,0,0,0,0,0,0,0,1,0,0,0,0,0,1,0,0,0
"3050140",0,0,0,0,0,0,0,1,0,0,0,0,0,0,0,0,0,0,0,0,0,0,1,0
"3050241",0,0,0,0,0,1,0,0,0,0,0,0,0,0,0,0,0,0,0,0,0,0,0,0
"3050242",0,0,0,0,0,0,0,0,0,0,0,0,0,0,0,1,0,0,0,0,0,0,0,0
"3050278",0,0,0,0,0,0,0,0,1,0,0,0,1,0,1,0,0,0,0,0,0,0,0,0
"3050285",0,0,0,1,1,1,0,0,0,0,0,0,1,1,0,0,1,1,0,0,0,0,0,0
"3050298",0,0,0,0,0,0,0,1,0,0,0,0,0,1,0,0,0,0,1,0,1,0,0,0
"3050328",0,0,0,0,0,0,0,0,1,0,0,0,0,0,0,0,0,0,0,0,0,0,0,0
"3050331",0,0,1,1,0,0,0,1,0,0,1,0,0,0,0,0,0,0,0,0,0,0,0,0
"3050340",0,0,0,1,1,0,0,0,1,1,0,0,1,0,0,0,0,1,0,0,0,0,0,1
"3050358",0,0,1,0,0,1,0,0,0,0,0,0,0,0,0,0,0,0,0,0,0,0,0,0
"3051365",0,0,0,0,0,0,0,1,0,0,0,0,0,0,0,0,0,0,0,0,0,0,0,0
"3051366",0,0,0,0,0,0,0,0,0,0,0,0,0,0,0,0,0,0,1,0,0,0,0,0
"3051377",0,0,0,0,0,0,0,0,0,0,0,0,0,0,0,0,1,0,0,0,0,0,0,0
"3051380",0,0,0,0,0,0,0,0,0,0,0,1,0,0,0,0,1,0,0,0,0,0,0,0
"3051615",1,0,0,0,0,0,0,0,0,0,0,1,0,0,0,0,0,1,1,1,0,0,0,0
"3051621",0,0,0,0,0,0,0,0,0,0,1,0,0,0,0,0,0,0,0,0,1,0,0,0
"3051983",0,0,0,0,0,0,0,0,0,0,0,0,0,0,0,0,0,0,1,0,0,0,0,0
"3051984",0,0,0,0,1,0,0,0,0,0,0,0,0,0,0,1,0,0,0,0,0,0,0,0
"3051992",0,0,0,0,0,0,1,0,0,0,0,0,0,0,0,0,0,0,0,0,0,0,0,0
"3051999",0,0,0,0,0,0,0,0,0,0,0,0,0,0,0,1,0,0,0,0,0,0,0,0
"3052014",0,0,0,0,0,0,0,0,0,0,0,0,0,0,0,0,0,0,0,0,0,0,0,1
"3052026",0,0,0,0,1,0,0,0,1,0,0,0,0,0,0,0,0,0,0,0,1,0,1,0
"3052028",0,1,0,0,0,0,0,0,0,0,0,0,0,0,0,0,0,0,0,0,0,0,0,0
"3052033",0,0,0,0,0,0,0,0,0,0,0,0,0,0,0,1,0,0,0,0,0,0,0,0
"3052034",1,0,0,0,0,0,0,0,0,0,0,0,0,0,0,0,0,0,0,0,0,0,0,0
"3052035",0,0,0,0,1,0,0,0,0,1,0,0,0,0,0,0,0,0,0,0,0,0,0,0
"3052044",0,0,1,0,0,0,1,0,0,0,0,0,0,0,0,0,0,0,0,0,0,0,0,0
"3052049",0,0,0,0,0,0,0,0,0,0,0,0,0,0,1,0,0,0,0,0,0,0,0,0
"3052104",0,1,0,0,0,0,0,0,0,0,0,0,0,0,0,0,0,0,0,0,0,0,0,0
"3052112",0,0,0,0,0,0,0,0,0,0,0,0,0,0,0,0,0,0,0,0,0,0,0,1
"3052113",0,0,0,0,0,1,0,0,0,0,0,0,0,0,0,0,0,0,0,0,0,0,0,0
"3052116",0,0,0,0,0,0,0,0,0,0,0,0,0,1,0,0,0,1,0,0,0,0,0,0
"3052127",0,0,0,0,0,0,0,0,0,0,0,0,0,0,0,0,1,0,0,0,0,0,1,0
"3052138",0,1,0,0,0,0,0,0,0,0,0,0,0,0,0,0,1,0,0,0,0,0,0,0
"3052148",0,0,0,0,0,0,0,0,0,0,0,0,0,0,0,0,0,0,0,1,0,0,0,0
"3052157",0,0,0,1,0,0,1,0,0,0,0,0,0,0,0,0,0,0,0,0,0,0,0,0
"3052162",0,1,0,0,0,0,1,0,0,0,0,0,0,0,0,0,0,0,0,0,0,0,0,0
"3052181",0,0,0,0,1,0,0,0,0,0,0,0,0,0,0,0,0,0,0,0,0,0,0,0
"3052193",1,0,0,0,0,0,0,0,0,0,0,0,0,0,0,0,0,0,0,0,0,0,0,0
"3052196",0,0,0,0,1,0,0,0,0,0,0,0,0,0,0,0,0,0,0,0,0,0,0,0
"3052202",1,0,0,0,0,0,0,0,0,0,0,0,0,0,0,0,0,0,0,0,0,0,0,0
"3052206",0,0,0,0,0,0,0,0,0,1,0,0,0,1,0,0,0,0,0,0,0,0,0,1
"3052217",0,0,0,1,0,0,0,0,0,0,0,0,0,0,0,0,0,0,0,0,0,0,0,0
"3052224",0,0,0,0,0,0,0,0,0,0,0,0,0,0,0,0,0,0,0,0,0,1,0,0
"3052225",0,0,0,0,0,0,0,0,0,0,1,0,0,0,0,0,0,0,0,0,0,0,0,0
"3052226",0,0,0,0,0,0,0,0,0,0,0,0,0,0,0,0,0,0,1,0,0,0,0,0
"3052230",1,0,1,1,1,0,1,1,0,1,0,0,1,0,0,0,0,0,1,0,0,0,0,1
"3052232",0,0,0,0,0,0,0,0,0,0,0,0,0,0,0,0,0,0,1,0,0,0,0,0
"3052233",0,1,0,0,0,0,0,0,0,0,0,0,0,0,0,1,0,0,1,0,0,0,0,0
"3052234",0,0,0,1,0,0,0,0,0,0,0,0,0,0,0,0,0,0,0,0,0,0,0,0
"3052236",0,0,0,0,0,0,0,1,0,0,0,0,0,0,0,0,0,0,0,0,0,0,0,0
"3052237",0,0,0,0,0,0,0,0,0,0,1,0,0,0,0,0,0,0,0,0,1,0,0,0
"3052243",0,0,1,1,0,1,0,0,0,0,0,0,0,0,0,0,0,0,0,0,0,0,0,0
"3052253",1,0,0,0,0,0,0,0,0,0,0,0,0,0,0,0,0,0,0,0,0,0,0,0
"3052258",0,0,0,0,0,0,0,0,0,0,0,0,0,0,0,0,0,0,0,0,0,1,0,0
"3052259",0,0,0,0,0,0,0,0,0,0,0,0,0,0,0,0,0,0,0,0,1,0,0,0
"3052261",0,0,0,0,0,0,0,0,0,0,0,0,0,0,0,0,0,0,1,0,0,0,0,0
"3052296",0,0,0,0,0,1,0,0,0,0,0,0,0,0,0,0,0,0,0,0,0,0,0,1
"3052328",0,0,0,0,0,0,0,0,0,0,0,1,0,0,0,0,0,0,0,0,0,0,0,0
"3052334",0,0,0,0,0,1,0,0,0,0,0,0,0,0,0,0,0,0,0,0,0,0,0,0
"3052345",0,0,0,0,0,0,0,0,0,0,0,0,0,0,0,1,0,0,0,0,0,0,0,0
"3052346",0,0,0,0,0,1,0,0,0,0,0,0,0,0,0,0,0,0,0,0,0,0,0,0
"3052351",0,0,0,0,0,0,0,0,0,0,1,0,0,0,0,0,0,0,0,0,0,0,0,0
"3052358",0,0,0,0,0,0,0,0,0,1,0,0,0,0,0,0,0,0,0,0,0,0,0,0
"3052361",0,0,0,0,0,0,0,1,0,0,0,0,0,0,0,0,0,0,0,0,0,0,0,0
"3052368",0,1,0,0,0,0,0,0,0,0,0,0,0,0,0,0,0,0,0,0,0,0,0,0
"3052370",0,0,0,0,0,0,0,0,0,0,0,0,0,0,0,0,0,0,0,1,0,0,0,0
"3052382",0,0,0,1,0,0,0,0,0,0,0,0,0,0,0,0,1,0,0,0,0,0,0,0
"3052387",0,0,0,0,0,0,0,0,0,0,0,0,0,0,0,0,0,1,0,0,0,0,0,0
"3052397",0,0,0,0,0,0,0,1,0,0,0,0,0,0,0,0,0,0,0,0,0,1,0,1
"3052399",0,1,0,0,0,0,0,0,0,0,0,0,0,0,0,1,0,0,0,0,0,0,0,0
"3052400",0,0,0,0,0,0,0,0,1,0,0,0,0,0,0,0,0,0,0,0,0,0,0,0
"3052403",0,0,0,0,0,0,0,0,0,0,0,0,0,0,0,0,0,0,0,0,1,0,0,0
"3052405",0,0,0,0,0,0,0,0,0,0,0,0,0,1,0,0,0,0,0,0,0,0,0,0
"3052413",0,0,0,0,0,0,0,0,0,0,0,0,0,0,0,0,0,0,0,0,0,0,1,0
"3052414",0,0,0,0,0,0,0,0,0,0,0,0,0,1,0,0,0,0,0,0,0,0,0,0
"3052418",0,0,0,0,0,1,0,0,0,0,0,0,0,0,0,0,0,0,0,0,0,0,0,0
"3052428",0,0,0,0,0,0,0,1,0,0,0,0,0,0,0,0,0,0,0,0,0,0,0,0
"3052440",0,0,0,0,0,0,0,0,0,0,0,0,1,0,0,0,0,0,0,0,0,0,0,0
"3052451",0,0,0,0,0,0,0,0,0,0,0,0,0,0,0,1,0,0,0,0,0,0,0,0
"3052452",0,0,0,0,0,0,0,0,0,0,0,0,0,0,0,0,0,0,0,1,0,0,0,0
"3052457",0,0,0,0,0,0,0,0,1,1,0,0,0,0,0,0,1,0,0,0,0,0,0,0
"3052458",0,0,0,0,0,0,0,0,0,0,1,0,0,0,0,0,0,0,1,0,0,0,0,0
"3052461",0,0,0,0,0,0,0,0,0,0,0,1,0,0,0,0,0,0,0,0,0,0,0,1
"3052465",0,0,0,0,0,0,0,0,0,0,0,0,0,0,0,1,0,0,0,0,0,0,0,0
"3052466",0,0,0,0,0,0,0,0,0,0,0,0,1,0,0,0,0,0,0,0,0,0,0,0
"3052467",0,0,0,0,0,0,0,0,0,1,0,0,0,0,0,0,0,0,0,0,0,0,0,0
"3052476",0,0,0,0,0,0,0,0,1,0,0,0,0,0,0,0,0,0,1,0,0,0,0,0
"3052479",0,1,0,0,0,0,0,0,0,0,0,0,0,0,0,0,0,0,0,0,0,0,0,0
"3052487",0,0,0,0,0,0,1,0,0,0,0,0,0,0,0,0,0,0,0,0,0,0,0,0
"3052491",0,0,0,0,0,0,0,1,0,0,0,0,0,0,0,1,0,1,0,0,0,0,0,0
"3052495",0,0,0,0,0,1,0,0,0,0,0,0,0,0,0,0,0,0,0,0,0,1,0,0
"3052496",0,0,0,0,1,0,0,0,0,0,0,0,0,0,0,0,0,0,0,0,0,0,0,0
"3052499",1,0,0,0,0,0,0,0,0,0,0,0,0,0,0,0,0,0,0,0,0,0,0,0
"3052504",0,0,0,1,0,0,0,0,0,0,0,0,0,0,0,0,0,0,0,0,0,0,0,0
"3052514",0,0,0,0,0,0,0,0,0,0,0,0,0,0,0,0,0,0,1,0,0,0,0,0
"3052517",0,0,0,0,0,0,0,0,0,1,0,0,0,0,0,0,0,0,0,0,0,0,0,0
"3052519",0,0,0,0,0,0,0,0,0,0,0,0,0,0,0,0,0,1,0,0,0,0,0,0
"3052520",0,0,0,0,0,0,0,0,0,0,0,0,0,0,0,0,0,0,0,0,0,1,0,0
"3052523",0,0,0,0,0,0,0,0,0,0,0,0,1,0,0,0,0,1,0,0,0,1,0,0
"3052536",0,0,0,0,0,0,0,0,0,0,0,0,0,0,0,0,1,0,0,1,0,0,0,0
"3052551",0,0,0,0,0,0,0,0,0,0,0,0,0,0,0,0,0,0,0,0,0,1,0,0
"3052553",0,0,0,0,0,0,0,0,0,0,0,0,0,0,0,0,0,0,0,0,0,1,0,0
"3052562",0,0,0,0,0,0,0,0,0,0,0,0,0,0,0,0,0,0,0,1,0,0,0,0
"3052574",0,0,0,0,1,0,0,0,0,0,0,0,0,0,0,0,0,0,0,0,0,0,0,0
"3052576",0,0,0,0,0,0,0,0,0,0,0,0,0,0,0,0,0,0,0,0,0,0,0,1
"3052578",0,0,0,0,1,0,0,0,0,0,0,0,0,0,0,0,0,0,0,0,0,0,0,0
"3052589",1,0,0,0,0,0,0,0,0,0,0,0,0,0,0,0,0,0,0,0,0,0,0,0
"3052592",0,0,0,0,0,0,0,0,0,0,0,0,0,1,0,0,0,0,0,0,0,0,0,0
"3052595",0,0,1,0,0,0,0,0,0,0,0,0,0,0,0,0,0,0,0,0,0,1,0,0
"3052597",0,0,0,0,0,0,0,0,0,0,0,0,0,0,0,0,0,1,0,0,0,0,0,0
"3052602",0,0,0,0,0,0,0,0,0,0,0,0,0,0,0,0,0,0,0,0,1,0,0,0
"3052606",0,0,1,1,0,0,0,0,0,0,0,0,0,0,0,0,0,0,0,0,0,0,0,0
"3052610",0,0,0,0,0,0,0,0,0,0,0,0,0,0,0,0,0,0,0,0,0,0,0,1
"3052611",0,0,0,0,0,0,0,0,0,0,0,0,1,0,0,0,0,0,0,0,0,1,0,0
"3052612",0,0,0,0,0,0,0,0,0,0,0,0,0,1,0,0,0,1,0,0,0,0,0,0
"3052614",0,0,0,0,0,1,1,0,0,1,0,0,1,0,0,0,0,0,0,1,1,0,0,0
"3052620",0,0,0,0,0,0,0,0,1,0,0,0,0,0,0,0,0,0,1,0,0,0,1,0
"3052621",0,0,0,0,0,0,0,0,0,1,0,0,0,0,0,0,0,0,0,0,0,0,0,0
"3052671",0,0,0,0,0,0,1,0,0,0,0,0,0,0,0,0,0,0,0,0,0,0,0,0
"3052688",0,0,0,0,0,0,0,0,0,0,0,0,0,0,0,0,0,0,0,1,0,0,0,0
"3052713",0,1,0,0,0,0,0,0,0,0,0,0,0,0,0,0,0,0,0,0,0,0,0,0
"3052731",0,0,0,0,0,0,0,1,0,0,0,0,0,0,0,0,0,0,0,0,0,0,0,0
"3052734",0,0,0,0,0,0,0,0,0,0,0,0,0,0,0,0,0,0,0,0,0,1,0,0
"3052737",0,0,0,0,0,0,1,0,0,0,0,1,0,0,0,0,0,0,0,0,0,0,0,0
"3052738",0,0,0,0,0,0,0,0,0,1,0,0,0,0,0,0,0,0,0,0,0,0,0,0
"3052740",0,0,1,0,0,0,0,0,0,0,0,0,0,0,0,0,0,0,0,0,0,0,0,0
"3052741",0,0,0,0,0,0,0,0,0,0,0,0,0,0,0,0,0,0,0,0,0,0,0,1
"3052749",0,0,0,0,0,0,0,0,0,0,0,0,0,0,0,0,0,0,1,0,0,0,0,1
"3052757",0,0,0,0,0,1,0,0,0,0,0,0,0,0,0,0,1,1,0,0,0,0,0,0
"3052763",0,0,0,0,0,1,0,0,1,0,0,0,0,0,0,0,0,0,0,0,0,0,0,0
"3052764",0,0,0,0,0,0,0,0,0,0,0,0,0,0,0,0,0,0,0,0,0,1,0,0
"3052765",0,0,0,0,0,0,0,0,0,0,1,0,0,0,0,0,0,0,0,0,0,0,0,0
"3052775",0,0,0,0,1,0,0,0,0,0,0,0,0,0,0,0,0,0,0,0,0,0,0,0
"3052778",0,0,0,0,0,0,0,0,0,0,0,0,0,0,0,0,0,0,0,0,1,0,0,0
"3052797",0,0,0,1,0,0,0,0,0,1,0,0,0,0,0,0,1,0,0,0,0,0,0,0
"3052807",0,0,0,0,0,0,0,0,0,0,0,0,0,0,0,0,1,0,0,0,0,0,0,0
"3052811",0,1,0,0,0,0,0,0,0,0,0,0,0,0,0,0,0,0,0,1,0,0,0,0
"3059715",0,0,1,0,0,0,0,0,0,0,0,0,1,0,0,0,0,0,0,0,0,0,0,0
"3059970",0,0,0,0,0,0,0,0,0,0,0,0,0,0,0,0,0,1,0,0,0,0,0,0
"3060016",0,0,0,0,0,0,0,1,0,0,0,0,0,0,0,0,0,0,0,0,0,0,0,0
"3060035",0,0,0,1,0,0,0,0,0,0,0,0,0,0,0,0,0,0,0,0,0,0,0,0
"3073964",0,1,0,0,1,1,0,1,0,1,0,1,0,0,0,0,0,0,1,0,1,1,0,0
"309390",0,0,0,0,0,0,0,1,0,0,0,0,0,0,0,0,0,0,0,0,0,0,0,0
"310750",0,0,0,0,0,0,0,0,0,0,1,0,0,0,0,0,0,0,0,0,0,0,0,0
"310907",0,0,0,0,0,0,0,0,0,0,0,0,0,0,0,0,0,0,0,1,0,0,0,0
"310911",0,0,0,0,0,0,0,0,0,0,0,0,0,0,0,0,0,0,0,0,0,0,1,0
"312295",0,0,0,0,0,0,0,0,0,0,0,1,0,0,0,0,0,0,0,0,0,0,0,0
"31721",0,0,0,0,0,0,0,0,0,0,0,0,0,0,1,0,0,0,0,0,0,0,0,0
"31722",0,0,0,0,0,0,1,0,0,0,0,0,0,0,0,0,0,0,0,0,0,0,0,0
"31741",0,0,0,0,0,0,0,0,0,0,1,0,0,0,0,0,0,0,0,0,0,0,0,0
"318279",0,0,0,0,0,0,0,0,0,1,0,0,0,0,0,0,0,0,0,0,0,0,0,0
"320841",1,0,0,0,0,1,0,0,0,0,0,0,0,0,0,0,0,0,0,0,0,0,0,0
"321961",0,0,0,0,1,1,0,0,0,0,0,1,0,0,0,0,0,0,1,0,0,0,0,0
"322535",0,1,0,0,1,0,0,0,0,0,0,0,0,0,0,0,0,0,0,0,0,0,0,0
"32619",0,0,0,0,1,0,0,0,0,0,0,0,0,0,0,0,0,0,0,0,0,0,0,0
"32624",0,0,0,0,0,0,0,0,0,0,0,0,0,0,0,0,1,0,0,0,0,0,0,0
"32629",0,0,0,0,0,0,0,0,0,0,0,0,0,0,1,0,0,0,0,0,0,0,0,0
"329852",0,0,0,0,0,0,0,0,0,0,0,0,0,0,0,0,1,0,0,0,0,0,0,0
"330398",0,1,0,0,0,0,0,0,0,0,0,0,0,0,0,0,0,0,0,0,0,0,0,0
"331680",0,0,0,0,0,1,0,0,0,0,0,0,0,0,0,0,0,0,0,0,0,0,0,0
"337043",0,0,0,1,0,0,0,0,0,0,0,0,0,0,0,0,0,0,0,0,0,0,0,0
"337051",0,0,1,0,0,0,0,0,0,0,0,0,0,0,0,0,0,0,0,0,0,0,0,0
"33925",0,1,0,0,0,1,0,0,0,0,0,0,0,0,0,0,0,1,0,1,1,0,0,0
"340921",0,0,0,1,0,0,0,0,0,0,1,0,0,0,0,0,0,0,0,0,0,0,0,0
"341029",1,0,0,0,0,0,0,0,0,0,0,0,1,0,0,0,0,0,0,0,0,1,0,0
"346881",0,0,0,0,0,0,0,0,0,0,1,0,0,0,0,0,0,0,0,0,0,1,0,0
"347326",0,0,0,0,0,0,0,0,0,0,0,0,0,0,0,0,0,1,0,0,0,0,0,1
"348449",0,0,0,0,0,0,0,0,0,0,0,0,0,1,0,0,0,0,0,0,0,0,0,0
"349681",0,0,0,0,0,0,0,1,0,0,0,0,1,0,0,0,0,0,0,0,0,0,0,0
"351428",0,0,0,0,0,0,0,0,0,0,0,1,0,0,0,0,0,0,0,0,0,0,0,0
"35285",0,1,0,0,0,0,0,0,0,0,0,0,0,0,0,0,0,0,0,0,0,0,0,0
"35344",0,0,0,1,0,0,0,0,0,0,0,0,0,0,0,0,0,0,0,0,0,0,0,0
"355246",0,0,0,0,0,0,0,0,0,0,0,0,0,0,0,0,0,0,0,0,0,0,0,1
"364316",0,0,0,0,0,1,0,0,0,0,0,0,0,0,0,0,0,0,0,0,0,0,0,0
"37124",0,0,0,0,0,0,0,0,0,0,0,0,0,0,0,0,0,0,0,0,0,1,0,0
"373067",0,0,0,0,0,0,0,0,0,0,1,0,0,0,0,0,0,0,0,0,0,0,0,0
"373126",0,0,0,0,0,0,0,0,0,0,0,1,0,0,0,0,0,0,0,0,0,0,0,0
"373373",0,0,1,0,0,0,0,0,0,0,0,0,0,0,0,0,0,0,0,0,0,0,0,0
"37554",1,0,0,0,0,0,0,0,0,0,0,0,0,0,0,0,0,0,0,0,0,0,0,0
"377610",0,0,0,0,0,0,1,0,0,0,0,0,0,0,0,0,0,0,0,0,0,0,0,0
"380598",0,0,0,0,0,1,0,0,0,0,0,1,0,0,0,0,0,0,0,0,0,1,0,0
"38170",0,1,0,0,0,0,0,0,0,0,0,0,0,0,0,0,0,0,0,0,0,0,0,0
"389480",0,0,0,1,0,0,0,0,0,0,0,0,0,0,0,0,0,0,0,0,0,0,0,0
"389483",0,0,0,0,0,0,0,0,0,0,0,0,1,0,0,0,0,0,0,1,0,0,0,0
"390436",0,1,0,0,0,0,0,0,0,0,0,0,0,0,0,0,0,0,0,0,0,0,1,0
"394098",0,0,1,0,0,0,0,0,1,0,0,0,0,0,1,0,0,0,0,0,0,0,0,0
"39724",0,0,0,0,0,1,0,0,0,0,0,0,0,0,0,0,0,0,0,0,0,0,0,0
"400567",0,0,0,0,0,0,1,0,0,0,0,0,0,0,0,0,0,1,0,0,0,0,0,0
"40059",0,0,0,0,0,0,0,0,0,0,0,0,0,0,1,0,0,0,0,0,0,0,0,0
"40062",1,0,0,1,0,0,0,0,0,0,0,0,0,0,0,0,0,0,0,0,0,0,0,0
"40272",0,0,0,0,0,0,0,0,1,0,0,0,0,0,0,0,0,0,0,0,0,1,0,0
"40631",1,0,0,1,0,0,0,1,0,0,0,0,0,0,0,0,0,0,0,0,0,0,0,0
"40834",0,0,0,0,0,1,0,0,0,0,0,0,0,0,0,0,0,0,0,0,0,0,0,0
"408719",1,0,0,0,0,0,0,0,0,1,0,0,0,0,0,0,0,0,0,0,0,0,0,0
"40979",0,0,0,0,0,0,0,0,0,0,0,0,0,0,0,0,0,0,0,0,1,0,0,0
"41764",0,0,0,0,0,0,0,0,0,0,0,0,0,0,0,0,0,0,0,0,1,0,0,0
"42004",1,0,0,0,0,0,0,1,0,0,0,0,0,0,0,0,0,0,0,0,0,0,0,0
"42475",0,0,0,0,0,0,0,0,0,0,0,0,1,0,0,1,0,0,0,0,0,0,0,0
"42631",0,0,0,0,0,0,0,0,0,0,0,0,0,1,0,0,0,0,0,0,0,0,0,0
"431891",0,0,0,1,0,0,1,1,0,0,0,0,0,0,0,0,0,0,0,0,0,0,0,0
"436066",1,0,0,0,1,0,0,0,0,0,0,0,0,0,0,0,0,0,0,0,0,0,0,0
"43763",0,0,0,0,0,0,0,0,0,0,0,0,0,0,0,0,0,0,1,0,0,0,0,0
"439014",0,0,0,0,0,0,0,0,0,0,0,0,0,0,0,0,0,0,1,0,0,0,0,0
"445435",0,0,0,0,0,0,0,0,0,0,0,0,0,0,0,0,0,0,0,0,0,1,0,0
"447171",0,0,0,0,0,0,0,0,1,0,0,0,0,0,0,0,0,0,0,0,0,0,0,0
"447599",0,0,1,0,0,0,0,0,0,0,0,0,0,0,0,0,0,0,0,0,0,0,0,0
"45237",0,0,0,0,0,1,0,0,0,0,0,0,0,0,0,0,0,0,0,0,0,0,0,1
"45406",0,0,0,0,0,0,0,0,0,0,0,0,0,0,0,0,0,0,0,0,0,1,0,0
"457382",0,0,0,0,0,0,0,0,0,0,1,0,0,0,0,0,0,0,0,0,0,0,0,0
"459770",0,0,0,0,0,1,0,0,0,0,0,0,0,0,0,0,0,0,0,0,0,0,0,0
"46014",0,0,0,0,0,0,0,0,0,0,0,0,0,0,0,1,0,0,0,0,0,1,0,0
"470314",0,0,0,0,0,0,1,0,0,0,0,0,0,0,0,0,0,0,0,1,1,0,0,0
"483423",0,0,0,0,0,0,0,0,0,0,1,0,0,0,0,0,0,0,0,0,0,0,0,0
"483537",0,0,0,0,0,0,0,0,1,0,0,0,0,0,0,0,0,0,0,0,0,0,0,0
"48543",0,0,0,0,0,0,0,0,0,0,0,0,0,0,1,0,0,0,0,0,0,0,0,0
"491893",1,0,1,0,0,0,0,0,0,1,0,0,0,0,0,1,0,0,0,0,0,0,0,0
"496866",0,0,0,0,0,0,0,0,0,0,0,0,0,0,0,0,0,0,1,0,0,0,0,0
"49982",0,0,0,0,1,0,0,0,1,0,0,0,0,0,0,0,0,0,1,0,0,0,0,1
"502352",0,0,0,0,0,0,0,0,0,0,0,0,0,0,0,0,1,0,0,0,0,0,0,0
"504346",0,0,0,0,0,0,0,0,0,0,0,0,0,0,0,1,0,0,0,0,0,0,0,0
"505292",0,0,0,0,0,0,0,0,0,0,0,0,1,0,0,0,0,0,0,0,0,0,0,0
"507476",0,0,0,0,0,0,0,0,0,0,0,0,0,0,1,0,0,0,0,0,0,0,0,0
"513550",0,0,0,0,0,0,0,0,0,0,0,1,0,0,0,0,0,0,0,0,0,0,0,0
"515444",1,0,0,0,0,0,0,0,0,0,0,0,0,0,0,0,0,0,0,0,0,0,0,0
"515575",0,0,0,0,0,0,0,0,0,0,0,0,0,0,0,0,0,0,0,1,0,0,0,0
"524386",0,0,0,0,0,1,0,0,0,0,0,0,0,0,0,0,0,0,0,0,0,0,0,0
"539000",0,0,0,0,0,0,0,0,0,0,0,1,0,0,0,0,0,0,0,0,0,0,0,0
"540067",0,1,0,0,0,1,0,0,0,1,0,0,0,0,0,0,0,0,0,0,1,1,0,0
"542837",1,0,0,0,0,0,0,0,0,0,0,0,0,0,0,0,0,0,0,0,0,0,0,0
"546165",0,0,0,0,1,0,0,0,0,0,0,0,0,0,0,0,0,0,0,0,0,0,0,0
"546185",0,0,0,0,0,0,0,0,1,0,0,0,0,0,0,0,0,1,0,0,0,0,0,0
"552525",0,1,0,0,0,0,0,0,0,0,0,0,0,0,0,0,0,0,0,0,1,0,1,0
"558690",0,1,0,0,0,0,0,0,0,0,0,0,0,1,0,0,0,0,0,0,0,0,0,0
"55987",0,0,0,0,0,0,0,0,0,0,0,0,0,0,1,0,0,0,0,0,0,0,0,0
"56094",0,0,0,0,0,0,0,0,0,0,0,0,0,0,0,0,0,0,0,0,0,0,1,0
"56144",0,0,0,1,0,0,0,0,0,0,0,0,0,0,0,0,0,0,0,0,0,0,0,0
"563123",0,1,0,0,0,0,0,1,0,1,0,0,0,0,0,0,0,0,0,0,0,0,0,0
"568090",0,0,0,0,0,0,0,0,0,0,0,0,0,0,0,0,1,0,0,0,0,0,0,0
"568715",0,0,0,0,0,0,0,0,0,0,0,0,0,0,0,0,0,0,0,0,0,0,0,1
"572290",0,0,0,0,0,0,0,0,0,0,1,0,0,0,0,0,0,0,0,0,0,0,0,0
"573173",0,0,0,0,1,0,0,0,0,0,0,0,0,0,1,0,0,0,0,0,0,0,0,0
"573174",0,0,0,1,0,0,0,0,0,0,0,0,0,0,0,0,0,0,0,0,0,0,0,0
"573175",0,0,0,1,0,0,0,0,0,0,0,1,1,0,0,0,0,0,0,0,0,0,0,0
"573241",0,1,0,1,0,0,0,0,0,0,0,1,0,0,0,0,0,0,0,0,0,0,0,0
"575917",0,0,0,0,0,0,0,0,0,0,0,0,0,0,0,0,1,0,0,0,0,0,0,1
"58172",0,0,0,0,0,0,0,1,0,0,0,0,0,0,0,0,0,0,0,0,0,0,0,0
"589918",1,0,0,0,0,0,0,0,0,0,0,0,0,0,0,0,0,0,0,0,0,0,0,0
"591487",0,1,0,1,0,0,0,0,1,0,0,0,0,0,1,0,0,0,0,0,0,0,0,0
"59304",0,0,0,0,0,0,0,0,0,0,0,0,0,0,1,0,0,0,0,0,0,0,0,0
"59305",0,0,0,0,1,0,0,0,1,0,0,0,0,0,0,0,0,0,0,0,0,0,0,0
"60877",0,0,0,0,0,0,1,0,0,0,0,0,0,0,0,0,0,0,0,0,1,0,0,0
"60879",0,0,0,0,1,0,0,0,0,1,0,0,0,0,0,1,0,0,1,0,0,0,0,0
"64318",0,0,0,0,0,0,0,1,0,0,0,0,0,0,0,0,0,0,0,0,0,0,0,0
"644610",0,0,0,0,0,0,0,0,0,0,0,0,0,0,0,1,0,0,0,0,0,0,0,0
"650121",0,0,0,0,0,0,1,0,0,0,0,0,0,0,0,0,0,0,0,0,0,0,0,0
"651660",1,0,0,1,1,0,0,0,0,0,0,0,0,0,0,0,0,0,0,0,0,0,0,0
"656190",0,0,0,0,0,0,0,0,0,0,0,0,0,0,0,0,0,0,0,0,0,0,1,0
"656520",0,0,0,0,0,0,0,1,0,0,0,0,0,0,0,0,0,0,0,0,0,0,0,0
"657334",0,0,0,0,0,0,0,0,0,0,0,1,0,0,0,0,0,0,0,0,0,0,0,0
"657337",0,0,0,0,1,0,0,0,0,0,0,0,0,0,0,0,0,0,0,0,0,0,0,0
"663557",1,0,0,0,0,1,0,1,0,0,0,0,0,0,0,0,1,0,0,0,0,0,0,0
"663559",0,0,0,0,1,0,0,0,0,0,0,0,0,0,0,0,0,0,0,0,0,0,0,0
"666859",0,0,0,0,0,0,1,0,0,0,0,0,0,0,0,0,0,0,0,0,0,0,0,0
"670252",0,0,0,0,0,0,0,0,0,0,0,0,0,0,0,0,1,0,0,0,0,0,0,0
"672794",0,1,0,0,0,0,0,0,0,0,0,0,0,1,0,0,0,0,0,0,0,0,0,0
"675833",0,0,0,1,0,0,0,1,0,0,0,0,0,0,0,0,0,0,0,0,0,0,0,0
"678600",0,0,0,0,0,0,0,0,0,0,0,0,0,0,0,0,1,0,0,0,0,0,0,0
"680277",0,0,0,0,1,0,0,0,0,0,0,0,0,0,0,0,0,0,1,0,0,0,0,0
"680287",0,0,0,0,1,0,0,0,0,0,0,0,0,0,0,0,0,0,1,0,0,0,0,0
"685506",0,0,1,0,0,1,0,0,0,0,0,0,0,0,0,0,0,0,0,0,0,0,0,0
"687361",1,0,0,0,1,0,0,0,0,0,0,0,0,0,1,0,0,1,0,0,0,0,0,0
"687387",0,0,0,0,1,0,0,0,0,0,0,0,0,0,0,0,0,0,0,0,0,0,0,0
"687917",0,0,0,0,0,0,0,0,0,0,0,0,0,0,0,0,0,0,0,0,1,0,0,0
"68887",1,1,0,0,0,0,0,0,0,0,0,0,0,0,0,0,0,0,0,0,0,0,0,0
"693629",0,0,0,0,0,0,0,0,0,0,0,0,0,0,0,0,0,0,0,0,0,1,0,0
"693999",0,0,0,0,0,0,0,0,0,0,0,0,0,0,0,0,0,1,0,0,0,0,0,0
"694001",0,1,0,0,0,0,0,0,0,0,0,0,0,0,0,0,0,0,0,0,0,0,0,0
"694007",0,0,0,0,0,0,0,0,0,1,0,0,0,0,0,0,0,0,0,0,0,0,0,0
"694009",0,0,1,0,0,0,0,0,0,0,1,0,0,0,0,0,0,0,0,0,0,0,0,0
"694581",0,0,0,0,1,0,0,0,0,0,0,0,0,0,0,0,0,0,0,0,0,0,0,0
"69577",0,0,0,0,0,0,0,0,0,0,0,0,0,0,0,0,0,0,0,0,0,0,1,0
"701257",0,0,0,0,0,0,0,0,1,0,0,0,0,0,0,0,0,0,0,0,0,0,0,0
"702738",1,0,0,0,0,0,0,1,0,0,0,0,0,0,0,0,0,0,0,0,0,0,0,0
"70734",0,0,0,0,0,0,1,0,0,0,0,0,0,0,0,0,0,0,0,0,0,0,0,0
"70793",0,0,0,0,0,0,0,1,0,0,0,0,0,0,0,0,0,0,0,0,0,0,0,0
"71972",0,0,0,0,0,0,0,0,0,0,0,0,0,0,0,0,0,0,0,0,0,1,0,0
"722417",0,0,0,0,0,1,0,0,0,0,0,0,0,0,0,0,0,0,0,1,0,0,0,0
"72750",1,0,0,0,0,0,0,0,0,0,0,0,0,0,0,0,0,0,0,0,0,0,0,0
"73422",0,0,0,0,0,1,0,0,0,0,0,0,0,0,0,0,0,0,0,0,0,0,0,0
"73498",0,0,0,0,0,0,0,0,0,0,1,0,0,0,0,0,0,0,0,0,0,0,0,0
"749413",0,0,0,0,0,0,0,0,0,1,0,0,0,0,0,0,1,0,0,0,0,0,0,0
"753670",0,0,0,0,0,0,1,0,0,0,0,0,0,0,1,0,0,0,0,0,0,0,0,0
"754049",0,0,1,0,0,0,0,0,0,0,0,0,0,0,0,0,0,0,0,0,0,0,0,0
"754053",0,0,0,0,0,0,0,1,0,0,0,0,0,0,0,0,0,0,0,0,0,0,0,1
"754055",0,0,0,0,1,0,0,0,0,0,0,0,0,0,0,0,0,1,0,0,0,0,1,0
"754056",0,0,0,0,0,0,0,0,0,0,0,0,0,1,0,0,0,0,0,0,0,0,0,0
"756285",0,1,0,0,0,1,0,0,0,0,0,0,0,0,0,0,0,0,0,0,1,0,0,0
"75746",0,0,0,0,0,0,0,0,0,0,0,0,0,0,0,0,0,0,0,0,0,0,0,1
"75888",0,0,0,0,0,0,0,0,0,0,0,0,0,1,0,0,0,0,0,0,0,0,0,0
"761702",0,0,0,0,0,0,0,0,0,1,0,0,0,0,0,0,0,0,0,0,0,0,0,0
"762905",0,0,0,0,0,0,0,0,0,0,1,0,0,0,0,0,0,0,0,0,0,0,0,0
"768493",0,0,0,0,0,0,0,0,0,0,0,1,0,0,0,0,0,0,0,0,0,0,0,0
"768738",1,0,0,0,1,0,0,0,0,0,0,1,0,0,0,0,0,0,0,0,0,0,0,0
"77698",0,0,0,0,0,1,0,0,0,0,0,0,0,0,0,0,0,0,0,0,0,0,0,0
"78057",0,0,1,0,0,0,0,0,0,0,0,0,0,0,0,0,0,0,0,0,0,0,0,0
"78526",0,0,0,0,1,0,0,1,0,0,0,0,0,0,0,0,0,0,0,0,1,0,0,0
"78541",0,0,0,0,0,0,1,0,0,0,0,0,0,0,0,0,0,0,0,0,0,0,1,0
"79917",1,0,0,0,0,0,0,0,0,0,0,0,0,0,0,0,0,0,0,0,0,0,0,0
"79918",0,0,0,0,0,0,0,0,0,1,0,0,0,0,0,0,0,0,0,0,0,0,0,0
"801",0,0,0,0,0,0,0,0,1,0,0,0,0,0,0,0,0,0,0,0,0,0,0,0
"81877",0,0,1,0,0,0,0,0,0,0,0,0,0,0,0,0,0,0,0,0,0,0,0,0
"82676",0,1,0,0,0,0,0,0,0,0,0,0,0,0,0,0,0,0,0,0,0,0,0,0
"83544",0,0,0,0,0,0,0,0,0,0,0,0,0,0,0,0,1,0,0,0,0,0,0,0
"85454",1,0,0,0,0,0,0,0,0,0,0,0,0,0,0,0,0,0,0,0,0,0,0,0
"85652",0,0,0,0,1,0,0,0,0,0,0,0,0,0,0,0,0,0,0,0,0,0,0,0
"861047",0,0,0,0,0,0,0,0,0,0,0,0,0,0,0,0,0,0,0,0,0,1,0,0
"862944",0,0,0,0,0,1,0,0,0,0,0,0,0,0,0,0,0,0,0,0,0,0,0,0
"864178",0,0,0,0,1,0,1,0,0,0,0,0,0,0,0,0,0,0,0,0,0,0,0,0
"870484",0,0,0,0,0,0,0,0,0,0,0,0,0,0,0,0,0,0,0,0,0,1,0,0
"871584",0,0,0,0,0,1,0,0,0,1,0,0,0,0,0,0,0,0,0,1,0,0,0,1
"877240",0,0,0,0,0,0,0,0,0,0,0,0,0,0,0,0,0,0,0,1,0,0,0,0
"880162",0,0,0,1,0,1,0,0,1,1,0,1,0,0,0,0,0,0,0,0,0,0,0,0
"887702",0,0,0,1,0,0,0,0,0,0,1,0,0,0,0,0,0,0,0,1,0,0,0,0
"889953",0,0,0,0,1,0,0,0,0,0,0,0,0,0,0,0,0,0,0,0,0,0,0,0
"906669",0,0,0,0,0,0,0,0,0,0,1,0,0,0,0,0,0,0,0,0,0,0,0,0
"907191",0,0,0,0,0,0,0,0,0,0,0,0,1,0,0,0,0,0,0,0,0,0,0,0
"91613",0,0,0,0,0,0,1,0,0,0,0,0,0,0,0,0,0,0,0,0,0,0,0,0
"927988",0,0,0,0,0,0,0,0,0,0,0,1,0,0,0,0,0,0,1,0,0,0,0,0
"931244",0,0,0,0,0,0,0,0,0,0,0,0,0,1,0,0,0,0,0,0,0,0,0,0
"936152",0,0,0,1,0,0,0,0,0,0,0,0,0,0,0,0,0,0,0,0,0,0,0,0
"94290",0,0,0,0,0,0,0,0,1,0,0,0,0,0,0,0,0,0,0,0,0,0,0,0
"944644",0,0,0,0,0,0,0,0,1,0,0,0,0,0,0,0,0,0,0,0,0,0,0,0
"944645",0,0,0,0,1,0,0,0,0,0,0,0,0,0,0,0,0,1,0,0,0,0,0,0
"95342",0,0,0,0,0,0,0,0,0,0,0,1,0,0,0,0,0,0,0,0,0,0,0,0
"979525",1,0,0,0,0,0,0,0,0,0,1,0,0,0,0,0,1,0,0,0,0,0,0,0
"984175",0,0,0,0,0,0,0,0,0,0,0,0,0,0,0,0,0,1,0,1,0,0,0,0
"984186",0,0,0,1,0,0,0,0,0,0,0,0,0,0,0,0,0,0,0,0,1,0,0,0
"985683",0,0,0,0,0,0,0,0,0,0,0,0,0,0,0,1,0,0,0,1,0,0,0,0
"99179",0,0,1,0,0,0,0,0,0,0,0,0,1,0,0,1,0,0,0,0,0,0,0,0
"1002724",0,0,0,0,0,0,0,0,0,0,0,0,0,0,0,0,0,0,0,0,0,0,0,0
"1003836",0,0,0,0,0,0,0,0,0,0,0,0,0,0,0,0,0,0,0,0,0,0,0,0
"1003891",0,0,0,0,0,0,0,0,0,0,0,0,0,0,0,0,0,0,0,0,0,0,0,0
"1004049",0,0,0,0,0,0,0,0,0,0,0,0,0,0,0,0,0,0,0,0,0,0,0,0
"1005056",0,0,0,0,0,0,0,0,0,0,0,0,0,0,0,0,0,0,0,0,0,0,0,0
"100755",0,0,0,0,0,0,0,0,0,0,0,0,0,0,0,0,0,0,0,0,0,0,0,0
"1008292",0,0,0,0,0,0,0,0,0,0,0,0,0,0,0,0,0,0,0,0,0,0,0,0
"100953",0,0,0,0,0,0,0,0,0,0,0,0,0,0,0,0,0,0,0,0,0,0,0,0
"101513",0,0,0,0,0,0,0,0,0,0,0,0,0,0,0,0,0,0,0,0,0,0,0,0
"1016852",0,0,0,0,0,0,0,0,0,0,0,0,0,0,0,0,0,0,0,0,0,0,0,0
"101764",0,0,0,0,0,0,0,0,0,0,0,0,0,0,0,0,0,0,0,0,0,0,0,0
"102234",0,0,0,0,0,0,0,0,0,0,0,0,0,0,0,0,0,0,0,0,0,0,0,0
"10240",0,0,0,0,0,0,0,0,0,0,0,0,0,0,0,0,0,0,0,0,0,0,0,0
"10245",0,0,0,0,0,0,0,0,0,0,0,0,0,0,0,0,0,0,0,0,0,0,0,0
"10255",0,0,0,0,0,0,0,0,0,0,0,0,0,0,0,0,0,0,0,0,0,0,0,0
"10266",0,0,0,0,0,0,0,0,0,0,0,0,0,0,0,0,0,0,0,0,0,0,0,0
"10270",0,0,0,0,0,0,0,0,0,0,0,0,0,0,0,0,0,0,0,0,0,0,0,0
"1027232",0,0,0,0,0,0,0,0,0,0,0,0,0,0,0,0,0,0,0,0,0,0,0,0
"1027244",0,0,0,0,0,0,0,0,0,0,0,0,0,0,0,0,0,0,0,0,0,0,0,0
"1027245",0,0,0,0,0,0,0,0,0,0,0,0,0,0,0,0,0,0,0,0,0,0,0,0
"1027247",0,0,0,0,0,0,0,0,0,0,0,0,0,0,0,0,0,0,0,0,0,0,0,0
"1027248",0,0,0,0,0,0,0,0,0,0,0,0,0,0,0,0,0,0,0,0,0,0,0,0
"1027627",0,0,0,0,0,0,0,0,0,0,0,0,0,0,0,0,0,0,0,0,0,0,0,0
"1027947",0,0,0,0,0,0,0,0,0,0,0,0,0,0,0,0,0,0,0,0,0,0,0,0
"10282",0,0,0,0,0,0,0,0,0,0,0,0,0,0,0,0,0,0,0,0,0,0,0,0
"1028409",0,0,0,0,0,0,0,0,0,0,0,0,0,0,0,0,0,0,0,0,0,0,0,0
"1028420",0,0,0,0,0,0,0,0,0,0,0,0,0,0,0,0,0,0,0,0,0,0,0,0
"10291",0,0,0,0,0,0,0,0,0,0,0,0,0,0,0,0,0,0,0,0,0,0,0,0
"1030595",0,0,0,0,0,0,0,0,0,0,0,0,0,0,0,0,0,0,0,0,0,0,0,0
"1031708",0,0,0,0,0,0,0,0,0,0,0,0,0,0,0,0,0,0,0,0,0,0,0,0
"1032457",0,0,0,0,0,0,0,0,0,0,0,0,0,0,0,0,0,0,0,0,0,0,0,0
"1032478",0,0,0,0,0,0,0,0,0,0,0,0,0,0,0,0,0,0,0,0,0,0,0,0
"1034067",0,0,0,0,0,0,0,0,0,0,0,0,0,0,0,0,0,0,0,0,0,0,0,0
"1034109",0,0,0,0,0,0,0,0,0,0,0,0,0,0,0,0,0,0,0,0,0,0,0,0
"1034145",0,0,0,0,0,0,0,0,0,0,0,0,0,0,0,0,0,0,0,0,0,0,0,0
"1034806",0,0,0,0,0,0,0,0,0,0,0,0,0,0,0,0,0,0,0,0,0,0,0,0
"10365",0,0,0,0,0,0,0,0,0,0,0,0,0,0,0,0,0,0,0,0,0,0,0,0
"1036614",0,0,0,0,0,0,0,0,0,0,0,0,0,0,0,0,0,0,0,0,0,0,0,0
"103782",0,0,0,0,0,0,0,0,0,0,0,0,0,0,0,0,0,0,0,0,0,0,0,0
"103807",0,0,0,0,0,0,0,0,0,0,0,0,0,0,0,0,0,0,0,0,0,0,0,0
"1038082",0,0,0,0,0,0,0,0,0,0,0,0,0,0,0,0,0,0,0,0,0,0,0,0
"103881",0,0,0,0,0,0,0,0,0,0,0,0,0,0,0,0,0,0,0,0,0,0,0,0
"104097",0,0,0,0,0,0,0,0,0,0,0,0,0,0,0,0,0,0,0,0,0,0,0,0
"1042122",0,0,0,0,0,0,0,0,0,0,0,0,0,0,0,0,0,0,0,0,0,0,0,0
"1042123",0,0,0,0,0,0,0,0,0,0,0,0,0,0,0,0,0,0,0,0,0,0,0,0
"104263",0,0,0,0,0,0,0,0,0,0,0,0,0,0,0,0,0,0,0,0,0,0,0,0
"104389",0,0,0,0,0,0,0,0,0,0,0,0,0,0,0,0,0,0,0,0,0,0,0,0
"104392",0,0,0,0,0,0,0,0,0,0,0,0,0,0,0,0,0,0,0,0,0,0,0,0
"104393",0,0,0,0,0,0,0,0,0,0,0,0,0,0,0,0,0,0,0,0,0,0,0,0
"104580",0,0,0,0,0,0,0,0,0,0,0,0,0,0,0,0,0,0,0,0,0,0,0,0
"104637",0,0,0,0,0,0,0,0,0,0,0,0,0,0,0,0,0,0,0,0,0,0,0,0
"1046571",0,0,0,0,0,0,0,0,0,0,0,0,0,0,0,0,0,0,0,0,0,0,0,0
"1046572",0,0,0,0,0,0,0,0,0,0,0,0,0,0,0,0,0,0,0,0,0,0,0,0
"1046573",0,0,0,0,0,0,0,0,0,0,0,0,0,0,0,0,0,0,0,0,0,0,0,0
"1046574",0,0,0,0,0,0,0,0,0,0,0,0,0,0,0,0,0,0,0,0,0,0,0,0
"10474",0,0,0,0,0,0,0,0,0,0,0,0,0,0,0,0,0,0,0,0,0,0,0,0
"10475",0,0,0,0,0,0,0,0,0,0,0,0,0,0,0,0,0,0,0,0,0,0,0,0
"1048434",0,0,0,0,0,0,0,0,0,0,0,0,0,0,0,0,0,0,0,0,0,0,0,0
"1050903",0,0,0,0,0,0,0,0,0,0,0,0,0,0,0,0,0,0,0,0,0,0,0,0
"1051792",0,0,0,0,0,0,0,0,0,0,0,0,0,0,0,0,0,0,0,0,0,0,0,0
"1054649",0,0,0,0,0,0,0,0,0,0,0,0,0,0,0,0,0,0,0,0,0,0,0,0
"10561",0,0,0,0,0,0,0,0,0,0,0,0,0,0,0,0,0,0,0,0,0,0,0,0
"10564",0,0,0,0,0,0,0,0,0,0,0,0,0,0,0,0,0,0,0,0,0,0,0,0
"10565",0,0,0,0,0,0,0,0,0,0,0,0,0,0,0,0,0,0,0,0,0,0,0,0
"10566",0,0,0,0,0,0,0,0,0,0,0,0,0,0,0,0,0,0,0,0,0,0,0,0
"10567",0,0,0,0,0,0,0,0,0,0,0,0,0,0,0,0,0,0,0,0,0,0,0,0
"1056833",0,0,0,0,0,0,0,0,0,0,0,0,0,0,0,0,0,0,0,0,0,0,0,0
"10571",0,0,0,0,0,0,0,0,0,0,0,0,0,0,0,0,0,0,0,0,0,0,0,0
"10623",0,0,0,0,0,0,0,0,0,0,0,0,0,0,0,0,0,0,0,0,0,0,0,0
"10639",0,0,0,0,0,0,0,0,0,0,0,0,0,0,0,0,0,0,0,0,0,0,0,0
"10660",0,0,0,0,0,0,0,0,0,0,0,0,0,0,0,0,0,0,0,0,0,0,0,0
"10661",0,0,0,0,0,0,0,0,0,0,0,0,0,0,0,0,0,0,0,0,0,0,0,0
"10679",0,0,0,0,0,0,0,0,0,0,0,0,0,0,0,0,0,0,0,0,0,0,0,0
"10689",0,0,0,0,0,0,0,0,0,0,0,0,0,0,0,0,0,0,0,0,0,0,0,0
"106966",0,0,0,0,0,0,0,0,0,0,0,0,0,0,0,0,0,0,0,0,0,0,0,0
"10707",0,0,0,0,0,0,0,0,0,0,0,0,0,0,0,0,0,0,0,0,0,0,0,0
"1071502",0,0,0,0,0,0,0,0,0,0,0,0,0,0,0,0,0,0,0,0,0,0,0,0
"1072517",0,0,0,0,0,0,0,0,0,0,0,0,0,0,0,0,0,0,0,0,0,0,0,0
"1072672",0,0,0,0,0,0,0,0,0,0,0,0,0,0,0,0,0,0,0,0,0,0,0,0
"1074210",0,0,0,0,0,0,0,0,0,0,0,0,0,0,0,0,0,0,0,0,0,0,0,0
"1074325",0,0,0,0,0,0,0,0,0,0,0,0,0,0,0,0,0,0,0,0,0,0,0,0
"1074864",0,0,0,0,0,0,0,0,0,0,0,0,0,0,0,0,0,0,0,0,0,0,0,0
"10752",0,0,0,0,0,0,0,0,0,0,0,0,0,0,0,0,0,0,0,0,0,0,0,0
"10753",0,0,0,0,0,0,0,0,0,0,0,0,0,0,0,0,0,0,0,0,0,0,0,0
"10756",0,0,0,0,0,0,0,0,0,0,0,0,0,0,0,0,0,0,0,0,0,0,0,0
"10761",0,0,0,0,0,0,0,0,0,0,0,0,0,0,0,0,0,0,0,0,0,0,0,0
"1076345",0,0,0,0,0,0,0,0,0,0,0,0,0,0,0,0,0,0,0,0,0,0,0,0
"1077832",0,0,0,0,0,0,0,0,0,0,0,0,0,0,0,0,0,0,0,0,0,0,0,0
"1077859",0,0,0,0,0,0,0,0,0,0,0,0,0,0,0,0,0,0,0,0,0,0,0,0
"10780",0,0,0,0,0,0,0,0,0,0,0,0,0,0,0,0,0,0,0,0,0,0,0,0
"1080349",0,0,0,0,0,0,0,0,0,0,0,0,0,0,0,0,0,0,0,0,0,0,0,0
"1080798",0,0,0,0,0,0,0,0,0,0,0,0,0,0,0,0,0,0,0,0,0,0,0,0
"10811",0,0,0,0,0,0,0,0,0,0,0,0,0,0,0,0,0,0,0,0,0,0,0,0
"10812",0,0,0,0,0,0,0,0,0,0,0,0,0,0,0,0,0,0,0,0,0,0,0,0
"10815",0,0,0,0,0,0,0,0,0,0,0,0,0,0,0,0,0,0,0,0,0,0,0,0
"1081702",0,0,0,0,0,0,0,0,0,0,0,0,0,0,0,0,0,0,0,0,0,0,0,0
"10820",0,0,0,0,0,0,0,0,0,0,0,0,0,0,0,0,0,0,0,0,0,0,0,0
"10821",0,0,0,0,0,0,0,0,0,0,0,0,0,0,0,0,0,0,0,0,0,0,0,0
"10827",0,0,0,0,0,0,0,0,0,0,0,0,0,0,0,0,0,0,0,0,0,0,0,0
"10831",0,0,0,0,0,0,0,0,0,0,0,0,0,0,0,0,0,0,0,0,0,0,0,0
"10832",0,0,0,0,0,0,0,0,0,0,0,0,0,0,0,0,0,0,0,0,0,0,0,0
"10835",0,0,0,0,0,0,0,0,0,0,0,0,0,0,0,0,0,0,0,0,0,0,0,0
"10836",0,0,0,0,0,0,0,0,0,0,0,0,0,0,0,0,0,0,0,0,0,0,0,0
"10837",0,0,0,0,0,0,0,0,0,0,0,0,0,0,0,0,0,0,0,0,0,0,0,0
"10839",0,0,0,0,0,0,0,0,0,0,0,0,0,0,0,0,0,0,0,0,0,0,0,0
"10840",0,0,0,0,0,0,0,0,0,0,0,0,0,0,0,0,0,0,0,0,0,0,0,0
"10841",0,0,0,0,0,0,0,0,0,0,0,0,0,0,0,0,0,0,0,0,0,0,0,0
"10848",0,0,0,0,0,0,0,0,0,0,0,0,0,0,0,0,0,0,0,0,0,0,0,0
"10855",0,0,0,0,0,0,0,0,0,0,0,0,0,0,0,0,0,0,0,0,0,0,0,0
"10860",0,0,0,0,0,0,0,0,0,0,0,0,0,0,0,0,0,0,0,0,0,0,0,0
"10869",0,0,0,0,0,0,0,0,0,0,0,0,0,0,0,0,0,0,0,0,0,0,0,0
"1087070",0,0,0,0,0,0,0,0,0,0,0,0,0,0,0,0,0,0,0,0,0,0,0,0
"10882",0,0,0,0,0,0,0,0,0,0,0,0,0,0,0,0,0,0,0,0,0,0,0,0
"1089120",0,0,0,0,0,0,0,0,0,0,0,0,0,0,0,0,0,0,0,0,0,0,0,0
"1089129",0,0,0,0,0,0,0,0,0,0,0,0,0,0,0,0,0,0,0,0,0,0,0,0
"1089138",0,0,0,0,0,0,0,0,0,0,0,0,0,0,0,0,0,0,0,0,0,0,0,0
"1089387",0,0,0,0,0,0,0,0,0,0,0,0,0,0,0,0,0,0,0,0,0,0,0,0
"1090133",0,0,0,0,0,0,0,0,0,0,0,0,0,0,0,0,0,0,0,0,0,0,0,0
"1091052",0,0,0,0,0,0,0,0,0,0,0,0,0,0,0,0,0,0,0,0,0,0,0,0
"1091556",0,0,0,0,0,0,0,0,0,0,0,0,0,0,0,0,0,0,0,0,0,0,0,0
"1092564",0,0,0,0,0,0,0,0,0,0,0,0,0,0,0,0,0,0,0,0,0,0,0,0
"109270",0,0,0,0,0,0,0,0,0,0,0,0,0,0,0,0,0,0,0,0,0,0,0,0
"1093773",0,0,0,0,0,0,0,0,0,0,0,0,0,0,0,0,0,0,0,0,0,0,0,0
"1093901",0,0,0,0,0,0,0,0,0,0,0,0,0,0,0,0,0,0,0,0,0,0,0,0
"1093928",0,0,0,0,0,0,0,0,0,0,0,0,0,0,0,0,0,0,0,0,0,0,0,0
"1093958",0,0,0,0,0,0,0,0,0,0,0,0,0,0,0,0,0,0,0,0,0,0,0,0
"1096935",0,0,0,0,0,0,0,0,0,0,0,0,0,0,0,0,0,0,0,0,0,0,0,0
"10979",0,0,0,0,0,0,0,0,0,0,0,0,0,0,0,0,0,0,0,0,0,0,0,0
"10990",0,0,0,0,0,0,0,0,0,0,0,0,0,0,0,0,0,0,0,0,0,0,0,0
"10991",0,0,0,0,0,0,0,0,0,0,0,0,0,0,0,0,0,0,0,0,0,0,0,0
"10993",0,0,0,0,0,0,0,0,0,0,0,0,0,0,0,0,0,0,0,0,0,0,0,0
"11006",0,0,0,0,0,0,0,0,0,0,0,0,0,0,0,0,0,0,0,0,0,0,0,0
"11008",0,0,0,0,0,0,0,0,0,0,0,0,0,0,0,0,0,0,0,0,0,0,0,0
"11021",0,0,0,0,0,0,0,0,0,0,0,0,0,0,0,0,0,0,0,0,0,0,0,0
"11024",0,0,0,0,0,0,0,0,0,0,0,0,0,0,0,0,0,0,0,0,0,0,0,0
"11033",0,0,0,0,0,0,0,0,0,0,0,0,0,0,0,0,0,0,0,0,0,0,0,0
"11036",0,0,0,0,0,0,0,0,0,0,0,0,0,0,0,0,0,0,0,0,0,0,0,0
"1105378",0,0,0,0,0,0,0,0,0,0,0,0,0,0,0,0,0,0,0,0,0,0,0,0
"1105379",0,0,0,0,0,0,0,0,0,0,0,0,0,0,0,0,0,0,0,0,0,0,0,0
"1105380",0,0,0,0,0,0,0,0,0,0,0,0,0,0,0,0,0,0,0,0,0,0,0,0
"1105381",0,0,0,0,0,0,0,0,0,0,0,0,0,0,0,0,0,0,0,0,0,0,0,0
"1105385",0,0,0,0,0,0,0,0,0,0,0,0,0,0,0,0,0,0,0,0,0,0,0,0
"1105386",0,0,0,0,0,0,0,0,0,0,0,0,0,0,0,0,0,0,0,0,0,0,0,0
"1108810",0,0,0,0,0,0,0,0,0,0,0,0,0,0,0,0,0,0,0,0,0,0,0,0
"11095",0,0,0,0,0,0,0,0,0,0,0,0,0,0,0,0,0,0,0,0,0,0,0,0
"1110702",0,0,0,0,0,0,0,0,0,0,0,0,0,0,0,0,0,0,0,0,0,0,0,0
"11118",0,0,0,0,0,0,0,0,0,0,0,0,0,0,0,0,0,0,0,0,0,0,0,0
"1112008",0,0,0,0,0,0,0,0,0,0,0,0,0,0,0,0,0,0,0,0,0,0,0,0
"1112769",0,0,0,0,0,0,0,0,0,0,0,0,0,0,0,0,0,0,0,0,0,0,0,0
"11137",0,0,0,0,0,0,0,0,0,0,0,0,0,0,0,0,0,0,0,0,0,0,0,0
"111418",0,0,0,0,0,0,0,0,0,0,0,0,0,0,0,0,0,0,0,0,0,0,0,0
"111470",0,0,0,0,0,0,0,0,0,0,0,0,0,0,0,0,0,0,0,0,0,0,0,0
"1114980",0,0,0,0,0,0,0,0,0,0,0,0,0,0,0,0,0,0,0,0,0,0,0,0
"11155",0,0,0,0,0,0,0,0,0,0,0,0,0,0,0,0,0,0,0,0,0,0,0,0
"1115692",0,0,0,0,0,0,0,0,0,0,0,0,0,0,0,0,0,0,0,0,0,0,0,0
"112023",0,0,0,0,0,0,0,0,0,0,0,0,0,0,0,0,0,0,0,0,0,0,0,0
"112229",0,0,0,0,0,0,0,0,0,0,0,0,0,0,0,0,0,0,0,0,0,0,0,0
"1123754",0,0,0,0,0,0,0,0,0,0,0,0,0,0,0,0,0,0,0,0,0,0,0,0
"112437",0,0,0,0,0,0,0,0,0,0,0,0,0,0,0,0,0,0,0,0,0,0,0,0
"1124654",0,0,0,0,0,0,0,0,0,0,0,0,0,0,0,0,0,0,0,0,0,0,0,0
"1125677",0,0,0,0,0,0,0,0,0,0,0,0,0,0,0,0,0,0,0,0,0,0,0,0
"1125764",0,0,0,0,0,0,0,0,0,0,0,0,0,0,0,0,0,0,0,0,0,0,0,0
"1127518",0,0,0,0,0,0,0,0,0,0,0,0,0,0,0,0,0,0,0,0,0,0,0,0
"1127767",0,0,0,0,0,0,0,0,0,0,0,0,0,0,0,0,0,0,0,0,0,0,0,0
"1128073",0,0,0,0,0,0,0,0,0,0,0,0,0,0,0,0,0,0,0,0,0,0,0,0
"1128118",0,0,0,0,0,0,0,0,0,0,0,0,0,0,0,0,0,0,0,0,0,0,0,0
"1128119",0,0,0,0,0,0,0,0,0,0,0,0,0,0,0,0,0,0,0,0,0,0,0,0
"1129033",0,0,0,0,0,0,0,0,0,0,0,0,0,0,0,0,0,0,0,0,0,0,0,0
"1129145",0,0,0,0,0,0,0,0,0,0,0,0,0,0,0,0,0,0,0,0,0,0,0,0
"1130981",0,0,0,0,0,0,0,0,0,0,0,0,0,0,0,0,0,0,0,0,0,0,0,0
"1131",0,0,0,0,0,0,0,0,0,0,0,0,0,0,0,0,0,0,0,0,0,0,0,0
"11318",0,0,0,0,0,0,0,0,0,0,0,0,0,0,0,0,0,0,0,0,0,0,0,0
"11320",0,0,0,0,0,0,0,0,0,0,0,0,0,0,0,0,0,0,0,0,0,0,0,0
"1133557",0,0,0,0,0,0,0,0,0,0,0,0,0,0,0,0,0,0,0,0,0,0,0,0
"1133653",0,0,0,0,0,0,0,0,0,0,0,0,0,0,0,0,0,0,0,0,0,0,0,0
"1136061",0,0,0,0,0,0,0,0,0,0,0,0,0,0,0,0,0,0,0,0,0,0,0,0
"1137801",0,0,0,0,0,0,0,0,0,0,0,0,0,0,0,0,0,0,0,0,0,0,0,0
"1141134",0,0,0,0,0,0,0,0,0,0,0,0,0,0,0,0,0,0,0,0,0,0,0,0
"1141221",0,0,0,0,0,0,0,0,0,0,0,0,0,0,0,0,0,0,0,0,0,0,0,0
"1146876",0,0,0,0,0,0,0,0,0,0,0,0,0,0,0,0,0,0,0,0,0,0,0,0
"1147043",0,0,0,0,0,0,0,0,0,0,0,0,0,0,0,0,0,0,0,0,0,0,0,0
"1147044",0,0,0,0,0,0,0,0,0,0,0,0,0,0,0,0,0,0,0,0,0,0,0,0
"1147144",0,0,0,0,0,0,0,0,0,0,0,0,0,0,0,0,0,0,0,0,0,0,0,0
"1147151",0,0,0,0,0,0,0,0,0,0,0,0,0,0,0,0,0,0,0,0,0,0,0,0
"114921",0,0,0,0,0,0,0,0,0,0,0,0,0,0,0,0,0,0,0,0,0,0,0,0
"114922",0,0,0,0,0,0,0,0,0,0,0,0,0,0,0,0,0,0,0,0,0,0,0,0
"114923",0,0,0,0,0,0,0,0,0,0,0,0,0,0,0,0,0,0,0,0,0,0,0,0
"11520",0,0,0,0,0,0,0,0,0,0,0,0,0,0,0,0,0,0,0,0,0,0,0,0
"115232",0,0,0,0,0,0,0,0,0,0,0,0,0,0,0,0,0,0,0,0,0,0,0,0
"11569",0,0,0,0,0,0,0,0,0,0,0,0,0,0,0,0,0,0,0,0,0,0,0,0
"1157338",0,0,0,0,0,0,0,0,0,0,0,0,0,0,0,0,0,0,0,0,0,0,0,0
"11584",0,0,0,0,0,0,0,0,0,0,0,0,0,0,0,0,0,0,0,0,0,0,0,0
"1159195",0,0,0,0,0,0,0,0,0,0,0,0,0,0,0,0,0,0,0,0,0,0,0,0
"1159901",0,0,0,0,0,0,0,0,0,0,0,0,0,0,0,0,0,0,0,0,0,0,0,0
"1159902",0,0,0,0,0,0,0,0,0,0,0,0,0,0,0,0,0,0,0,0,0,0,0,0
"1159903",0,0,0,0,0,0,0,0,0,0,0,0,0,0,0,0,0,0,0,0,0,0,0,0
"1159904",0,0,0,0,0,0,0,0,0,0,0,0,0,0,0,0,0,0,0,0,0,0,0,0
"1159906",0,0,0,0,0,0,0,0,0,0,0,0,0,0,0,0,0,0,0,0,0,0,0,0
"1159907",0,0,0,0,0,0,0,0,0,0,0,0,0,0,0,0,0,0,0,0,0,0,0,0
"116056",0,0,0,0,0,0,0,0,0,0,0,0,0,0,0,0,0,0,0,0,0,0,0,0
"1160968",0,0,0,0,0,0,0,0,0,0,0,0,0,0,0,0,0,0,0,0,0,0,0,0
"1161126",0,0,0,0,0,0,0,0,0,0,0,0,0,0,0,0,0,0,0,0,0,0,0,0
"11617",0,0,0,0,0,0,0,0,0,0,0,0,0,0,0,0,0,0,0,0,0,0,0,0
"11636",0,0,0,0,0,0,0,0,0,0,0,0,0,0,0,0,0,0,0,0,0,0,0,0
"11642",0,0,0,0,0,0,0,0,0,0,0,0,0,0,0,0,0,0,0,0,0,0,0,0
"1165135",0,0,0,0,0,0,0,0,0,0,0,0,0,0,0,0,0,0,0,0,0,0,0,0
"11657",0,0,0,0,0,0,0,0,0,0,0,0,0,0,0,0,0,0,0,0,0,0,0,0
"11665",0,0,0,0,0,0,0,0,0,0,0,0,0,0,0,0,0,0,0,0,0,0,0,0
"11673",0,0,0,0,0,0,0,0,0,0,0,0,0,0,0,0,0,0,0,0,0,0,0,0
"11676",0,0,0,0,0,0,0,0,0,0,0,0,0,0,0,0,0,0,0,0,0,0,0,0
"1167690",0,0,0,0,0,0,0,0,0,0,0,0,0,0,0,0,0,0,0,0,0,0,0,0
"1167886",0,0,0,0,0,0,0,0,0,0,0,0,0,0,0,0,0,0,0,0,0,0,0,0
"1168547",0,0,0,0,0,0,0,0,0,0,0,0,0,0,0,0,0,0,0,0,0,0,0,0
"1168548",0,0,0,0,0,0,0,0,0,0,0,0,0,0,0,0,0,0,0,0,0,0,0,0
"1168549",0,0,0,0,0,0,0,0,0,0,0,0,0,0,0,0,0,0,0,0,0,0,0,0
"1168594",0,0,0,0,0,0,0,0,0,0,0,0,0,0,0,0,0,0,0,0,0,0,0,0
"1170422",0,0,0,0,0,0,0,0,0,0,0,0,0,0,0,0,0,0,0,0,0,0,0,0
"1170424",0,0,0,0,0,0,0,0,0,0,0,0,0,0,0,0,0,0,0,0,0,0,0,0
"1170425",0,0,0,0,0,0,0,0,0,0,0,0,0,0,0,0,0,0,0,0,0,0,0,0
"1170656",0,0,0,0,0,0,0,0,0,0,0,0,0,0,0,0,0,0,0,0,0,0,0,0
"11709",0,0,0,0,0,0,0,0,0,0,0,0,0,0,0,0,0,0,0,0,0,0,0,0
"11723",0,0,0,0,0,0,0,0,0,0,0,0,0,0,0,0,0,0,0,0,0,0,0,0
"1173709",0,0,0,0,0,0,0,0,0,0,0,0,0,0,0,0,0,0,0,0,0,0,0,0
"1173741",0,0,0,0,0,0,0,0,0,0,0,0,0,0,0,0,0,0,0,0,0,0,0,0
"11746",0,0,0,0,0,0,0,0,0,0,0,0,0,0,0,0,0,0,0,0,0,0,0,0
"1175505",0,0,0,0,0,0,0,0,0,0,0,0,0,0,0,0,0,0,0,0,0,0,0,0
"1175662",0,0,0,0,0,0,0,0,0,0,0,0,0,0,0,0,0,0,0,0,0,0,0,0
"11757",0,0,0,0,0,0,0,0,0,0,0,0,0,0,0,0,0,0,0,0,0,0,0,0
"1175850",0,0,0,0,0,0,0,0,0,0,0,0,0,0,0,0,0,0,0,0,0,0,0,0
"1175851",0,0,0,0,0,0,0,0,0,0,0,0,0,0,0,0,0,0,0,0,0,0,0,0
"1175852",0,0,0,0,0,0,0,0,0,0,0,0,0,0,0,0,0,0,0,0,0,0,0,0
"1175853",0,0,0,0,0,0,0,0,0,0,0,0,0,0,0,0,0,0,0,0,0,0,0,0
"1175854",0,0,0,0,0,0,0,0,0,0,0,0,0,0,0,0,0,0,0,0,0,0,0,0
"1175855",0,0,0,0,0,0,0,0,0,0,0,0,0,0,0,0,0,0,0,0,0,0,0,0
"1176146",0,0,0,0,0,0,0,0,0,0,0,0,0,0,0,0,0,0,0,0,0,0,0,0
"1176147",0,0,0,0,0,0,0,0,0,0,0,0,0,0,0,0,0,0,0,0,0,0,0,0
"1176148",0,0,0,0,0,0,0,0,0,0,0,0,0,0,0,0,0,0,0,0,0,0,0,0
"1176149",0,0,0,0,0,0,0,0,0,0,0,0,0,0,0,0,0,0,0,0,0,0,0,0
"1176150",0,0,0,0,0,0,0,0,0,0,0,0,0,0,0,0,0,0,0,0,0,0,0,0
"1176153",0,0,0,0,0,0,0,0,0,0,0,0,0,0,0,0,0,0,0,0,0,0,0,0
"1176484",0,0,0,0,0,0,0,0,0,0,0,0,0,0,0,0,0,0,0,0,0,0,0,0
"1176736",0,0,0,0,0,0,0,0,0,0,0,0,0,0,0,0,0,0,0,0,0,0,0,0
"11768",0,0,0,0,0,0,0,0,0,0,0,0,0,0,0,0,0,0,0,0,0,0,0,0
"1177630",0,0,0,0,0,0,0,0,0,0,0,0,0,0,0,0,0,0,0,0,0,0,0,0
"1177632",0,0,0,0,0,0,0,0,0,0,0,0,0,0,0,0,0,0,0,0,0,0,0,0
"1177752",0,0,0,0,0,0,0,0,0,0,0,0,0,0,0,0,0,0,0,0,0,0,0,0
"1177753",0,0,0,0,0,0,0,0,0,0,0,0,0,0,0,0,0,0,0,0,0,0,0,0
"1177762",0,0,0,0,0,0,0,0,0,0,0,0,0,0,0,0,0,0,0,0,0,0,0,0
"1177763",0,0,0,0,0,0,0,0,0,0,0,0,0,0,0,0,0,0,0,0,0,0,0,0
"1177764",0,0,0,0,0,0,0,0,0,0,0,0,0,0,0,0,0,0,0,0,0,0,0,0
"1177767",0,0,0,0,0,0,0,0,0,0,0,0,0,0,0,0,0,0,0,0,0,0,0,0
"11780",0,0,0,0,0,0,0,0,0,0,0,0,0,0,0,0,0,0,0,0,0,0,0,0
"11786",0,0,0,0,0,0,0,0,0,0,0,0,0,0,0,0,0,0,0,0,0,0,0,0
"1179155",0,0,0,0,0,0,0,0,0,0,0,0,0,0,0,0,0,0,0,0,0,0,0,0
"1179812",0,0,0,0,0,0,0,0,0,0,0,0,0,0,0,0,0,0,0,0,0,0,0,0
"1179813",0,0,0,0,0,0,0,0,0,0,0,0,0,0,0,0,0,0,0,0,0,0,0,0
"118027",0,0,0,0,0,0,0,0,0,0,0,0,0,0,0,0,0,0,0,0,0,0,0,0
"11807",0,0,0,0,0,0,0,0,0,0,0,0,0,0,0,0,0,0,0,0,0,0,0,0
"11808",0,0,0,0,0,0,0,0,0,0,0,0,0,0,0,0,0,0,0,0,0,0,0,0
"11809",0,0,0,0,0,0,0,0,0,0,0,0,0,0,0,0,0,0,0,0,0,0,0,0
"11819",0,0,0,0,0,0,0,0,0,0,0,0,0,0,0,0,0,0,0,0,0,0,0,0
"1182518",0,0,0,0,0,0,0,0,0,0,0,0,0,0,0,0,0,0,0,0,0,0,0,0
"11834",0,0,0,0,0,0,0,0,0,0,0,0,0,0,0,0,0,0,0,0,0,0,0,0
"11840",0,0,0,0,0,0,0,0,0,0,0,0,0,0,0,0,0,0,0,0,0,0,0,0
"1185359",0,0,0,0,0,0,0,0,0,0,0,0,0,0,0,0,0,0,0,0,0,0,0,0
"11856",0,0,0,0,0,0,0,0,0,0,0,0,0,0,0,0,0,0,0,0,0,0,0,0
"11866",0,0,0,0,0,0,0,0,0,0,0,0,0,0,0,0,0,0,0,0,0,0,0,0
"11867",0,0,0,0,0,0,0,0,0,0,0,0,0,0,0,0,0,0,0,0,0,0,0,0
"11878",0,0,0,0,0,0,0,0,0,0,0,0,0,0,0,0,0,0,0,0,0,0,0,0
"1187894",0,0,0,0,0,0,0,0,0,0,0,0,0,0,0,0,0,0,0,0,0,0,0,0
"1187973",0,0,0,0,0,0,0,0,0,0,0,0,0,0,0,0,0,0,0,0,0,0,0,0
"11884",0,0,0,0,0,0,0,0,0,0,0,0,0,0,0,0,0,0,0,0,0,0,0,0
"11886",0,0,0,0,0,0,0,0,0,0,0,0,0,0,0,0,0,0,0,0,0,0,0,0
"1188793",0,0,0,0,0,0,0,0,0,0,0,0,0,0,0,0,0,0,0,0,0,0,0,0
"1188812",0,0,0,0,0,0,0,0,0,0,0,0,0,0,0,0,0,0,0,0,0,0,0,0
"11901",0,0,0,0,0,0,0,0,0,0,0,0,0,0,0,0,0,0,0,0,0,0,0,0
"1193420",0,0,0,0,0,0,0,0,0,0,0,0,0,0,0,0,0,0,0,0,0,0,0,0
"119423",0,0,0,0,0,0,0,0,0,0,0,0,0,0,0,0,0,0,0,0,0,0,0,0
"1195163",0,0,0,0,0,0,0,0,0,0,0,0,0,0,0,0,0,0,0,0,0,0,0,0
"1196236",0,0,0,0,0,0,0,0,0,0,0,0,0,0,0,0,0,0,0,0,0,0,0,0
"11970",0,0,0,0,0,0,0,0,0,0,0,0,0,0,0,0,0,0,0,0,0,0,0,0
"11976",0,0,0,0,0,0,0,0,0,0,0,0,0,0,0,0,0,0,0,0,0,0,0,0
"1197730",0,0,0,0,0,0,0,0,0,0,0,0,0,0,0,0,0,0,0,0,0,0,0,0
"1197731",0,0,0,0,0,0,0,0,0,0,0,0,0,0,0,0,0,0,0,0,0,0,0,0
"1197732",0,0,0,0,0,0,0,0,0,0,0,0,0,0,0,0,0,0,0,0,0,0,0,0
"1197734",0,0,0,0,0,0,0,0,0,0,0,0,0,0,0,0,0,0,0,0,0,0,0,0
"11978",0,0,0,0,0,0,0,0,0,0,0,0,0,0,0,0,0,0,0,0,0,0,0,0
"1197952",0,0,0,0,0,0,0,0,0,0,0,0,0,0,0,0,0,0,0,0,0,0,0,0
"1198144",0,0,0,0,0,0,0,0,0,0,0,0,0,0,0,0,0,0,0,0,0,0,0,0
"1198147",0,0,0,0,0,0,0,0,0,0,0,0,0,0,0,0,0,0,0,0,0,0,0,0
"1198219",0,0,0,0,0,0,0,0,0,0,0,0,0,0,0,0,0,0,0,0,0,0,0,0
"1198450",0,0,0,0,0,0,0,0,0,0,0,0,0,0,0,0,0,0,0,0,0,0,0,0
"119910",0,0,0,0,0,0,0,0,0,0,0,0,0,0,0,0,0,0,0,0,0,0,0,0
"120168",0,0,0,0,0,0,0,0,0,0,0,0,0,0,0,0,0,0,0,0,0,0,0,0
"12036",0,0,0,0,0,0,0,0,0,0,0,0,0,0,0,0,0,0,0,0,0,0,0,0
"12042",0,0,0,0,0,0,0,0,0,0,0,0,0,0,0,0,0,0,0,0,0,0,0,0
"1204543",0,0,0,0,0,0,0,0,0,0,0,0,0,0,0,0,0,0,0,0,0,0,0,0
"1204684",0,0,0,0,0,0,0,0,0,0,0,0,0,0,0,0,0,0,0,0,0,0,0,0
"12058",0,0,0,0,0,0,0,0,0,0,0,0,0,0,0,0,0,0,0,0,0,0,0,0
"1206110",0,0,0,0,0,0,0,0,0,0,0,0,0,0,0,0,0,0,0,0,0,0,0,0
"12064",0,0,0,0,0,0,0,0,0,0,0,0,0,0,0,0,0,0,0,0,0,0,0,0
"1206566",0,0,0,0,0,0,0,0,0,0,0,0,0,0,0,0,0,0,0,0,0,0,0,0
"1208309",0,0,0,0,0,0,0,0,0,0,0,0,0,0,0,0,0,0,0,0,0,0,0,0
"12092",0,0,0,0,0,0,0,0,0,0,0,0,0,0,0,0,0,0,0,0,0,0,0,0
"12109",0,0,0,0,0,0,0,0,0,0,0,0,0,0,0,0,0,0,0,0,0,0,0,0
"12110",0,0,0,0,0,0,0,0,0,0,0,0,0,0,0,0,0,0,0,0,0,0,0,0
"1211388",0,0,0,0,0,0,0,0,0,0,0,0,0,0,0,0,0,0,0,0,0,0,0,0
"1213187",0,0,0,0,0,0,0,0,0,0,0,0,0,0,0,0,0,0,0,0,0,0,0,0
"1213406",0,0,0,0,0,0,0,0,0,0,0,0,0,0,0,0,0,0,0,0,0,0,0,0
"12141",0,0,0,0,0,0,0,0,0,0,0,0,0,0,0,0,0,0,0,0,0,0,0,0
"12161",0,0,0,0,0,0,0,0,0,0,0,0,0,0,0,0,0,0,0,0,0,0,0,0
"12163",0,0,0,0,0,0,0,0,0,0,0,0,0,0,0,0,0,0,0,0,0,0,0,0
"12165",0,0,0,0,0,0,0,0,0,0,0,0,0,0,0,0,0,0,0,0,0,0,0,0
"12173",0,0,0,0,0,0,0,0,0,0,0,0,0,0,0,0,0,0,0,0,0,0,0,0
"12175",0,0,0,0,0,0,0,0,0,0,0,0,0,0,0,0,0,0,0,0,0,0,0,0
"12178",0,0,0,0,0,0,0,0,0,0,0,0,0,0,0,0,0,0,0,0,0,0,0,0
"12179",0,0,0,0,0,0,0,0,0,0,0,0,0,0,0,0,0,0,0,0,0,0,0,0
"12180",0,0,0,0,0,0,0,0,0,0,0,0,0,0,0,0,0,0,0,0,0,0,0,0
"12181",0,0,0,0,0,0,0,0,0,0,0,0,0,0,0,0,0,0,0,0,0,0,0,0
"12182",0,0,0,0,0,0,0,0,0,0,0,0,0,0,0,0,0,0,0,0,0,0,0,0
"12183",0,0,0,0,0,0,0,0,0,0,0,0,0,0,0,0,0,0,0,0,0,0,0,0
"12187",0,0,0,0,0,0,0,0,0,0,0,0,0,0,0,0,0,0,0,0,0,0,0,0
"1218727",0,0,0,0,0,0,0,0,0,0,0,0,0,0,0,0,0,0,0,0,0,0,0,0
"12188",0,0,0,0,0,0,0,0,0,0,0,0,0,0,0,0,0,0,0,0,0,0,0,0
"12194",0,0,0,0,0,0,0,0,0,0,0,0,0,0,0,0,0,0,0,0,0,0,0,0
"12195",0,0,0,0,0,0,0,0,0,0,0,0,0,0,0,0,0,0,0,0,0,0,0,0
"12196",0,0,0,0,0,0,0,0,0,0,0,0,0,0,0,0,0,0,0,0,0,0,0,0
"12197",0,0,0,0,0,0,0,0,0,0,0,0,0,0,0,0,0,0,0,0,0,0,0,0
"12198",0,0,0,0,0,0,0,0,0,0,0,0,0,0,0,0,0,0,0,0,0,0,0,0
"12201",0,0,0,0,0,0,0,0,0,0,0,0,0,0,0,0,0,0,0,0,0,0,0,0
"12202",0,0,0,0,0,0,0,0,0,0,0,0,0,0,0,0,0,0,0,0,0,0,0,0
"12203",0,0,0,0,0,0,0,0,0,0,0,0,0,0,0,0,0,0,0,0,0,0,0,0
"12204",0,0,0,0,0,0,0,0,0,0,0,0,0,0,0,0,0,0,0,0,0,0,0,0
"12205",0,0,0,0,0,0,0,0,0,0,0,0,0,0,0,0,0,0,0,0,0,0,0,0
"12208",0,0,0,0,0,0,0,0,0,0,0,0,0,0,0,0,0,0,0,0,0,0,0,0
"12209",0,0,0,0,0,0,0,0,0,0,0,0,0,0,0,0,0,0,0,0,0,0,0,0
"12211",0,0,0,0,0,0,0,0,0,0,0,0,0,0,0,0,0,0,0,0,0,0,0,0
"1221206",0,0,0,0,0,0,0,0,0,0,0,0,0,0,0,0,0,0,0,0,0,0,0,0
"1221437",0,0,0,0,0,0,0,0,0,0,0,0,0,0,0,0,0,0,0,0,0,0,0,0
"12222",0,0,0,0,0,0,0,0,0,0,0,0,0,0,0,0,0,0,0,0,0,0,0,0
"12224",0,0,0,0,0,0,0,0,0,0,0,0,0,0,0,0,0,0,0,0,0,0,0,0
"12227",0,0,0,0,0,0,0,0,0,0,0,0,0,0,0,0,0,0,0,0,0,0,0,0
"12229",0,0,0,0,0,0,0,0,0,0,0,0,0,0,0,0,0,0,0,0,0,0,0,0
"12238",0,0,0,0,0,0,0,0,0,0,0,0,0,0,0,0,0,0,0,0,0,0,0,0
"12239",0,0,0,0,0,0,0,0,0,0,0,0,0,0,0,0,0,0,0,0,0,0,0,0
"12240",0,0,0,0,0,0,0,0,0,0,0,0,0,0,0,0,0,0,0,0,0,0,0,0
"12241",0,0,0,0,0,0,0,0,0,0,0,0,0,0,0,0,0,0,0,0,0,0,0,0
"1224144",0,0,0,0,0,0,0,0,0,0,0,0,0,0,0,0,0,0,0,0,0,0,0,0
"12242",0,0,0,0,0,0,0,0,0,0,0,0,0,0,0,0,0,0,0,0,0,0,0,0
"1224510",0,0,0,0,0,0,0,0,0,0,0,0,0,0,0,0,0,0,0,0,0,0,0,0
"1225069",0,0,0,0,0,0,0,0,0,0,0,0,0,0,0,0,0,0,0,0,0,0,0,0
"12266",0,0,0,0,0,0,0,0,0,0,0,0,0,0,0,0,0,0,0,0,0,0,0,0
"12270",0,0,0,0,0,0,0,0,0,0,0,0,0,0,0,0,0,0,0,0,0,0,0,0
"1227354",0,0,0,0,0,0,0,0,0,0,0,0,0,0,0,0,0,0,0,0,0,0,0,0
"1227356",0,0,0,0,0,0,0,0,0,0,0,0,0,0,0,0,0,0,0,0,0,0,0,0
"1227357",0,0,0,0,0,0,0,0,0,0,0,0,0,0,0,0,0,0,0,0,0,0,0,0
"12285",0,0,0,0,0,0,0,0,0,0,0,0,0,0,0,0,0,0,0,0,0,0,0,0
"12286",0,0,0,0,0,0,0,0,0,0,0,0,0,0,0,0,0,0,0,0,0,0,0,0
"12288",0,0,0,0,0,0,0,0,0,0,0,0,0,0,0,0,0,0,0,0,0,0,0,0
"1229186",0,0,0,0,0,0,0,0,0,0,0,0,0,0,0,0,0,0,0,0,0,0,0,0
"1229324",0,0,0,0,0,0,0,0,0,0,0,0,0,0,0,0,0,0,0,0,0,0,0,0
"12294",0,0,0,0,0,0,0,0,0,0,0,0,0,0,0,0,0,0,0,0,0,0,0,0
"12295",0,0,0,0,0,0,0,0,0,0,0,0,0,0,0,0,0,0,0,0,0,0,0,0
"12301",0,0,0,0,0,0,0,0,0,0,0,0,0,0,0,0,0,0,0,0,0,0,0,0
"12302",0,0,0,0,0,0,0,0,0,0,0,0,0,0,0,0,0,0,0,0,0,0,0,0
"12303",0,0,0,0,0,0,0,0,0,0,0,0,0,0,0,0,0,0,0,0,0,0,0,0
"12313",0,0,0,0,0,0,0,0,0,0,0,0,0,0,0,0,0,0,0,0,0,0,0,0
"12315",0,0,0,0,0,0,0,0,0,0,0,0,0,0,0,0,0,0,0,0,0,0,0,0
"12317",0,0,0,0,0,0,0,0,0,0,0,0,0,0,0,0,0,0,0,0,0,0,0,0
"12319",0,0,0,0,0,0,0,0,0,0,0,0,0,0,0,0,0,0,0,0,0,0,0,0
"12321",0,0,0,0,0,0,0,0,0,0,0,0,0,0,0,0,0,0,0,0,0,0,0,0
"1232640",0,0,0,0,0,0,0,0,0,0,0,0,0,0,0,0,0,0,0,0,0,0,0,0
"12327",0,0,0,0,0,0,0,0,0,0,0,0,0,0,0,0,0,0,0,0,0,0,0,0
"12328",0,0,0,0,0,0,0,0,0,0,0,0,0,0,0,0,0,0,0,0,0,0,0,0
"1233383",0,0,0,0,0,0,0,0,0,0,0,0,0,0,0,0,0,0,0,0,0,0,0,0
"1233488",0,0,0,0,0,0,0,0,0,0,0,0,0,0,0,0,0,0,0,0,0,0,0,0
"1234171",0,0,0,0,0,0,0,0,0,0,0,0,0,0,0,0,0,0,0,0,0,0,0,0
"12345",0,0,0,0,0,0,0,0,0,0,0,0,0,0,0,0,0,0,0,0,0,0,0,0
"1234872",0,0,0,0,0,0,0,0,0,0,0,0,0,0,0,0,0,0,0,0,0,0,0,0
"1235662",0,0,0,0,0,0,0,0,0,0,0,0,0,0,0,0,0,0,0,0,0,0,0,0
"1236047",0,0,0,0,0,0,0,0,0,0,0,0,0,0,0,0,0,0,0,0,0,0,0,0
"1236391",0,0,0,0,0,0,0,0,0,0,0,0,0,0,0,0,0,0,0,0,0,0,0,0
"1236392",0,0,0,0,0,0,0,0,0,0,0,0,0,0,0,0,0,0,0,0,0,0,0,0
"1236395",0,0,0,0,0,0,0,0,0,0,0,0,0,0,0,0,0,0,0,0,0,0,0,0
"1236400",0,0,0,0,0,0,0,0,0,0,0,0,0,0,0,0,0,0,0,0,0,0,0,0
"1236405",0,0,0,0,0,0,0,0,0,0,0,0,0,0,0,0,0,0,0,0,0,0,0,0
"1236409",0,0,0,0,0,0,0,0,0,0,0,0,0,0,0,0,0,0,0,0,0,0,0,0
"1239439",0,0,0,0,0,0,0,0,0,0,0,0,0,0,0,0,0,0,0,0,0,0,0,0
"1239452",0,0,0,0,0,0,0,0,0,0,0,0,0,0,0,0,0,0,0,0,0,0,0,0
"1239565",0,0,0,0,0,0,0,0,0,0,0,0,0,0,0,0,0,0,0,0,0,0,0,0
"1239568",0,0,0,0,0,0,0,0,0,0,0,0,0,0,0,0,0,0,0,0,0,0,0,0
"1239569",0,0,0,0,0,0,0,0,0,0,0,0,0,0,0,0,0,0,0,0,0,0,0,0
"1239571",0,0,0,0,0,0,0,0,0,0,0,0,0,0,0,0,0,0,0,0,0,0,0,0
"1239574",0,0,0,0,0,0,0,0,0,0,0,0,0,0,0,0,0,0,0,0,0,0,0,0
"1239575",0,0,0,0,0,0,0,0,0,0,0,0,0,0,0,0,0,0,0,0,0,0,0,0
"1239578",0,0,0,0,0,0,0,0,0,0,0,0,0,0,0,0,0,0,0,0,0,0,0,0
"1239583",0,0,0,0,0,0,0,0,0,0,0,0,0,0,0,0,0,0,0,0,0,0,0,0
"12407",0,0,0,0,0,0,0,0,0,0,0,0,0,0,0,0,0,0,0,0,0,0,0,0
"1241918",0,0,0,0,0,0,0,0,0,0,0,0,0,0,0,0,0,0,0,0,0,0,0,0
"1241957",0,0,0,0,0,0,0,0,0,0,0,0,0,0,0,0,0,0,0,0,0,0,0,0
"12430",0,0,0,0,0,0,0,0,0,0,0,0,0,0,0,0,0,0,0,0,0,0,0,0
"12431",0,0,0,0,0,0,0,0,0,0,0,0,0,0,0,0,0,0,0,0,0,0,0,0
"1243178",0,0,0,0,0,0,0,0,0,0,0,0,0,0,0,0,0,0,0,0,0,0,0,0
"12432",0,0,0,0,0,0,0,0,0,0,0,0,0,0,0,0,0,0,0,0,0,0,0,0
"1244563",0,0,0,0,0,0,0,0,0,0,0,0,0,0,0,0,0,0,0,0,0,0,0,0
"1244565",0,0,0,0,0,0,0,0,0,0,0,0,0,0,0,0,0,0,0,0,0,0,0,0
"12450",0,0,0,0,0,0,0,0,0,0,0,0,0,0,0,0,0,0,0,0,0,0,0,0
"1245909",0,0,0,0,0,0,0,0,0,0,0,0,0,0,0,0,0,0,0,0,0,0,0,0
"12465",0,0,0,0,0,0,0,0,0,0,0,0,0,0,0,0,0,0,0,0,0,0,0,0
"12466",0,0,0,0,0,0,0,0,0,0,0,0,0,0,0,0,0,0,0,0,0,0,0,0
"1246650",0,0,0,0,0,0,0,0,0,0,0,0,0,0,0,0,0,0,0,0,0,0,0,0
"1246849",0,0,0,0,0,0,0,0,0,0,0,0,0,0,0,0,0,0,0,0,0,0,0,0
"12471",0,0,0,0,0,0,0,0,0,0,0,0,0,0,0,0,0,0,0,0,0,0,0,0
"1247115",0,0,0,0,0,0,0,0,0,0,0,0,0,0,0,0,0,0,0,0,0,0,0,0
"1247116",0,0,0,0,0,0,0,0,0,0,0,0,0,0,0,0,0,0,0,0,0,0,0,0
"12472",0,0,0,0,0,0,0,0,0,0,0,0,0,0,0,0,0,0,0,0,0,0,0,0
"12473",0,0,0,0,0,0,0,0,0,0,0,0,0,0,0,0,0,0,0,0,0,0,0,0
"12475",0,0,0,0,0,0,0,0,0,0,0,0,0,0,0,0,0,0,0,0,0,0,0,0
"12480",0,0,0,0,0,0,0,0,0,0,0,0,0,0,0,0,0,0,0,0,0,0,0,0
"1249467",0,0,0,0,0,0,0,0,0,0,0,0,0,0,0,0,0,0,0,0,0,0,0,0
"1249648",0,0,0,0,0,0,0,0,0,0,0,0,0,0,0,0,0,0,0,0,0,0,0,0
"1249676",0,0,0,0,0,0,0,0,0,0,0,0,0,0,0,0,0,0,0,0,0,0,0,0
"1249677",0,0,0,0,0,0,0,0,0,0,0,0,0,0,0,0,0,0,0,0,0,0,0,0
"1250303",0,0,0,0,0,0,0,0,0,0,0,0,0,0,0,0,0,0,0,0,0,0,0,0
"1250316",0,0,0,0,0,0,0,0,0,0,0,0,0,0,0,0,0,0,0,0,0,0,0,0
"12541",0,0,0,0,0,0,0,0,0,0,0,0,0,0,0,0,0,0,0,0,0,0,0,0
"1254420",0,0,0,0,0,0,0,0,0,0,0,0,0,0,0,0,0,0,0,0,0,0,0,0
"1254425",0,0,0,0,0,0,0,0,0,0,0,0,0,0,0,0,0,0,0,0,0,0,0,0
"1262523",0,0,0,0,0,0,0,0,0,0,0,0,0,0,0,0,0,0,0,0,0,0,0,0
"12639",0,0,0,0,0,0,0,0,0,0,0,0,0,0,0,0,0,0,0,0,0,0,0,0
"1264880",0,0,0,0,0,0,0,0,0,0,0,0,0,0,0,0,0,0,0,0,0,0,0,0
"1266458",0,0,0,0,0,0,0,0,0,0,0,0,0,0,0,0,0,0,0,0,0,0,0,0
"1266977",0,0,0,0,0,0,0,0,0,0,0,0,0,0,0,0,0,0,0,0,0,0,0,0
"1267277",0,0,0,0,0,0,0,0,0,0,0,0,0,0,0,0,0,0,0,0,0,0,0,0
"1273128",0,0,0,0,0,0,0,0,0,0,0,0,0,0,0,0,0,0,0,0,0,0,0,0
"1273699",0,0,0,0,0,0,0,0,0,0,0,0,0,0,0,0,0,0,0,0,0,0,0,0
"1273739",0,0,0,0,0,0,0,0,0,0,0,0,0,0,0,0,0,0,0,0,0,0,0,0
"1273740",0,0,0,0,0,0,0,0,0,0,0,0,0,0,0,0,0,0,0,0,0,0,0,0
"1273741",0,0,0,0,0,0,0,0,0,0,0,0,0,0,0,0,0,0,0,0,0,0,0,0
"1273742",0,0,0,0,0,0,0,0,0,0,0,0,0,0,0,0,0,0,0,0,0,0,0,0
"1273744",0,0,0,0,0,0,0,0,0,0,0,0,0,0,0,0,0,0,0,0,0,0,0,0
"127441",0,0,0,0,0,0,0,0,0,0,0,0,0,0,0,0,0,0,0,0,0,0,0,0
"127509",0,0,0,0,0,0,0,0,0,0,0,0,0,0,0,0,0,0,0,0,0,0,0,0
"1276181",0,0,0,0,0,0,0,0,0,0,0,0,0,0,0,0,0,0,0,0,0,0,0,0
"1280052",0,0,0,0,0,0,0,0,0,0,0,0,0,0,0,0,0,0,0,0,0,0,0,0
"12804",0,0,0,0,0,0,0,0,0,0,0,0,0,0,0,0,0,0,0,0,0,0,0,0
"1281455",0,0,0,0,0,0,0,0,0,0,0,0,0,0,0,0,0,0,0,0,0,0,0,0
"1282443",0,0,0,0,0,0,0,0,0,0,0,0,0,0,0,0,0,0,0,0,0,0,0,0
"1283077",0,0,0,0,0,0,0,0,0,0,0,0,0,0,0,0,0,0,0,0,0,0,0,0
"12844",0,0,0,0,0,0,0,0,0,0,0,0,0,0,0,0,0,0,0,0,0,0,0,0
"1285589",0,0,0,0,0,0,0,0,0,0,0,0,0,0,0,0,0,0,0,0,0,0,0,0
"1286143",0,0,0,0,0,0,0,0,0,0,0,0,0,0,0,0,0,0,0,0,0,0,0,0
"128818",0,0,0,0,0,0,0,0,0,0,0,0,0,0,0,0,0,0,0,0,0,0,0,0
"12888",0,0,0,0,0,0,0,0,0,0,0,0,0,0,0,0,0,0,0,0,0,0,0,0
"12893",0,0,0,0,0,0,0,0,0,0,0,0,0,0,0,0,0,0,0,0,0,0,0,0
"12901",0,0,0,0,0,0,0,0,0,0,0,0,0,0,0,0,0,0,0,0,0,0,0,0
"12907",0,0,0,0,0,0,0,0,0,0,0,0,0,0,0,0,0,0,0,0,0,0,0,0
"129141",0,0,0,0,0,0,0,0,0,0,0,0,0,0,0,0,0,0,0,0,0,0,0,0
"129143",0,0,0,0,0,0,0,0,0,0,0,0,0,0,0,0,0,0,0,0,0,0,0,0
"1296573",0,0,0,0,0,0,0,0,0,0,0,0,0,0,0,0,0,0,0,0,0,0,0,0
"1296654",0,0,0,0,0,0,0,0,0,0,0,0,0,0,0,0,0,0,0,0,0,0,0,0
"1297645",0,0,0,0,0,0,0,0,0,0,0,0,0,0,0,0,0,0,0,0,0,0,0,0
"1297661",0,0,0,0,0,0,0,0,0,0,0,0,0,0,0,0,0,0,0,0,0,0,0,0
"1297894",0,0,0,0,0,0,0,0,0,0,0,0,0,0,0,0,0,0,0,0,0,0,0,0
"1298531",0,0,0,0,0,0,0,0,0,0,0,0,0,0,0,0,0,0,0,0,0,0,0,0
"129875",0,0,0,0,0,0,0,0,0,0,0,0,0,0,0,0,0,0,0,0,0,0,0,0
"129876",0,0,0,0,0,0,0,0,0,0,0,0,0,0,0,0,0,0,0,0,0,0,0,0
"129953",0,0,0,0,0,0,0,0,0,0,0,0,0,0,0,0,0,0,0,0,0,0,0,0
"1301220",0,0,0,0,0,0,0,0,0,0,0,0,0,0,0,0,0,0,0,0,0,0,0,0
"1302179",0,0,0,0,0,0,0,0,0,0,0,0,0,0,0,0,0,0,0,0,0,0,0,0
"1302848",0,0,0,0,0,0,0,0,0,0,0,0,0,0,0,0,0,0,0,0,0,0,0,0
"1302849",0,0,0,0,0,0,0,0,0,0,0,0,0,0,0,0,0,0,0,0,0,0,0,0
"1302850",0,0,0,0,0,0,0,0,0,0,0,0,0,0,0,0,0,0,0,0,0,0,0,0
"130327",0,0,0,0,0,0,0,0,0,0,0,0,0,0,0,0,0,0,0,0,0,0,0,0
"130328",0,0,0,0,0,0,0,0,0,0,0,0,0,0,0,0,0,0,0,0,0,0,0,0
"130478",0,0,0,0,0,0,0,0,0,0,0,0,0,0,0,0,0,0,0,0,0,0,0,0
"1305708",0,0,0,0,0,0,0,0,0,0,0,0,0,0,0,0,0,0,0,0,0,0,0,0
"1306518",0,0,0,0,0,0,0,0,0,0,0,0,0,0,0,0,0,0,0,0,0,0,0,0
"1310424",0,0,0,0,0,0,0,0,0,0,0,0,0,0,0,0,0,0,0,0,0,0,0,0
"131082",0,0,0,0,0,0,0,0,0,0,0,0,0,0,0,0,0,0,0,0,0,0,0,0
"131226",0,0,0,0,0,0,0,0,0,0,0,0,0,0,0,0,0,0,0,0,0,0,0,0
"1312873",0,0,0,0,0,0,0,0,0,0,0,0,0,0,0,0,0,0,0,0,0,0,0,0
"1312874",0,0,0,0,0,0,0,0,0,0,0,0,0,0,0,0,0,0,0,0,0,0,0,0
"1312929",0,0,0,0,0,0,0,0,0,0,0,0,0,0,0,0,0,0,0,0,0,0,0,0
"1317107",0,0,0,0,0,0,0,0,0,0,0,0,0,0,0,0,0,0,0,0,0,0,0,0
"1319",0,0,0,0,0,0,0,0,0,0,0,0,0,0,0,0,0,0,0,0,0,0,0,0
"1323525",0,0,0,0,0,0,0,0,0,0,0,0,0,0,0,0,0,0,0,0,0,0,0,0
"1323528",0,0,0,0,0,0,0,0,0,0,0,0,0,0,0,0,0,0,0,0,0,0,0,0
"1324128",0,0,0,0,0,0,0,0,0,0,0,0,0,0,0,0,0,0,0,0,0,0,0,0
"132477",0,0,0,0,0,0,0,0,0,0,0,0,0,0,0,0,0,0,0,0,0,0,0,0
"1324959",0,0,0,0,0,0,0,0,0,0,0,0,0,0,0,0,0,0,0,0,0,0,0,0
"1325446",0,0,0,0,0,0,0,0,0,0,0,0,0,0,0,0,0,0,0,0,0,0,0,0
"1327774",0,0,0,0,0,0,0,0,0,0,0,0,0,0,0,0,0,0,0,0,0,0,0,0
"1327935",0,0,0,0,0,0,0,0,0,0,0,0,0,0,0,0,0,0,0,0,0,0,0,0
"1327947",0,0,0,0,0,0,0,0,0,0,0,0,0,0,0,0,0,0,0,0,0,0,0,0
"1327968",0,0,0,0,0,0,0,0,0,0,0,0,0,0,0,0,0,0,0,0,0,0,0,0
"1327969",0,0,0,0,0,0,0,0,0,0,0,0,0,0,0,0,0,0,0,0,0,0,0,0
"1327974",0,0,0,0,0,0,0,0,0,0,0,0,0,0,0,0,0,0,0,0,0,0,0,0
"1327987",0,0,0,0,0,0,0,0,0,0,0,0,0,0,0,0,0,0,0,0,0,0,0,0
"1327993",0,0,0,0,0,0,0,0,0,0,0,0,0,0,0,0,0,0,0,0,0,0,0,0
"1329380",0,0,0,0,0,0,0,0,0,0,0,0,0,0,0,0,0,0,0,0,0,0,0,0
"1329649",0,0,0,0,0,0,0,0,0,0,0,0,0,0,0,0,0,0,0,0,0,0,0,0
"1329650",0,0,0,0,0,0,0,0,0,0,0,0,0,0,0,0,0,0,0,0,0,0,0,0
"1329781",0,0,0,0,0,0,0,0,0,0,0,0,0,0,0,0,0,0,0,0,0,0,0,0
"1329812",0,0,0,0,0,0,0,0,0,0,0,0,0,0,0,0,0,0,0,0,0,0,0,0
"1329823",0,0,0,0,0,0,0,0,0,0,0,0,0,0,0,0,0,0,0,0,0,0,0,0
"1330066",0,0,0,0,0,0,0,0,0,0,0,0,0,0,0,0,0,0,0,0,0,0,0,0
"1330068",0,0,0,0,0,0,0,0,0,0,0,0,0,0,0,0,0,0,0,0,0,0,0,0
"1330491",0,0,0,0,0,0,0,0,0,0,0,0,0,0,0,0,0,0,0,0,0,0,0,0
"1330520",0,0,0,0,0,0,0,0,0,0,0,0,0,0,0,0,0,0,0,0,0,0,0,0
"1331744",0,0,0,0,0,0,0,0,0,0,0,0,0,0,0,0,0,0,0,0,0,0,0,0
"1333313",0,0,0,0,0,0,0,0,0,0,0,0,0,0,0,0,0,0,0,0,0,0,0,0
"1335626",0,0,0,0,0,0,0,0,0,0,0,0,0,0,0,0,0,0,0,0,0,0,0,0
"1335768",0,0,0,0,0,0,0,0,0,0,0,0,0,0,0,0,0,0,0,0,0,0,0,0
"1340801",0,0,0,0,0,0,0,0,0,0,0,0,0,0,0,0,0,0,0,0,0,0,0,0
"1340820",0,0,0,0,0,0,0,0,0,0,0,0,0,0,0,0,0,0,0,0,0,0,0,0
"1340822",0,0,0,0,0,0,0,0,0,0,0,0,0,0,0,0,0,0,0,0,0,0,0,0
"1340833",0,0,0,0,0,0,0,0,0,0,0,0,0,0,0,0,0,0,0,0,0,0,0,0
"1340836",0,0,0,0,0,0,0,0,0,0,0,0,0,0,0,0,0,0,0,0,0,0,0,0
"1341019",0,0,0,0,0,0,0,0,0,0,0,0,0,0,0,0,0,0,0,0,0,0,0,0
"1341165",0,0,0,0,0,0,0,0,0,0,0,0,0,0,0,0,0,0,0,0,0,0,0,0
"134386",0,0,0,0,0,0,0,0,0,0,0,0,0,0,0,0,0,0,0,0,0,0,0,0
"1343920",0,0,0,0,0,0,0,0,0,0,0,0,0,0,0,0,0,0,0,0,0,0,0,0
"1345661",0,0,0,0,0,0,0,0,0,0,0,0,0,0,0,0,0,0,0,0,0,0,0,0
"1345662",0,0,0,0,0,0,0,0,0,0,0,0,0,0,0,0,0,0,0,0,0,0,0,0
"134632",0,0,0,0,0,0,0,0,0,0,0,0,0,0,0,0,0,0,0,0,0,0,0,0
"134681",0,0,0,0,0,0,0,0,0,0,0,0,0,0,0,0,0,0,0,0,0,0,0,0
"1348384",0,0,0,0,0,0,0,0,0,0,0,0,0,0,0,0,0,0,0,0,0,0,0,0
"1351702",0,0,0,0,0,0,0,0,0,0,0,0,0,0,0,0,0,0,0,0,0,0,0,0
"1352227",0,0,0,0,0,0,0,0,0,0,0,0,0,0,0,0,0,0,0,0,0,0,0,0
"135246",0,0,0,0,0,0,0,0,0,0,0,0,0,0,0,0,0,0,0,0,0,0,0,0
"1353241",0,0,0,0,0,0,0,0,0,0,0,0,0,0,0,0,0,0,0,0,0,0,0,0
"1353795",0,0,0,0,0,0,0,0,0,0,0,0,0,0,0,0,0,0,0,0,0,0,0,0
"1354514",0,0,0,0,0,0,0,0,0,0,0,0,0,0,0,0,0,0,0,0,0,0,0,0
"1357707",0,0,0,0,0,0,0,0,0,0,0,0,0,0,0,0,0,0,0,0,0,0,0,0
"1367126",0,0,0,0,0,0,0,0,0,0,0,0,0,0,0,0,0,0,0,0,0,0,0,0
"1367435",0,0,0,0,0,0,0,0,0,0,0,0,0,0,0,0,0,0,0,0,0,0,0,0
"1371",0,0,0,0,0,0,0,0,0,0,0,0,0,0,0,0,0,0,0,0,0,0,0,0
"137475",0,0,0,0,0,0,0,0,0,0,0,0,0,0,0,0,0,0,0,0,0,0,0,0
"137854",0,0,0,0,0,0,0,0,0,0,0,0,0,0,0,0,0,0,0,0,0,0,0,0
"1379695",0,0,0,0,0,0,0,0,0,0,0,0,0,0,0,0,0,0,0,0,0,0,0,0
"1379710",0,0,0,0,0,0,0,0,0,0,0,0,0,0,0,0,0,0,0,0,0,0,0,0
"1379711",0,0,0,0,0,0,0,0,0,0,0,0,0,0,0,0,0,0,0,0,0,0,0,0
"1379712",0,0,0,0,0,0,0,0,0,0,0,0,0,0,0,0,0,0,0,0,0,0,0,0
"1379713",0,0,0,0,0,0,0,0,0,0,0,0,0,0,0,0,0,0,0,0,0,0,0,0
"1379714",0,0,0,0,0,0,0,0,0,0,0,0,0,0,0,0,0,0,0,0,0,0,0,0
"1379718",0,0,0,0,0,0,0,0,0,0,0,0,0,0,0,0,0,0,0,0,0,0,0,0
"1379719",0,0,0,0,0,0,0,0,0,0,0,0,0,0,0,0,0,0,0,0,0,0,0,0
"1379720",0,0,0,0,0,0,0,0,0,0,0,0,0,0,0,0,0,0,0,0,0,0,0,0
"1379725",0,0,0,0,0,0,0,0,0,0,0,0,0,0,0,0,0,0,0,0,0,0,0,0
"1379788",0,0,0,0,0,0,0,0,0,0,0,0,0,0,0,0,0,0,0,0,0,0,0,0
"138073",0,0,0,0,0,0,0,0,0,0,0,0,0,0,0,0,0,0,0,0,0,0,0,0
"1380894",0,0,0,0,0,0,0,0,0,0,0,0,0,0,0,0,0,0,0,0,0,0,0,0
"1381007",0,0,0,0,0,0,0,0,0,0,0,0,0,0,0,0,0,0,0,0,0,0,0,0
"1381464",0,0,0,0,0,0,0,0,0,0,0,0,0,0,0,0,0,0,0,0,0,0,0,0
"1384490",0,0,0,0,0,0,0,0,0,0,0,0,0,0,0,0,0,0,0,0,0,0,0,0
"1385385",0,0,0,0,0,0,0,0,0,0,0,0,0,0,0,0,0,0,0,0,0,0,0,0
"1385658",0,0,0,0,0,0,0,0,0,0,0,0,0,0,0,0,0,0,0,0,0,0,0,0
"1386090",0,0,0,0,0,0,0,0,0,0,0,0,0,0,0,0,0,0,0,0,0,0,0,0
"1387160",0,0,0,0,0,0,0,0,0,0,0,0,0,0,0,0,0,0,0,0,0,0,0,0
"1387301",0,0,0,0,0,0,0,0,0,0,0,0,0,0,0,0,0,0,0,0,0,0,0,0
"1389204",0,0,0,0,0,0,0,0,0,0,0,0,0,0,0,0,0,0,0,0,0,0,0,0
"138948",0,0,0,0,0,0,0,0,0,0,0,0,0,0,0,0,0,0,0,0,0,0,0,0
"138949",0,0,0,0,0,0,0,0,0,0,0,0,0,0,0,0,0,0,0,0,0,0,0,0
"138950",0,0,0,0,0,0,0,0,0,0,0,0,0,0,0,0,0,0,0,0,0,0,0,0
"138982",0,0,0,0,0,0,0,0,0,0,0,0,0,0,0,0,0,0,0,0,0,0,0,0
"1391180",0,0,0,0,0,0,0,0,0,0,0,0,0,0,0,0,0,0,0,0,0,0,0,0
"1391181",0,0,0,0,0,0,0,0,0,0,0,0,0,0,0,0,0,0,0,0,0,0,0,0
"1391431",0,0,0,0,0,0,0,0,0,0,0,0,0,0,0,0,0,0,0,0,0,0,0,0
"1391702",0,0,0,0,0,0,0,0,0,0,0,0,0,0,0,0,0,0,0,0,0,0,0,0
"1392388",0,0,0,0,0,0,0,0,0,0,0,0,0,0,0,0,0,0,0,0,0,0,0,0
"1396815",0,0,0,0,0,0,0,0,0,0,0,0,0,0,0,0,0,0,0,0,0,0,0,0
"140052",0,0,0,0,0,0,0,0,0,0,0,0,0,0,0,0,0,0,0,0,0,0,0,0
"1403390",0,0,0,0,0,0,0,0,0,0,0,0,0,0,0,0,0,0,0,0,0,0,0,0
"1403565",0,0,0,0,0,0,0,0,0,0,0,0,0,0,0,0,0,0,0,0,0,0,0,0
"140410",0,0,0,0,0,0,0,0,0,0,0,0,0,0,0,0,0,0,0,0,0,0,0,0
"1406134",0,0,0,0,0,0,0,0,0,0,0,0,0,0,0,0,0,0,0,0,0,0,0,0
"1406784",0,0,0,0,0,0,0,0,0,0,0,0,0,0,0,0,0,0,0,0,0,0,0,0
"1407638",0,0,0,0,0,0,0,0,0,0,0,0,0,0,0,0,0,0,0,0,0,0,0,0
"1408133",0,0,0,0,0,0,0,0,0,0,0,0,0,0,0,0,0,0,0,0,0,0,0,0
"1408137",0,0,0,0,0,0,0,0,0,0,0,0,0,0,0,0,0,0,0,0,0,0,0,0
"1408894",0,0,0,0,0,0,0,0,0,0,0,0,0,0,0,0,0,0,0,0,0,0,0,0
"1408895",0,0,0,0,0,0,0,0,0,0,0,0,0,0,0,0,0,0,0,0,0,0,0,0
"1409",0,0,0,0,0,0,0,0,0,0,0,0,0,0,0,0,0,0,0,0,0,0,0,0
"1410062",0,0,0,0,0,0,0,0,0,0,0,0,0,0,0,0,0,0,0,0,0,0,0,0
"1411681",0,0,0,0,0,0,0,0,0,0,0,0,0,0,0,0,0,0,0,0,0,0,0,0
"1414644",0,0,0,0,0,0,0,0,0,0,0,0,0,0,0,0,0,0,0,0,0,0,0,0
"1415665",0,0,0,0,0,0,0,0,0,0,0,0,0,0,0,0,0,0,0,0,0,0,0,0
"1416026",0,0,0,0,0,0,0,0,0,0,0,0,0,0,0,0,0,0,0,0,0,0,0,0
"1417304",0,0,0,0,0,0,0,0,0,0,0,0,0,0,0,0,0,0,0,0,0,0,0,0
"1419711",0,0,0,0,0,0,0,0,0,0,0,0,0,0,0,0,0,0,0,0,0,0,0,0
"1420600",0,0,0,0,0,0,0,0,0,0,0,0,0,0,0,0,0,0,0,0,0,0,0,0
"1425362",0,0,0,0,0,0,0,0,0,0,0,0,0,0,0,0,0,0,0,0,0,0,0,0
"1425363",0,0,0,0,0,0,0,0,0,0,0,0,0,0,0,0,0,0,0,0,0,0,0,0
"142577",0,0,0,0,0,0,0,0,0,0,0,0,0,0,0,0,0,0,0,0,0,0,0,0
"1427159",0,0,0,0,0,0,0,0,0,0,0,0,0,0,0,0,0,0,0,0,0,0,0,0
"1427476",0,0,0,0,0,0,0,0,0,0,0,0,0,0,0,0,0,0,0,0,0,0,0,0
"1428189",0,0,0,0,0,0,0,0,0,0,0,0,0,0,0,0,0,0,0,0,0,0,0,0
"142843",0,0,0,0,0,0,0,0,0,0,0,0,0,0,0,0,0,0,0,0,0,0,0,0
"1430411",0,0,0,0,0,0,0,0,0,0,0,0,0,0,0,0,0,0,0,0,0,0,0,0
"1431460",0,0,0,0,0,0,0,0,0,0,0,0,0,0,0,0,0,0,0,0,0,0,0,0
"1432856",0,0,0,0,0,0,0,0,0,0,0,0,0,0,0,0,0,0,0,0,0,0,0,0
"1432857",0,0,0,0,0,0,0,0,0,0,0,0,0,0,0,0,0,0,0,0,0,0,0,0
"1435450",0,0,0,0,0,0,0,0,0,0,0,0,0,0,0,0,0,0,0,0,0,0,0,0
"1435485",0,0,0,0,0,0,0,0,0,0,0,0,0,0,0,0,0,0,0,0,0,0,0,0
"1436892",0,0,0,0,0,0,0,0,0,0,0,0,0,0,0,0,0,0,0,0,0,0,0,0
"1441796",0,0,0,0,0,0,0,0,0,0,0,0,0,0,0,0,0,0,0,0,0,0,0,0
"1441800",0,0,0,0,0,0,0,0,0,0,0,0,0,0,0,0,0,0,0,0,0,0,0,0
"1445557",0,0,0,0,0,0,0,0,0,0,0,0,0,0,0,0,0,0,0,0,0,0,0,0
"1446792",0,0,0,0,0,0,0,0,0,0,0,0,0,0,0,0,0,0,0,0,0,0,0,0
"144752",0,0,0,0,0,0,0,0,0,0,0,0,0,0,0,0,0,0,0,0,0,0,0,0
"1448274",0,0,0,0,0,0,0,0,0,0,0,0,0,0,0,0,0,0,0,0,0,0,0,0
"1448276",0,0,0,0,0,0,0,0,0,0,0,0,0,0,0,0,0,0,0,0,0,0,0,0
"1449896",0,0,0,0,0,0,0,0,0,0,0,0,0,0,0,0,0,0,0,0,0,0,0,0
"1449897",0,0,0,0,0,0,0,0,0,0,0,0,0,0,0,0,0,0,0,0,0,0,0,0
"1454023",0,0,0,0,0,0,0,0,0,0,0,0,0,0,0,0,0,0,0,0,0,0,0,0
"1454024",0,0,0,0,0,0,0,0,0,0,0,0,0,0,0,0,0,0,0,0,0,0,0,0
"1454025",0,0,0,0,0,0,0,0,0,0,0,0,0,0,0,0,0,0,0,0,0,0,0,0
"1454026",0,0,0,0,0,0,0,0,0,0,0,0,0,0,0,0,0,0,0,0,0,0,0,0
"1454027",0,0,0,0,0,0,0,0,0,0,0,0,0,0,0,0,0,0,0,0,0,0,0,0
"1454552",0,0,0,0,0,0,0,0,0,0,0,0,0,0,0,0,0,0,0,0,0,0,0,0
"1455653",0,0,0,0,0,0,0,0,0,0,0,0,0,0,0,0,0,0,0,0,0,0,0,0
"1456752",0,0,0,0,0,0,0,0,0,0,0,0,0,0,0,0,0,0,0,0,0,0,0,0
"1457165",0,0,0,0,0,0,0,0,0,0,0,0,0,0,0,0,0,0,0,0,0,0,0,0
"1457322",0,0,0,0,0,0,0,0,0,0,0,0,0,0,0,0,0,0,0,0,0,0,0,0
"1458186",0,0,0,0,0,0,0,0,0,0,0,0,0,0,0,0,0,0,0,0,0,0,0,0
"1458187",0,0,0,0,0,0,0,0,0,0,0,0,0,0,0,0,0,0,0,0,0,0,0,0
"1458716",0,0,0,0,0,0,0,0,0,0,0,0,0,0,0,0,0,0,0,0,0,0,0,0
"1458852",0,0,0,0,0,0,0,0,0,0,0,0,0,0,0,0,0,0,0,0,0,0,0,0
"1462682",0,0,0,0,0,0,0,0,0,0,0,0,0,0,0,0,0,0,0,0,0,0,0,0
"1462747",0,0,0,0,0,0,0,0,0,0,0,0,0,0,0,0,0,0,0,0,0,0,0,0
"1464127",0,0,0,0,0,0,0,0,0,0,0,0,0,0,0,0,0,0,0,0,0,0,0,0
"1464778",0,0,0,0,0,0,0,0,0,0,0,0,0,0,0,0,0,0,0,0,0,0,0,0
"1464786",0,0,0,0,0,0,0,0,0,0,0,0,0,0,0,0,0,0,0,0,0,0,0,0
"146499",0,0,0,0,0,0,0,0,0,0,0,0,0,0,0,0,0,0,0,0,0,0,0,0
"146500",0,0,0,0,0,0,0,0,0,0,0,0,0,0,0,0,0,0,0,0,0,0,0,0
"1468172",0,0,0,0,0,0,0,0,0,0,0,0,0,0,0,0,0,0,0,0,0,0,0,0
"1468597",0,0,0,0,0,0,0,0,0,0,0,0,0,0,0,0,0,0,0,0,0,0,0,0
"1469905",0,0,0,0,0,0,0,0,0,0,0,0,0,0,0,0,0,0,0,0,0,0,0,0
"1469906",0,0,0,0,0,0,0,0,0,0,0,0,0,0,0,0,0,0,0,0,0,0,0,0
"1469908",0,0,0,0,0,0,0,0,0,0,0,0,0,0,0,0,0,0,0,0,0,0,0,0
"1469956",0,0,0,0,0,0,0,0,0,0,0,0,0,0,0,0,0,0,0,0,0,0,0,0
"1472425",0,0,0,0,0,0,0,0,0,0,0,0,0,0,0,0,0,0,0,0,0,0,0,0
"1472912",0,0,0,0,0,0,0,0,0,0,0,0,0,0,0,0,0,0,0,0,0,0,0,0
"1475062",0,0,0,0,0,0,0,0,0,0,0,0,0,0,0,0,0,0,0,0,0,0,0,0
"1476485",0,0,0,0,0,0,0,0,0,0,0,0,0,0,0,0,0,0,0,0,0,0,0,0
"147711",0,0,0,0,0,0,0,0,0,0,0,0,0,0,0,0,0,0,0,0,0,0,0,0
"1483485",0,0,0,0,0,0,0,0,0,0,0,0,0,0,0,0,0,0,0,0,0,0,0,0
"1483681",0,0,0,0,0,0,0,0,0,0,0,0,0,0,0,0,0,0,0,0,0,0,0,0
"1485012",0,0,0,0,0,0,0,0,0,0,0,0,0,0,0,0,0,0,0,0,0,0,0,0
"1486425",0,0,0,0,0,0,0,0,0,0,0,0,0,0,0,0,0,0,0,0,0,0,0,0
"1486428",0,0,0,0,0,0,0,0,0,0,0,0,0,0,0,0,0,0,0,0,0,0,0,0
"148879",0,0,0,0,0,0,0,0,0,0,0,0,0,0,0,0,0,0,0,0,0,0,0,0
"148880",0,0,0,0,0,0,0,0,0,0,0,0,0,0,0,0,0,0,0,0,0,0,0,0
"1489714",0,0,0,0,0,0,0,0,0,0,0,0,0,0,0,0,0,0,0,0,0,0,0,0
"1490052",0,0,0,0,0,0,0,0,0,0,0,0,0,0,0,0,0,0,0,0,0,0,0,0
"1490227",0,0,0,0,0,0,0,0,0,0,0,0,0,0,0,0,0,0,0,0,0,0,0,0
"1492296",0,0,0,0,0,0,0,0,0,0,0,0,0,0,0,0,0,0,0,0,0,0,0,0
"1493829",0,0,0,0,0,0,0,0,0,0,0,0,0,0,0,0,0,0,0,0,0,0,0,0
"1495316",0,0,0,0,0,0,0,0,0,0,0,0,0,0,0,0,0,0,0,0,0,0,0,0
"1497019",0,0,0,0,0,0,0,0,0,0,0,0,0,0,0,0,0,0,0,0,0,0,0,0
"1497848",0,0,0,0,0,0,0,0,0,0,0,0,0,0,0,0,0,0,0,0,0,0,0,0
"1498504",0,0,0,0,0,0,0,0,0,0,0,0,0,0,0,0,0,0,0,0,0,0,0,0
"1500865",0,0,0,0,0,0,0,0,0,0,0,0,0,0,0,0,0,0,0,0,0,0,0,0
"1500866",0,0,0,0,0,0,0,0,0,0,0,0,0,0,0,0,0,0,0,0,0,0,0,0
"1501716",0,0,0,0,0,0,0,0,0,0,0,0,0,0,0,0,0,0,0,0,0,0,0,0
"1502101",0,0,0,0,0,0,0,0,0,0,0,0,0,0,0,0,0,0,0,0,0,0,0,0
"150284",0,0,0,0,0,0,0,0,0,0,0,0,0,0,0,0,0,0,0,0,0,0,0,0
"150285",0,0,0,0,0,0,0,0,0,0,0,0,0,0,0,0,0,0,0,0,0,0,0,0
"1504569",0,0,0,0,0,0,0,0,0,0,0,0,0,0,0,0,0,0,0,0,0,0,0,0
"1504733",0,0,0,0,0,0,0,0,0,0,0,0,0,0,0,0,0,0,0,0,0,0,0,0
"1504801",0,0,0,0,0,0,0,0,0,0,0,0,0,0,0,0,0,0,0,0,0,0,0,0
"1508224",0,0,0,0,0,0,0,0,0,0,0,0,0,0,0,0,0,0,0,0,0,0,0,0
"151043",0,0,0,0,0,0,0,0,0,0,0,0,0,0,0,0,0,0,0,0,0,0,0,0
"1511761",0,0,0,0,0,0,0,0,0,0,0,0,0,0,0,0,0,0,0,0,0,0,0,0
"1511772",0,0,0,0,0,0,0,0,0,0,0,0,0,0,0,0,0,0,0,0,0,0,0,0
"1511776",0,0,0,0,0,0,0,0,0,0,0,0,0,0,0,0,0,0,0,0,0,0,0,0
"1511779",0,0,0,0,0,0,0,0,0,0,0,0,0,0,0,0,0,0,0,0,0,0,0,0
"1511781",0,0,0,0,0,0,0,0,0,0,0,0,0,0,0,0,0,0,0,0,0,0,0,0
"1511783",0,0,0,0,0,0,0,0,0,0,0,0,0,0,0,0,0,0,0,0,0,0,0,0
"1511805",0,0,0,0,0,0,0,0,0,0,0,0,0,0,0,0,0,0,0,0,0,0,0,0
"1511809",0,0,0,0,0,0,0,0,0,0,0,0,0,0,0,0,0,0,0,0,0,0,0,0
"1511853",0,0,0,0,0,0,0,0,0,0,0,0,0,0,0,0,0,0,0,0,0,0,0,0
"1511895",0,0,0,0,0,0,0,0,0,0,0,0,0,0,0,0,0,0,0,0,0,0,0,0
"1513202",0,0,0,0,0,0,0,0,0,0,0,0,0,0,0,0,0,0,0,0,0,0,0,0
"1513247",0,0,0,0,0,0,0,0,0,0,0,0,0,0,0,0,0,0,0,0,0,0,0,0
"1513248",0,0,0,0,0,0,0,0,0,0,0,0,0,0,0,0,0,0,0,0,0,0,0,0
"1513250",0,0,0,0,0,0,0,0,0,0,0,0,0,0,0,0,0,0,0,0,0,0,0,0
"1513251",0,0,0,0,0,0,0,0,0,0,0,0,0,0,0,0,0,0,0,0,0,0,0,0
"1513254",0,0,0,0,0,0,0,0,0,0,0,0,0,0,0,0,0,0,0,0,0,0,0,0
"1513255",0,0,0,0,0,0,0,0,0,0,0,0,0,0,0,0,0,0,0,0,0,0,0,0
"1513257",0,0,0,0,0,0,0,0,0,0,0,0,0,0,0,0,0,0,0,0,0,0,0,0
"1513258",0,0,0,0,0,0,0,0,0,0,0,0,0,0,0,0,0,0,0,0,0,0,0,0
"1513259",0,0,0,0,0,0,0,0,0,0,0,0,0,0,0,0,0,0,0,0,0,0,0,0
"1513261",0,0,0,0,0,0,0,0,0,0,0,0,0,0,0,0,0,0,0,0,0,0,0,0
"1513262",0,0,0,0,0,0,0,0,0,0,0,0,0,0,0,0,0,0,0,0,0,0,0,0
"1513264",0,0,0,0,0,0,0,0,0,0,0,0,0,0,0,0,0,0,0,0,0,0,0,0
"1513265",0,0,0,0,0,0,0,0,0,0,0,0,0,0,0,0,0,0,0,0,0,0,0,0
"1513268",0,0,0,0,0,0,0,0,0,0,0,0,0,0,0,0,0,0,0,0,0,0,0,0
"1513272",0,0,0,0,0,0,0,0,0,0,0,0,0,0,0,0,0,0,0,0,0,0,0,0
"1513273",0,0,0,0,0,0,0,0,0,0,0,0,0,0,0,0,0,0,0,0,0,0,0,0
"1513275",0,0,0,0,0,0,0,0,0,0,0,0,0,0,0,0,0,0,0,0,0,0,0,0
"1513516",0,0,0,0,0,0,0,0,0,0,0,0,0,0,0,0,0,0,0,0,0,0,0,0
"1513519",0,0,0,0,0,0,0,0,0,0,0,0,0,0,0,0,0,0,0,0,0,0,0,0
"1513520",0,0,0,0,0,0,0,0,0,0,0,0,0,0,0,0,0,0,0,0,0,0,0,0
"1513521",0,0,0,0,0,0,0,0,0,0,0,0,0,0,0,0,0,0,0,0,0,0,0,0
"1513527",0,0,0,0,0,0,0,0,0,0,0,0,0,0,0,0,0,0,0,0,0,0,0,0
"1513528",0,0,0,0,0,0,0,0,0,0,0,0,0,0,0,0,0,0,0,0,0,0,0,0
"1513530",0,0,0,0,0,0,0,0,0,0,0,0,0,0,0,0,0,0,0,0,0,0,0,0
"1513531",0,0,0,0,0,0,0,0,0,0,0,0,0,0,0,0,0,0,0,0,0,0,0,0
"1514665",0,0,0,0,0,0,0,0,0,0,0,0,0,0,0,0,0,0,0,0,0,0,0,0
"151536",0,0,0,0,0,0,0,0,0,0,0,0,0,0,0,0,0,0,0,0,0,0,0,0
"1518574",0,0,0,0,0,0,0,0,0,0,0,0,0,0,0,0,0,0,0,0,0,0,0,0
"1519097",0,0,0,0,0,0,0,0,0,0,0,0,0,0,0,0,0,0,0,0,0,0,0,0
"1519385",0,0,0,0,0,0,0,0,0,0,0,0,0,0,0,0,0,0,0,0,0,0,0,0
"1519387",0,0,0,0,0,0,0,0,0,0,0,0,0,0,0,0,0,0,0,0,0,0,0,0
"1519388",0,0,0,0,0,0,0,0,0,0,0,0,0,0,0,0,0,0,0,0,0,0,0,0
"1519389",0,0,0,0,0,0,0,0,0,0,0,0,0,0,0,0,0,0,0,0,0,0,0,0
"1519391",0,0,0,0,0,0,0,0,0,0,0,0,0,0,0,0,0,0,0,0,0,0,0,0
"1521255",0,0,0,0,0,0,0,0,0,0,0,0,0,0,0,0,0,0,0,0,0,0,0,0
"1521386",0,0,0,0,0,0,0,0,0,0,0,0,0,0,0,0,0,0,0,0,0,0,0,0
"1521387",0,0,0,0,0,0,0,0,0,0,0,0,0,0,0,0,0,0,0,0,0,0,0,0
"1521388",0,0,0,0,0,0,0,0,0,0,0,0,0,0,0,0,0,0,0,0,0,0,0,0
"1521390",0,0,0,0,0,0,0,0,0,0,0,0,0,0,0,0,0,0,0,0,0,0,0,0
"1521392",0,0,0,0,0,0,0,0,0,0,0,0,0,0,0,0,0,0,0,0,0,0,0,0
"152177",0,0,0,0,0,0,0,0,0,0,0,0,0,0,0,0,0,0,0,0,0,0,0,0
"1522059",0,0,0,0,0,0,0,0,0,0,0,0,0,0,0,0,0,0,0,0,0,0,0,0
"152217",0,0,0,0,0,0,0,0,0,0,0,0,0,0,0,0,0,0,0,0,0,0,0,0
"1523858",0,0,0,0,0,0,0,0,0,0,0,0,0,0,0,0,0,0,0,0,0,0,0,0
"1524461",0,0,0,0,0,0,0,0,0,0,0,0,0,0,0,0,0,0,0,0,0,0,0,0
"1524881",0,0,0,0,0,0,0,0,0,0,0,0,0,0,0,0,0,0,0,0,0,0,0,0
"1525173",0,0,0,0,0,0,0,0,0,0,0,0,0,0,0,0,0,0,0,0,0,0,0,0
"1527463",0,0,0,0,0,0,0,0,0,0,0,0,0,0,0,0,0,0,0,0,0,0,0,0
"1530251",0,0,0,0,0,0,0,0,0,0,0,0,0,0,0,0,0,0,0,0,0,0,0,0
"153057",0,0,0,0,0,0,0,0,0,0,0,0,0,0,0,0,0,0,0,0,0,0,0,0
"1532031",0,0,0,0,0,0,0,0,0,0,0,0,0,0,0,0,0,0,0,0,0,0,0,0
"1532528",0,0,0,0,0,0,0,0,0,0,0,0,0,0,0,0,0,0,0,0,0,0,0,0
"1534553",0,0,0,0,0,0,0,0,0,0,0,0,0,0,0,0,0,0,0,0,0,0,0,0
"1536596",0,0,0,0,0,0,0,0,0,0,0,0,0,0,0,0,0,0,0,0,0,0,0,0
"1538101",0,0,0,0,0,0,0,0,0,0,0,0,0,0,0,0,0,0,0,0,0,0,0,0
"1540096",0,0,0,0,0,0,0,0,0,0,0,0,0,0,0,0,0,0,0,0,0,0,0,0
"1540099",0,0,0,0,0,0,0,0,0,0,0,0,0,0,0,0,0,0,0,0,0,0,0,0
"154048",0,0,0,0,0,0,0,0,0,0,0,0,0,0,0,0,0,0,0,0,0,0,0,0
"154122",0,0,0,0,0,0,0,0,0,0,0,0,0,0,0,0,0,0,0,0,0,0,0,0
"1541823",0,0,0,0,0,0,0,0,0,0,0,0,0,0,0,0,0,0,0,0,0,0,0,0
"1542744",0,0,0,0,0,0,0,0,0,0,0,0,0,0,0,0,0,0,0,0,0,0,0,0
"1542745",0,0,0,0,0,0,0,0,0,0,0,0,0,0,0,0,0,0,0,0,0,0,0,0
"1543207",0,0,0,0,0,0,0,0,0,0,0,0,0,0,0,0,0,0,0,0,0,0,0,0
"154339",0,0,0,0,0,0,0,0,0,0,0,0,0,0,0,0,0,0,0,0,0,0,0,0
"1546178",0,0,0,0,0,0,0,0,0,0,0,0,0,0,0,0,0,0,0,0,0,0,0,0
"1547219",0,0,0,0,0,0,0,0,0,0,0,0,0,0,0,0,0,0,0,0,0,0,0,0
"1547577",0,0,0,0,0,0,0,0,0,0,0,0,0,0,0,0,0,0,0,0,0,0,0,0
"1548713",0,0,0,0,0,0,0,0,0,0,0,0,0,0,0,0,0,0,0,0,0,0,0,0
"1548720",0,0,0,0,0,0,0,0,0,0,0,0,0,0,0,0,0,0,0,0,0,0,0,0
"1548722",0,0,0,0,0,0,0,0,0,0,0,0,0,0,0,0,0,0,0,0,0,0,0,0
"1549128",0,0,0,0,0,0,0,0,0,0,0,0,0,0,0,0,0,0,0,0,0,0,0,0
"1552409",0,0,0,0,0,0,0,0,0,0,0,0,0,0,0,0,0,0,0,0,0,0,0,0
"1552662",0,0,0,0,0,0,0,0,0,0,0,0,0,0,0,0,0,0,0,0,0,0,0,0
"155414",0,0,0,0,0,0,0,0,0,0,0,0,0,0,0,0,0,0,0,0,0,0,0,0
"1555208",0,0,0,0,0,0,0,0,0,0,0,0,0,0,0,0,0,0,0,0,0,0,0,0
"1557035",0,0,0,0,0,0,0,0,0,0,0,0,0,0,0,0,0,0,0,0,0,0,0,0
"1561171",0,0,0,0,0,0,0,0,0,0,0,0,0,0,0,0,0,0,0,0,0,0,0,0
"1561172",0,0,0,0,0,0,0,0,0,0,0,0,0,0,0,0,0,0,0,0,0,0,0,0
"1562066",0,0,0,0,0,0,0,0,0,0,0,0,0,0,0,0,0,0,0,0,0,0,0,0
"1564182",0,0,0,0,0,0,0,0,0,0,0,0,0,0,0,0,0,0,0,0,0,0,0,0
"1564903",0,0,0,0,0,0,0,0,0,0,0,0,0,0,0,0,0,0,0,0,0,0,0,0
"1565088",0,0,0,0,0,0,0,0,0,0,0,0,0,0,0,0,0,0,0,0,0,0,0,0
"1566298",0,0,0,0,0,0,0,0,0,0,0,0,0,0,0,0,0,0,0,0,0,0,0,0
"1566869",0,0,0,0,0,0,0,0,0,0,0,0,0,0,0,0,0,0,0,0,0,0,0,0
"156690",0,0,0,0,0,0,0,0,0,0,0,0,0,0,0,0,0,0,0,0,0,0,0,0
"1566990",0,0,0,0,0,0,0,0,0,0,0,0,0,0,0,0,0,0,0,0,0,0,0,0
"1566995",0,0,0,0,0,0,0,0,0,0,0,0,0,0,0,0,0,0,0,0,0,0,0,0
"1567006",0,0,0,0,0,0,0,0,0,0,0,0,0,0,0,0,0,0,0,0,0,0,0,0
"1567404",0,0,0,0,0,0,0,0,0,0,0,0,0,0,0,0,0,0,0,0,0,0,0,0
"1568973",0,0,0,0,0,0,0,0,0,0,0,0,0,0,0,0,0,0,0,0,0,0,0,0
"1568974",0,0,0,0,0,0,0,0,0,0,0,0,0,0,0,0,0,0,0,0,0,0,0,0
"1569052",0,0,0,0,0,0,0,0,0,0,0,0,0,0,0,0,0,0,0,0,0,0,0,0
"157018",0,0,0,0,0,0,0,0,0,0,0,0,0,0,0,0,0,0,0,0,0,0,0,0
"1570330",0,0,0,0,0,0,0,0,0,0,0,0,0,0,0,0,0,0,0,0,0,0,0,0
"1572745",0,0,0,0,0,0,0,0,0,0,0,0,0,0,0,0,0,0,0,0,0,0,0,0
"1573459",0,0,0,0,0,0,0,0,0,0,0,0,0,0,0,0,0,0,0,0,0,0,0,0
"1574287",0,0,0,0,0,0,0,0,0,0,0,0,0,0,0,0,0,0,0,0,0,0,0,0
"1574422",0,0,0,0,0,0,0,0,0,0,0,0,0,0,0,0,0,0,0,0,0,0,0,0
"1576597",0,0,0,0,0,0,0,0,0,0,0,0,0,0,0,0,0,0,0,0,0,0,0,0
"157777",0,0,0,0,0,0,0,0,0,0,0,0,0,0,0,0,0,0,0,0,0,0,0,0
"1577776",0,0,0,0,0,0,0,0,0,0,0,0,0,0,0,0,0,0,0,0,0,0,0,0
"1577997",0,0,0,0,0,0,0,0,0,0,0,0,0,0,0,0,0,0,0,0,0,0,0,0
"1578134",0,0,0,0,0,0,0,0,0,0,0,0,0,0,0,0,0,0,0,0,0,0,0,0
"157837",0,0,0,0,0,0,0,0,0,0,0,0,0,0,0,0,0,0,0,0,0,0,0,0
"1580606",0,0,0,0,0,0,0,0,0,0,0,0,0,0,0,0,0,0,0,0,0,0,0,0
"1580607",0,0,0,0,0,0,0,0,0,0,0,0,0,0,0,0,0,0,0,0,0,0,0,0
"1581151",0,0,0,0,0,0,0,0,0,0,0,0,0,0,0,0,0,0,0,0,0,0,0,0
"1582094",0,0,0,0,0,0,0,0,0,0,0,0,0,0,0,0,0,0,0,0,0,0,0,0
"158463",0,0,0,0,0,0,0,0,0,0,0,0,0,0,0,0,0,0,0,0,0,0,0,0
"1585246",0,0,0,0,0,0,0,0,0,0,0,0,0,0,0,0,0,0,0,0,0,0,0,0
"1585924",0,0,0,0,0,0,0,0,0,0,0,0,0,0,0,0,0,0,0,0,0,0,0,0
"1587907",0,0,0,0,0,0,0,0,0,0,0,0,0,0,0,0,0,0,0,0,0,0,0,0
"1588049",0,0,0,0,0,0,0,0,0,0,0,0,0,0,0,0,0,0,0,0,0,0,0,0
"1589270",0,0,0,0,0,0,0,0,0,0,0,0,0,0,0,0,0,0,0,0,0,0,0,0
"1590154",0,0,0,0,0,0,0,0,0,0,0,0,0,0,0,0,0,0,0,0,0,0,0,0
"1590155",0,0,0,0,0,0,0,0,0,0,0,0,0,0,0,0,0,0,0,0,0,0,0,0
"159132",0,0,0,0,0,0,0,0,0,0,0,0,0,0,0,0,0,0,0,0,0,0,0,0
"1592081",0,0,0,0,0,0,0,0,0,0,0,0,0,0,0,0,0,0,0,0,0,0,0,0
"1592083",0,0,0,0,0,0,0,0,0,0,0,0,0,0,0,0,0,0,0,0,0,0,0,0
"1592084",0,0,0,0,0,0,0,0,0,0,0,0,0,0,0,0,0,0,0,0,0,0,0,0
"1592087",0,0,0,0,0,0,0,0,0,0,0,0,0,0,0,0,0,0,0,0,0,0,0,0
"1592088",0,0,0,0,0,0,0,0,0,0,0,0,0,0,0,0,0,0,0,0,0,0,0,0
"1592090",0,0,0,0,0,0,0,0,0,0,0,0,0,0,0,0,0,0,0,0,0,0,0,0
"1592092",0,0,0,0,0,0,0,0,0,0,0,0,0,0,0,0,0,0,0,0,0,0,0,0
"1592094",0,0,0,0,0,0,0,0,0,0,0,0,0,0,0,0,0,0,0,0,0,0,0,0
"1592095",0,0,0,0,0,0,0,0,0,0,0,0,0,0,0,0,0,0,0,0,0,0,0,0
"1592096",0,0,0,0,0,0,0,0,0,0,0,0,0,0,0,0,0,0,0,0,0,0,0,0
"1592097",0,0,0,0,0,0,0,0,0,0,0,0,0,0,0,0,0,0,0,0,0,0,0,0
"1592098",0,0,0,0,0,0,0,0,0,0,0,0,0,0,0,0,0,0,0,0,0,0,0,0
"1592099",0,0,0,0,0,0,0,0,0,0,0,0,0,0,0,0,0,0,0,0,0,0,0,0
"1592100",0,0,0,0,0,0,0,0,0,0,0,0,0,0,0,0,0,0,0,0,0,0,0,0
"1592101",0,0,0,0,0,0,0,0,0,0,0,0,0,0,0,0,0,0,0,0,0,0,0,0
"1592102",0,0,0,0,0,0,0,0,0,0,0,0,0,0,0,0,0,0,0,0,0,0,0,0
"1592103",0,0,0,0,0,0,0,0,0,0,0,0,0,0,0,0,0,0,0,0,0,0,0,0
"1592104",0,0,0,0,0,0,0,0,0,0,0,0,0,0,0,0,0,0,0,0,0,0,0,0
"1592109",0,0,0,0,0,0,0,0,0,0,0,0,0,0,0,0,0,0,0,0,0,0,0,0
"1592110",0,0,0,0,0,0,0,0,0,0,0,0,0,0,0,0,0,0,0,0,0,0,0,0
"1592113",0,0,0,0,0,0,0,0,0,0,0,0,0,0,0,0,0,0,0,0,0,0,0,0
"1592116",0,0,0,0,0,0,0,0,0,0,0,0,0,0,0,0,0,0,0,0,0,0,0,0
"1592117",0,0,0,0,0,0,0,0,0,0,0,0,0,0,0,0,0,0,0,0,0,0,0,0
"1592118",0,0,0,0,0,0,0,0,0,0,0,0,0,0,0,0,0,0,0,0,0,0,0,0
"1592119",0,0,0,0,0,0,0,0,0,0,0,0,0,0,0,0,0,0,0,0,0,0,0,0
"1592120",0,0,0,0,0,0,0,0,0,0,0,0,0,0,0,0,0,0,0,0,0,0,0,0
"1592124",0,0,0,0,0,0,0,0,0,0,0,0,0,0,0,0,0,0,0,0,0,0,0,0
"1592128",0,0,0,0,0,0,0,0,0,0,0,0,0,0,0,0,0,0,0,0,0,0,0,0
"1592129",0,0,0,0,0,0,0,0,0,0,0,0,0,0,0,0,0,0,0,0,0,0,0,0
"1592207",0,0,0,0,0,0,0,0,0,0,0,0,0,0,0,0,0,0,0,0,0,0,0,0
"1592212",0,0,0,0,0,0,0,0,0,0,0,0,0,0,0,0,0,0,0,0,0,0,0,0
"159252",0,0,0,0,0,0,0,0,0,0,0,0,0,0,0,0,0,0,0,0,0,0,0,0
"1592572",0,0,0,0,0,0,0,0,0,0,0,0,0,0,0,0,0,0,0,0,0,0,0,0
"1592930",0,0,0,0,0,0,0,0,0,0,0,0,0,0,0,0,0,0,0,0,0,0,0,0
"1593424",0,0,0,0,0,0,0,0,0,0,0,0,0,0,0,0,0,0,0,0,0,0,0,0
"160057",0,0,0,0,0,0,0,0,0,0,0,0,0,0,0,0,0,0,0,0,0,0,0,0
"1602124",0,0,0,0,0,0,0,0,0,0,0,0,0,0,0,0,0,0,0,0,0,0,0,0
"160358",0,0,0,0,0,0,0,0,0,0,0,0,0,0,0,0,0,0,0,0,0,0,0,0
"160484",0,0,0,0,0,0,0,0,0,0,0,0,0,0,0,0,0,0,0,0,0,0,0,0
"1606497",0,0,0,0,0,0,0,0,0,0,0,0,0,0,0,0,0,0,0,0,0,0,0,0
"1606498",0,0,0,0,0,0,0,0,0,0,0,0,0,0,0,0,0,0,0,0,0,0,0,0
"1606499",0,0,0,0,0,0,0,0,0,0,0,0,0,0,0,0,0,0,0,0,0,0,0,0
"1606502",0,0,0,0,0,0,0,0,0,0,0,0,0,0,0,0,0,0,0,0,0,0,0,0
"1606504",0,0,0,0,0,0,0,0,0,0,0,0,0,0,0,0,0,0,0,0,0,0,0,0
"1608048",0,0,0,0,0,0,0,0,0,0,0,0,0,0,0,0,0,0,0,0,0,0,0,0
"1608064",0,0,0,0,0,0,0,0,0,0,0,0,0,0,0,0,0,0,0,0,0,0,0,0
"1608072",0,0,0,0,0,0,0,0,0,0,0,0,0,0,0,0,0,0,0,0,0,0,0,0
"1608085",0,0,0,0,0,0,0,0,0,0,0,0,0,0,0,0,0,0,0,0,0,0,0,0
"1608087",0,0,0,0,0,0,0,0,0,0,0,0,0,0,0,0,0,0,0,0,0,0,0,0
"1608089",0,0,0,0,0,0,0,0,0,0,0,0,0,0,0,0,0,0,0,0,0,0,0,0
"1608090",0,0,0,0,0,0,0,0,0,0,0,0,0,0,0,0,0,0,0,0,0,0,0,0
"1608100",0,0,0,0,0,0,0,0,0,0,0,0,0,0,0,0,0,0,0,0,0,0,0,0
"1608112",0,0,0,0,0,0,0,0,0,0,0,0,0,0,0,0,0,0,0,0,0,0,0,0
"1608134",0,0,0,0,0,0,0,0,0,0,0,0,0,0,0,0,0,0,0,0,0,0,0,0
"160842",0,0,0,0,0,0,0,0,0,0,0,0,0,0,0,0,0,0,0,0,0,0,0,0
"160843",0,0,0,0,0,0,0,0,0,0,0,0,0,0,0,0,0,0,0,0,0,0,0,0
"160844",0,0,0,0,0,0,0,0,0,0,0,0,0,0,0,0,0,0,0,0,0,0,0,0
"1608440",0,0,0,0,0,0,0,0,0,0,0,0,0,0,0,0,0,0,0,0,0,0,0,0
"1608533",0,0,0,0,0,0,0,0,0,0,0,0,0,0,0,0,0,0,0,0,0,0,0,0
"1609634",0,0,0,0,0,0,0,0,0,0,0,0,0,0,0,0,0,0,0,0,0,0,0,0
"1611836",0,0,0,0,0,0,0,0,0,0,0,0,0,0,0,0,0,0,0,0,0,0,0,0
"1611875",0,0,0,0,0,0,0,0,0,0,0,0,0,0,0,0,0,0,0,0,0,0,0,0
"161378",0,0,0,0,0,0,0,0,0,0,0,0,0,0,0,0,0,0,0,0,0,0,0,0
"1615583",0,0,0,0,0,0,0,0,0,0,0,0,0,0,0,0,0,0,0,0,0,0,0,0
"161675",0,0,0,0,0,0,0,0,0,0,0,0,0,0,0,0,0,0,0,0,0,0,0,0
"1618232",0,0,0,0,0,0,0,0,0,0,0,0,0,0,0,0,0,0,0,0,0,0,0,0
"1618233",0,0,0,0,0,0,0,0,0,0,0,0,0,0,0,0,0,0,0,0,0,0,0,0
"1618234",0,0,0,0,0,0,0,0,0,0,0,0,0,0,0,0,0,0,0,0,0,0,0,0
"1618235",0,0,0,0,0,0,0,0,0,0,0,0,0,0,0,0,0,0,0,0,0,0,0,0
"1618236",0,0,0,0,0,0,0,0,0,0,0,0,0,0,0,0,0,0,0,0,0,0,0,0
"1618237",0,0,0,0,0,0,0,0,0,0,0,0,0,0,0,0,0,0,0,0,0,0,0,0
"1618238",0,0,0,0,0,0,0,0,0,0,0,0,0,0,0,0,0,0,0,0,0,0,0,0
"1618239",0,0,0,0,0,0,0,0,0,0,0,0,0,0,0,0,0,0,0,0,0,0,0,0
"1618243",0,0,0,0,0,0,0,0,0,0,0,0,0,0,0,0,0,0,0,0,0,0,0,0
"1618245",0,0,0,0,0,0,0,0,0,0,0,0,0,0,0,0,0,0,0,0,0,0,0,0
"1618247",0,0,0,0,0,0,0,0,0,0,0,0,0,0,0,0,0,0,0,0,0,0,0,0
"1618248",0,0,0,0,0,0,0,0,0,0,0,0,0,0,0,0,0,0,0,0,0,0,0,0
"1618249",0,0,0,0,0,0,0,0,0,0,0,0,0,0,0,0,0,0,0,0,0,0,0,0
"1618250",0,0,0,0,0,0,0,0,0,0,0,0,0,0,0,0,0,0,0,0,0,0,0,0
"1618255",0,0,0,0,0,0,0,0,0,0,0,0,0,0,0,0,0,0,0,0,0,0,0,0
"1618256",0,0,0,0,0,0,0,0,0,0,0,0,0,0,0,0,0,0,0,0,0,0,0,0
"1618257",0,0,0,0,0,0,0,0,0,0,0,0,0,0,0,0,0,0,0,0,0,0,0,0
"1618259",0,0,0,0,0,0,0,0,0,0,0,0,0,0,0,0,0,0,0,0,0,0,0,0
"1618260",0,0,0,0,0,0,0,0,0,0,0,0,0,0,0,0,0,0,0,0,0,0,0,0
"162171",0,0,0,0,0,0,0,0,0,0,0,0,0,0,0,0,0,0,0,0,0,0,0,0
"1622024",0,0,0,0,0,0,0,0,0,0,0,0,0,0,0,0,0,0,0,0,0,0,0,0
"1623276",0,0,0,0,0,0,0,0,0,0,0,0,0,0,0,0,0,0,0,0,0,0,0,0
"1623287",0,0,0,0,0,0,0,0,0,0,0,0,0,0,0,0,0,0,0,0,0,0,0,0
"1623299",0,0,0,0,0,0,0,0,0,0,0,0,0,0,0,0,0,0,0,0,0,0,0,0
"1623300",0,0,0,0,0,0,0,0,0,0,0,0,0,0,0,0,0,0,0,0,0,0,0,0
"1623302",0,0,0,0,0,0,0,0,0,0,0,0,0,0,0,0,0,0,0,0,0,0,0,0
"1623309",0,0,0,0,0,0,0,0,0,0,0,0,0,0,0,0,0,0,0,0,0,0,0,0
"1623686",0,0,0,0,0,0,0,0,0,0,0,0,0,0,0,0,0,0,0,0,0,0,0,0
"1628753",0,0,0,0,0,0,0,0,0,0,0,0,0,0,0,0,0,0,0,0,0,0,0,0
"1629671",0,0,0,0,0,0,0,0,0,0,0,0,0,0,0,0,0,0,0,0,0,0,0,0
"1631303",0,0,0,0,0,0,0,0,0,0,0,0,0,0,0,0,0,0,0,0,0,0,0,0
"163164",0,0,0,0,0,0,0,0,0,0,0,0,0,0,0,0,0,0,0,0,0,0,0,0
"1634381",0,0,0,0,0,0,0,0,0,0,0,0,0,0,0,0,0,0,0,0,0,0,0,0
"1634476",0,0,0,0,0,0,0,0,0,0,0,0,0,0,0,0,0,0,0,0,0,0,0,0
"1637492",0,0,0,0,0,0,0,0,0,0,0,0,0,0,0,0,0,0,0,0,0,0,0,0
"1637747",0,0,0,0,0,0,0,0,0,0,0,0,0,0,0,0,0,0,0,0,0,0,0,0
"1638164",0,0,0,0,0,0,0,0,0,0,0,0,0,0,0,0,0,0,0,0,0,0,0,0
"1640277",0,0,0,0,0,0,0,0,0,0,0,0,0,0,0,0,0,0,0,0,0,0,0,0
"1640969",0,0,0,0,0,0,0,0,0,0,0,0,0,0,0,0,0,0,0,0,0,0,0,0
"1642588",0,0,0,0,0,0,0,0,0,0,0,0,0,0,0,0,0,0,0,0,0,0,0,0
"1647414",0,0,0,0,0,0,0,0,0,0,0,0,0,0,0,0,0,0,0,0,0,0,0,0
"1647458",0,0,0,0,0,0,0,0,0,0,0,0,0,0,0,0,0,0,0,0,0,0,0,0
"1647805",0,0,0,0,0,0,0,0,0,0,0,0,0,0,0,0,0,0,0,0,0,0,0,0
"1647924",0,0,0,0,0,0,0,0,0,0,0,0,0,0,0,0,0,0,0,0,0,0,0,0
"1648481",0,0,0,0,0,0,0,0,0,0,0,0,0,0,0,0,0,0,0,0,0,0,0,0
"1648482",0,0,0,0,0,0,0,0,0,0,0,0,0,0,0,0,0,0,0,0,0,0,0,0
"1648483",0,0,0,0,0,0,0,0,0,0,0,0,0,0,0,0,0,0,0,0,0,0,0,0
"165215",0,0,0,0,0,0,0,0,0,0,0,0,0,0,0,0,0,0,0,0,0,0,0,0
"1653395",0,0,0,0,0,0,0,0,0,0,0,0,0,0,0,0,0,0,0,0,0,0,0,0
"1654339",0,0,0,0,0,0,0,0,0,0,0,0,0,0,0,0,0,0,0,0,0,0,0,0
"1654355",0,0,0,0,0,0,0,0,0,0,0,0,0,0,0,0,0,0,0,0,0,0,0,0
"1654356",0,0,0,0,0,0,0,0,0,0,0,0,0,0,0,0,0,0,0,0,0,0,0,0
"1654357",0,0,0,0,0,0,0,0,0,0,0,0,0,0,0,0,0,0,0,0,0,0,0,0
"1654740",0,0,0,0,0,0,0,0,0,0,0,0,0,0,0,0,0,0,0,0,0,0,0,0
"1654780",0,0,0,0,0,0,0,0,0,0,0,0,0,0,0,0,0,0,0,0,0,0,0,0
"1654781",0,0,0,0,0,0,0,0,0,0,0,0,0,0,0,0,0,0,0,0,0,0,0,0
"1655644",0,0,0,0,0,0,0,0,0,0,0,0,0,0,0,0,0,0,0,0,0,0,0,0
"1655645",0,0,0,0,0,0,0,0,0,0,0,0,0,0,0,0,0,0,0,0,0,0,0,0
"1655646",0,0,0,0,0,0,0,0,0,0,0,0,0,0,0,0,0,0,0,0,0,0,0,0
"1655647",0,0,0,0,0,0,0,0,0,0,0,0,0,0,0,0,0,0,0,0,0,0,0,0
"1655648",0,0,0,0,0,0,0,0,0,0,0,0,0,0,0,0,0,0,0,0,0,0,0,0
"1655649",0,0,0,0,0,0,0,0,0,0,0,0,0,0,0,0,0,0,0,0,0,0,0,0
"1655650",0,0,0,0,0,0,0,0,0,0,0,0,0,0,0,0,0,0,0,0,0,0,0,0
"1655651",0,0,0,0,0,0,0,0,0,0,0,0,0,0,0,0,0,0,0,0,0,0,0,0
"1655654",0,0,0,0,0,0,0,0,0,0,0,0,0,0,0,0,0,0,0,0,0,0,0,0
"1655657",0,0,0,0,0,0,0,0,0,0,0,0,0,0,0,0,0,0,0,0,0,0,0,0
"1655658",0,0,0,0,0,0,0,0,0,0,0,0,0,0,0,0,0,0,0,0,0,0,0,0
"1655659",0,0,0,0,0,0,0,0,0,0,0,0,0,0,0,0,0,0,0,0,0,0,0,0
"1655660",0,0,0,0,0,0,0,0,0,0,0,0,0,0,0,0,0,0,0,0,0,0,0,0
"1655661",0,0,0,0,0,0,0,0,0,0,0,0,0,0,0,0,0,0,0,0,0,0,0,0
"165826",0,0,0,0,0,0,0,0,0,0,0,0,0,0,0,0,0,0,0,0,0,0,0,0
"1661392",0,0,0,0,0,0,0,0,0,0,0,0,0,0,0,0,0,0,0,0,0,0,0,0
"1661396",0,0,0,0,0,0,0,0,0,0,0,0,0,0,0,0,0,0,0,0,0,0,0,0
"1662272",0,0,0,0,0,0,0,0,0,0,0,0,0,0,0,0,0,0,0,0,0,0,0,0
"1662286",0,0,0,0,0,0,0,0,0,0,0,0,0,0,0,0,0,0,0,0,0,0,0,0
"1663127",0,0,0,0,0,0,0,0,0,0,0,0,0,0,0,0,0,0,0,0,0,0,0,0
"1667230",0,0,0,0,0,0,0,0,0,0,0,0,0,0,0,0,0,0,0,0,0,0,0,0
"1667322",0,0,0,0,0,0,0,0,0,0,0,0,0,0,0,0,0,0,0,0,0,0,0,0
"1670975",0,0,0,0,0,0,0,0,0,0,0,0,0,0,0,0,0,0,0,0,0,0,0,0
"167129",0,0,0,0,0,0,0,0,0,0,0,0,0,0,0,0,0,0,0,0,0,0,0,0
"1671382",0,0,0,0,0,0,0,0,0,0,0,0,0,0,0,0,0,0,0,0,0,0,0,0
"1673646",0,0,0,0,0,0,0,0,0,0,0,0,0,0,0,0,0,0,0,0,0,0,0,0
"167474",0,0,0,0,0,0,0,0,0,0,0,0,0,0,0,0,0,0,0,0,0,0,0,0
"1675028",0,0,0,0,0,0,0,0,0,0,0,0,0,0,0,0,0,0,0,0,0,0,0,0
"1675317",0,0,0,0,0,0,0,0,0,0,0,0,0,0,0,0,0,0,0,0,0,0,0,0
"1675864",0,0,0,0,0,0,0,0,0,0,0,0,0,0,0,0,0,0,0,0,0,0,0,0
"1676181",0,0,0,0,0,0,0,0,0,0,0,0,0,0,0,0,0,0,0,0,0,0,0,0
"1676182",0,0,0,0,0,0,0,0,0,0,0,0,0,0,0,0,0,0,0,0,0,0,0,0
"1676183",0,0,0,0,0,0,0,0,0,0,0,0,0,0,0,0,0,0,0,0,0,0,0,0
"1676185",0,0,0,0,0,0,0,0,0,0,0,0,0,0,0,0,0,0,0,0,0,0,0,0
"1676267",0,0,0,0,0,0,0,0,0,0,0,0,0,0,0,0,0,0,0,0,0,0,0,0
"1678147",0,0,0,0,0,0,0,0,0,0,0,0,0,0,0,0,0,0,0,0,0,0,0,0
"1678160",0,0,0,0,0,0,0,0,0,0,0,0,0,0,0,0,0,0,0,0,0,0,0,0
"1678164",0,0,0,0,0,0,0,0,0,0,0,0,0,0,0,0,0,0,0,0,0,0,0,0
"1678166",0,0,0,0,0,0,0,0,0,0,0,0,0,0,0,0,0,0,0,0,0,0,0,0
"1678167",0,0,0,0,0,0,0,0,0,0,0,0,0,0,0,0,0,0,0,0,0,0,0,0
"1678168",0,0,0,0,0,0,0,0,0,0,0,0,0,0,0,0,0,0,0,0,0,0,0,0
"1678170",0,0,0,0,0,0,0,0,0,0,0,0,0,0,0,0,0,0,0,0,0,0,0,0
"1678171",0,0,0,0,0,0,0,0,0,0,0,0,0,0,0,0,0,0,0,0,0,0,0,0
"1678176",0,0,0,0,0,0,0,0,0,0,0,0,0,0,0,0,0,0,0,0,0,0,0,0
"1678177",0,0,0,0,0,0,0,0,0,0,0,0,0,0,0,0,0,0,0,0,0,0,0,0
"1678178",0,0,0,0,0,0,0,0,0,0,0,0,0,0,0,0,0,0,0,0,0,0,0,0
"1678180",0,0,0,0,0,0,0,0,0,0,0,0,0,0,0,0,0,0,0,0,0,0,0,0
"1678208",0,0,0,0,0,0,0,0,0,0,0,0,0,0,0,0,0,0,0,0,0,0,0,0
"1678905",0,0,0,0,0,0,0,0,0,0,0,0,0,0,0,0,0,0,0,0,0,0,0,0
"1678906",0,0,0,0,0,0,0,0,0,0,0,0,0,0,0,0,0,0,0,0,0,0,0,0
"1679239",0,0,0,0,0,0,0,0,0,0,0,0,0,0,0,0,0,0,0,0,0,0,0,0
"167955",0,0,0,0,0,0,0,0,0,0,0,0,0,0,0,0,0,0,0,0,0,0,0,0
"167968",0,0,0,0,0,0,0,0,0,0,0,0,0,0,0,0,0,0,0,0,0,0,0,0
"168135",0,0,0,0,0,0,0,0,0,0,0,0,0,0,0,0,0,0,0,0,0,0,0,0
"1682186",0,0,0,0,0,0,0,0,0,0,0,0,0,0,0,0,0,0,0,0,0,0,0,0
"1682187",0,0,0,0,0,0,0,0,0,0,0,0,0,0,0,0,0,0,0,0,0,0,0,0
"1685109",0,0,0,0,0,0,0,0,0,0,0,0,0,0,0,0,0,0,0,0,0,0,0,0
"1685724",0,0,0,0,0,0,0,0,0,0,0,0,0,0,0,0,0,0,0,0,0,0,0,0
"1685727",0,0,0,0,0,0,0,0,0,0,0,0,0,0,0,0,0,0,0,0,0,0,0,0
"1685732",0,0,0,0,0,0,0,0,0,0,0,0,0,0,0,0,0,0,0,0,0,0,0,0
"1685733",0,0,0,0,0,0,0,0,0,0,0,0,0,0,0,0,0,0,0,0,0,0,0,0
"1685734",0,0,0,0,0,0,0,0,0,0,0,0,0,0,0,0,0,0,0,0,0,0,0,0
"1685735",0,0,0,0,0,0,0,0,0,0,0,0,0,0,0,0,0,0,0,0,0,0,0,0
"1685740",0,0,0,0,0,0,0,0,0,0,0,0,0,0,0,0,0,0,0,0,0,0,0,0
"1685741",0,0,0,0,0,0,0,0,0,0,0,0,0,0,0,0,0,0,0,0,0,0,0,0
"1685744",0,0,0,0,0,0,0,0,0,0,0,0,0,0,0,0,0,0,0,0,0,0,0,0
"1685745",0,0,0,0,0,0,0,0,0,0,0,0,0,0,0,0,0,0,0,0,0,0,0,0
"1685748",0,0,0,0,0,0,0,0,0,0,0,0,0,0,0,0,0,0,0,0,0,0,0,0
"1685749",0,0,0,0,0,0,0,0,0,0,0,0,0,0,0,0,0,0,0,0,0,0,0,0
"1685750",0,0,0,0,0,0,0,0,0,0,0,0,0,0,0,0,0,0,0,0,0,0,0,0
"1685753",0,0,0,0,0,0,0,0,0,0,0,0,0,0,0,0,0,0,0,0,0,0,0,0
"1685754",0,0,0,0,0,0,0,0,0,0,0,0,0,0,0,0,0,0,0,0,0,0,0,0
"1685755",0,0,0,0,0,0,0,0,0,0,0,0,0,0,0,0,0,0,0,0,0,0,0,0
"1685756",0,0,0,0,0,0,0,0,0,0,0,0,0,0,0,0,0,0,0,0,0,0,0,0
"1685757",0,0,0,0,0,0,0,0,0,0,0,0,0,0,0,0,0,0,0,0,0,0,0,0
"1685758",0,0,0,0,0,0,0,0,0,0,0,0,0,0,0,0,0,0,0,0,0,0,0,0
"1685759",0,0,0,0,0,0,0,0,0,0,0,0,0,0,0,0,0,0,0,0,0,0,0,0
"1685761",0,0,0,0,0,0,0,0,0,0,0,0,0,0,0,0,0,0,0,0,0,0,0,0
"1685763",0,0,0,0,0,0,0,0,0,0,0,0,0,0,0,0,0,0,0,0,0,0,0,0
"1685764",0,0,0,0,0,0,0,0,0,0,0,0,0,0,0,0,0,0,0,0,0,0,0,0
"1685765",0,0,0,0,0,0,0,0,0,0,0,0,0,0,0,0,0,0,0,0,0,0,0,0
"1685767",0,0,0,0,0,0,0,0,0,0,0,0,0,0,0,0,0,0,0,0,0,0,0,0
"1685768",0,0,0,0,0,0,0,0,0,0,0,0,0,0,0,0,0,0,0,0,0,0,0,0
"1685769",0,0,0,0,0,0,0,0,0,0,0,0,0,0,0,0,0,0,0,0,0,0,0,0
"1685770",0,0,0,0,0,0,0,0,0,0,0,0,0,0,0,0,0,0,0,0,0,0,0,0
"1685771",0,0,0,0,0,0,0,0,0,0,0,0,0,0,0,0,0,0,0,0,0,0,0,0
"1685772",0,0,0,0,0,0,0,0,0,0,0,0,0,0,0,0,0,0,0,0,0,0,0,0
"1685775",0,0,0,0,0,0,0,0,0,0,0,0,0,0,0,0,0,0,0,0,0,0,0,0
"1685776",0,0,0,0,0,0,0,0,0,0,0,0,0,0,0,0,0,0,0,0,0,0,0,0
"1685777",0,0,0,0,0,0,0,0,0,0,0,0,0,0,0,0,0,0,0,0,0,0,0,0
"1685779",0,0,0,0,0,0,0,0,0,0,0,0,0,0,0,0,0,0,0,0,0,0,0,0
"1685780",0,0,0,0,0,0,0,0,0,0,0,0,0,0,0,0,0,0,0,0,0,0,0,0
"1685781",0,0,0,0,0,0,0,0,0,0,0,0,0,0,0,0,0,0,0,0,0,0,0,0
"1685783",0,0,0,0,0,0,0,0,0,0,0,0,0,0,0,0,0,0,0,0,0,0,0,0
"1685784",0,0,0,0,0,0,0,0,0,0,0,0,0,0,0,0,0,0,0,0,0,0,0,0
"1685786",0,0,0,0,0,0,0,0,0,0,0,0,0,0,0,0,0,0,0,0,0,0,0,0
"1685953",0,0,0,0,0,0,0,0,0,0,0,0,0,0,0,0,0,0,0,0,0,0,0,0
"1688637",0,0,0,0,0,0,0,0,0,0,0,0,0,0,0,0,0,0,0,0,0,0,0,0
"1690805",0,0,0,0,0,0,0,0,0,0,0,0,0,0,0,0,0,0,0,0,0,0,0,0
"1691889",0,0,0,0,0,0,0,0,0,0,0,0,0,0,0,0,0,0,0,0,0,0,0,0
"1692045",0,0,0,0,0,0,0,0,0,0,0,0,0,0,0,0,0,0,0,0,0,0,0,0
"1692243",0,0,0,0,0,0,0,0,0,0,0,0,0,0,0,0,0,0,0,0,0,0,0,0
"1692244",0,0,0,0,0,0,0,0,0,0,0,0,0,0,0,0,0,0,0,0,0,0,0,0
"1692246",0,0,0,0,0,0,0,0,0,0,0,0,0,0,0,0,0,0,0,0,0,0,0,0
"1692247",0,0,0,0,0,0,0,0,0,0,0,0,0,0,0,0,0,0,0,0,0,0,0,0
"1692248",0,0,0,0,0,0,0,0,0,0,0,0,0,0,0,0,0,0,0,0,0,0,0,0
"1692252",0,0,0,0,0,0,0,0,0,0,0,0,0,0,0,0,0,0,0,0,0,0,0,0
"1692253",0,0,0,0,0,0,0,0,0,0,0,0,0,0,0,0,0,0,0,0,0,0,0,0
"1692254",0,0,0,0,0,0,0,0,0,0,0,0,0,0,0,0,0,0,0,0,0,0,0,0
"1692255",0,0,0,0,0,0,0,0,0,0,0,0,0,0,0,0,0,0,0,0,0,0,0,0
"1692257",0,0,0,0,0,0,0,0,0,0,0,0,0,0,0,0,0,0,0,0,0,0,0,0
"1692258",0,0,0,0,0,0,0,0,0,0,0,0,0,0,0,0,0,0,0,0,0,0,0,0
"1692259",0,0,0,0,0,0,0,0,0,0,0,0,0,0,0,0,0,0,0,0,0,0,0,0
"1692260",0,0,0,0,0,0,0,0,0,0,0,0,0,0,0,0,0,0,0,0,0,0,0,0
"1692261",0,0,0,0,0,0,0,0,0,0,0,0,0,0,0,0,0,0,0,0,0,0,0,0
"1692262",0,0,0,0,0,0,0,0,0,0,0,0,0,0,0,0,0,0,0,0,0,0,0,0
"1692263",0,0,0,0,0,0,0,0,0,0,0,0,0,0,0,0,0,0,0,0,0,0,0,0
"169683",0,0,0,0,0,0,0,0,0,0,0,0,0,0,0,0,0,0,0,0,0,0,0,0
"1698709",0,0,0,0,0,0,0,0,0,0,0,0,0,0,0,0,0,0,0,0,0,0,0,0
"1698714",0,0,0,0,0,0,0,0,0,0,0,0,0,0,0,0,0,0,0,0,0,0,0,0
"1701405",0,0,0,0,0,0,0,0,0,0,0,0,0,0,0,0,0,0,0,0,0,0,0,0
"1701549",0,0,0,0,0,0,0,0,0,0,0,0,0,0,0,0,0,0,0,0,0,0,0,0
"1701814",0,0,0,0,0,0,0,0,0,0,0,0,0,0,0,0,0,0,0,0,0,0,0,0
"1701824",0,0,0,0,0,0,0,0,0,0,0,0,0,0,0,0,0,0,0,0,0,0,0,0
"1701826",0,0,0,0,0,0,0,0,0,0,0,0,0,0,0,0,0,0,0,0,0,0,0,0
"1701828",0,0,0,0,0,0,0,0,0,0,0,0,0,0,0,0,0,0,0,0,0,0,0,0
"1701837",0,0,0,0,0,0,0,0,0,0,0,0,0,0,0,0,0,0,0,0,0,0,0,0
"1701850",0,0,0,0,0,0,0,0,0,0,0,0,0,0,0,0,0,0,0,0,0,0,0,0
"1702121",0,0,0,0,0,0,0,0,0,0,0,0,0,0,0,0,0,0,0,0,0,0,0,0
"1703962",0,0,0,0,0,0,0,0,0,0,0,0,0,0,0,0,0,0,0,0,0,0,0,0
"1705092",0,0,0,0,0,0,0,0,0,0,0,0,0,0,0,0,0,0,0,0,0,0,0,0
"1705393",0,0,0,0,0,0,0,0,0,0,0,0,0,0,0,0,0,0,0,0,0,0,0,0
"1708574",0,0,0,0,0,0,0,0,0,0,0,0,0,0,0,0,0,0,0,0,0,0,0,0
"1708654",0,0,0,0,0,0,0,0,0,0,0,0,0,0,0,0,0,0,0,0,0,0,0,0
"170965",0,0,0,0,0,0,0,0,0,0,0,0,0,0,0,0,0,0,0,0,0,0,0,0
"1711684",0,0,0,0,0,0,0,0,0,0,0,0,0,0,0,0,0,0,0,0,0,0,0,0
"1712387",0,0,0,0,0,0,0,0,0,0,0,0,0,0,0,0,0,0,0,0,0,0,0,0
"1712389",0,0,0,0,0,0,0,0,0,0,0,0,0,0,0,0,0,0,0,0,0,0,0,0
"1714362",0,0,0,0,0,0,0,0,0,0,0,0,0,0,0,0,0,0,0,0,0,0,0,0
"1714364",0,0,0,0,0,0,0,0,0,0,0,0,0,0,0,0,0,0,0,0,0,0,0,0
"1714367",0,0,0,0,0,0,0,0,0,0,0,0,0,0,0,0,0,0,0,0,0,0,0,0
"1714368",0,0,0,0,0,0,0,0,0,0,0,0,0,0,0,0,0,0,0,0,0,0,0,0
"1714370",0,0,0,0,0,0,0,0,0,0,0,0,0,0,0,0,0,0,0,0,0,0,0,0
"1714619",0,0,0,0,0,0,0,0,0,0,0,0,0,0,0,0,0,0,0,0,0,0,0,0
"1716041",0,0,0,0,0,0,0,0,0,0,0,0,0,0,0,0,0,0,0,0,0,0,0,0
"1716042",0,0,0,0,0,0,0,0,0,0,0,0,0,0,0,0,0,0,0,0,0,0,0,0
"1718158",0,0,0,0,0,0,0,0,0,0,0,0,0,0,0,0,0,0,0,0,0,0,0,0
"1720493",0,0,0,0,0,0,0,0,0,0,0,0,0,0,0,0,0,0,0,0,0,0,0,0
"1720498",0,0,0,0,0,0,0,0,0,0,0,0,0,0,0,0,0,0,0,0,0,0,0,0
"1721090",0,0,0,0,0,0,0,0,0,0,0,0,0,0,0,0,0,0,0,0,0,0,0,0
"172278",0,0,0,0,0,0,0,0,0,0,0,0,0,0,0,0,0,0,0,0,0,0,0,0
"172391",0,0,0,0,0,0,0,0,0,0,0,0,0,0,0,0,0,0,0,0,0,0,0,0
"172394",0,0,0,0,0,0,0,0,0,0,0,0,0,0,0,0,0,0,0,0,0,0,0,0
"1732064",0,0,0,0,0,0,0,0,0,0,0,0,0,0,0,0,0,0,0,0,0,0,0,0
"1732179",0,0,0,0,0,0,0,0,0,0,0,0,0,0,0,0,0,0,0,0,0,0,0,0
"173443",0,0,0,0,0,0,0,0,0,0,0,0,0,0,0,0,0,0,0,0,0,0,0,0
"1737424",0,0,0,0,0,0,0,0,0,0,0,0,0,0,0,0,0,0,0,0,0,0,0,0
"1737555",0,0,0,0,0,0,0,0,0,0,0,0,0,0,0,0,0,0,0,0,0,0,0,0
"1738045",0,0,0,0,0,0,0,0,0,0,0,0,0,0,0,0,0,0,0,0,0,0,0,0
"1742594",0,0,0,0,0,0,0,0,0,0,0,0,0,0,0,0,0,0,0,0,0,0,0,0
"1742595",0,0,0,0,0,0,0,0,0,0,0,0,0,0,0,0,0,0,0,0,0,0,0,0
"1742596",0,0,0,0,0,0,0,0,0,0,0,0,0,0,0,0,0,0,0,0,0,0,0,0
"1746057",0,0,0,0,0,0,0,0,0,0,0,0,0,0,0,0,0,0,0,0,0,0,0,0
"1746059",0,0,0,0,0,0,0,0,0,0,0,0,0,0,0,0,0,0,0,0,0,0,0,0
"1746060",0,0,0,0,0,0,0,0,0,0,0,0,0,0,0,0,0,0,0,0,0,0,0,0
"1746061",0,0,0,0,0,0,0,0,0,0,0,0,0,0,0,0,0,0,0,0,0,0,0,0
"1746063",0,0,0,0,0,0,0,0,0,0,0,0,0,0,0,0,0,0,0,0,0,0,0,0
"1746065",0,0,0,0,0,0,0,0,0,0,0,0,0,0,0,0,0,0,0,0,0,0,0,0
"1746066",0,0,0,0,0,0,0,0,0,0,0,0,0,0,0,0,0,0,0,0,0,0,0,0
"1746067",0,0,0,0,0,0,0,0,0,0,0,0,0,0,0,0,0,0,0,0,0,0,0,0
"1746069",0,0,0,0,0,0,0,0,0,0,0,0,0,0,0,0,0,0,0,0,0,0,0,0
"1746070",0,0,0,0,0,0,0,0,0,0,0,0,0,0,0,0,0,0,0,0,0,0,0,0
"1746071",0,0,0,0,0,0,0,0,0,0,0,0,0,0,0,0,0,0,0,0,0,0,0,0
"1746074",0,0,0,0,0,0,0,0,0,0,0,0,0,0,0,0,0,0,0,0,0,0,0,0
"1747271",0,0,0,0,0,0,0,0,0,0,0,0,0,0,0,0,0,0,0,0,0,0,0,0
"1747326",0,0,0,0,0,0,0,0,0,0,0,0,0,0,0,0,0,0,0,0,0,0,0,0
"1747500",0,0,0,0,0,0,0,0,0,0,0,0,0,0,0,0,0,0,0,0,0,0,0,0
"1755198",0,0,0,0,0,0,0,0,0,0,0,0,0,0,0,0,0,0,0,0,0,0,0,0
"1755590",0,0,0,0,0,0,0,0,0,0,0,0,0,0,0,0,0,0,0,0,0,0,0,0
"1755781",0,0,0,0,0,0,0,0,0,0,0,0,0,0,0,0,0,0,0,0,0,0,0,0
"1756157",0,0,0,0,0,0,0,0,0,0,0,0,0,0,0,0,0,0,0,0,0,0,0,0
"1756832",0,0,0,0,0,0,0,0,0,0,0,0,0,0,0,0,0,0,0,0,0,0,0,0
"1758139",0,0,0,0,0,0,0,0,0,0,0,0,0,0,0,0,0,0,0,0,0,0,0,0
"175950",0,0,0,0,0,0,0,0,0,0,0,0,0,0,0,0,0,0,0,0,0,0,0,0
"176106",0,0,0,0,0,0,0,0,0,0,0,0,0,0,0,0,0,0,0,0,0,0,0,0
"1765754",0,0,0,0,0,0,0,0,0,0,0,0,0,0,0,0,0,0,0,0,0,0,0,0
"1766557",0,0,0,0,0,0,0,0,0,0,0,0,0,0,0,0,0,0,0,0,0,0,0,0
"1766559",0,0,0,0,0,0,0,0,0,0,0,0,0,0,0,0,0,0,0,0,0,0,0,0
"1766828",0,0,0,0,0,0,0,0,0,0,0,0,0,0,0,0,0,0,0,0,0,0,0,0
"1768064",0,0,0,0,0,0,0,0,0,0,0,0,0,0,0,0,0,0,0,0,0,0,0,0
"1770265",0,0,0,0,0,0,0,0,0,0,0,0,0,0,0,0,0,0,0,0,0,0,0,0
"1770618",0,0,0,0,0,0,0,0,0,0,0,0,0,0,0,0,0,0,0,0,0,0,0,0
"1772258",0,0,0,0,0,0,0,0,0,0,0,0,0,0,0,0,0,0,0,0,0,0,0,0
"1774276",0,0,0,0,0,0,0,0,0,0,0,0,0,0,0,0,0,0,0,0,0,0,0,0
"1775963",0,0,0,0,0,0,0,0,0,0,0,0,0,0,0,0,0,0,0,0,0,0,0,0
"1776109",0,0,0,0,0,0,0,0,0,0,0,0,0,0,0,0,0,0,0,0,0,0,0,0
"1776177",0,0,0,0,0,0,0,0,0,0,0,0,0,0,0,0,0,0,0,0,0,0,0,0
"1777015",0,0,0,0,0,0,0,0,0,0,0,0,0,0,0,0,0,0,0,0,0,0,0,0
"1777016",0,0,0,0,0,0,0,0,0,0,0,0,0,0,0,0,0,0,0,0,0,0,0,0
"1777052",0,0,0,0,0,0,0,0,0,0,0,0,0,0,0,0,0,0,0,0,0,0,0,0
"1777053",0,0,0,0,0,0,0,0,0,0,0,0,0,0,0,0,0,0,0,0,0,0,0,0
"1777072",0,0,0,0,0,0,0,0,0,0,0,0,0,0,0,0,0,0,0,0,0,0,0,0
"1778559",0,0,0,0,0,0,0,0,0,0,0,0,0,0,0,0,0,0,0,0,0,0,0,0
"1778570",0,0,0,0,0,0,0,0,0,0,0,0,0,0,0,0,0,0,0,0,0,0,0,0
"1779339",0,0,0,0,0,0,0,0,0,0,0,0,0,0,0,0,0,0,0,0,0,0,0,0
"1779714",0,0,0,0,0,0,0,0,0,0,0,0,0,0,0,0,0,0,0,0,0,0,0,0
"1781241",0,0,0,0,0,0,0,0,0,0,0,0,0,0,0,0,0,0,0,0,0,0,0,0
"178599",0,0,0,0,0,0,0,0,0,0,0,0,0,0,0,0,0,0,0,0,0,0,0,0
"1788438",0,0,0,0,0,0,0,0,0,0,0,0,0,0,0,0,0,0,0,0,0,0,0,0
"1788439",0,0,0,0,0,0,0,0,0,0,0,0,0,0,0,0,0,0,0,0,0,0,0,0
"1788440",0,0,0,0,0,0,0,0,0,0,0,0,0,0,0,0,0,0,0,0,0,0,0,0
"1788441",0,0,0,0,0,0,0,0,0,0,0,0,0,0,0,0,0,0,0,0,0,0,0,0
"1788442",0,0,0,0,0,0,0,0,0,0,0,0,0,0,0,0,0,0,0,0,0,0,0,0
"1788443",0,0,0,0,0,0,0,0,0,0,0,0,0,0,0,0,0,0,0,0,0,0,0,0
"1788444",0,0,0,0,0,0,0,0,0,0,0,0,0,0,0,0,0,0,0,0,0,0,0,0
"1788445",0,0,0,0,0,0,0,0,0,0,0,0,0,0,0,0,0,0,0,0,0,0,0,0
"1788450",0,0,0,0,0,0,0,0,0,0,0,0,0,0,0,0,0,0,0,0,0,0,0,0
"1788451",0,0,0,0,0,0,0,0,0,0,0,0,0,0,0,0,0,0,0,0,0,0,0,0
"1788454",0,0,0,0,0,0,0,0,0,0,0,0,0,0,0,0,0,0,0,0,0,0,0,0
"1788455",0,0,0,0,0,0,0,0,0,0,0,0,0,0,0,0,0,0,0,0,0,0,0,0
"1792583",0,0,0,0,0,0,0,0,0,0,0,0,0,0,0,0,0,0,0,0,0,0,0,0
"1795648",0,0,0,0,0,0,0,0,0,0,0,0,0,0,0,0,0,0,0,0,0,0,0,0
"1798085",0,0,0,0,0,0,0,0,0,0,0,0,0,0,0,0,0,0,0,0,0,0,0,0
"179986",0,0,0,0,0,0,0,0,0,0,0,0,0,0,0,0,0,0,0,0,0,0,0,0
"1803957",0,0,0,0,0,0,0,0,0,0,0,0,0,0,0,0,0,0,0,0,0,0,0,0
"180399",0,0,0,0,0,0,0,0,0,0,0,0,0,0,0,0,0,0,0,0,0,0,0,0
"1804155",0,0,0,0,0,0,0,0,0,0,0,0,0,0,0,0,0,0,0,0,0,0,0,0
"1804157",0,0,0,0,0,0,0,0,0,0,0,0,0,0,0,0,0,0,0,0,0,0,0,0
"180526",0,0,0,0,0,0,0,0,0,0,0,0,0,0,0,0,0,0,0,0,0,0,0,0
"1805494",0,0,0,0,0,0,0,0,0,0,0,0,0,0,0,0,0,0,0,0,0,0,0,0
"180587",0,0,0,0,0,0,0,0,0,0,0,0,0,0,0,0,0,0,0,0,0,0,0,0
"1805950",0,0,0,0,0,0,0,0,0,0,0,0,0,0,0,0,0,0,0,0,0,0,0,0
"1805951",0,0,0,0,0,0,0,0,0,0,0,0,0,0,0,0,0,0,0,0,0,0,0,0
"1805952",0,0,0,0,0,0,0,0,0,0,0,0,0,0,0,0,0,0,0,0,0,0,0,0
"1805953",0,0,0,0,0,0,0,0,0,0,0,0,0,0,0,0,0,0,0,0,0,0,0,0
"180822",0,0,0,0,0,0,0,0,0,0,0,0,0,0,0,0,0,0,0,0,0,0,0,0
"1808960",0,0,0,0,0,0,0,0,0,0,0,0,0,0,0,0,0,0,0,0,0,0,0,0
"180903",0,0,0,0,0,0,0,0,0,0,0,0,0,0,0,0,0,0,0,0,0,0,0,0
"1809243",0,0,0,0,0,0,0,0,0,0,0,0,0,0,0,0,0,0,0,0,0,0,0,0
"1809767",0,0,0,0,0,0,0,0,0,0,0,0,0,0,0,0,0,0,0,0,0,0,0,0
"1810947",0,0,0,0,0,0,0,0,0,0,0,0,0,0,0,0,0,0,0,0,0,0,0,0
"1811230",0,0,0,0,0,0,0,0,0,0,0,0,0,0,0,0,0,0,0,0,0,0,0,0
"1812308",0,0,0,0,0,0,0,0,0,0,0,0,0,0,0,0,0,0,0,0,0,0,0,0
"1813613",0,0,0,0,0,0,0,0,0,0,0,0,0,0,0,0,0,0,0,0,0,0,0,0
"1813771",0,0,0,0,0,0,0,0,0,0,0,0,0,0,0,0,0,0,0,0,0,0,0,0
"1814283",0,0,0,0,0,0,0,0,0,0,0,0,0,0,0,0,0,0,0,0,0,0,0,0
"1815581",0,0,0,0,0,0,0,0,0,0,0,0,0,0,0,0,0,0,0,0,0,0,0,0
"1816232",0,0,0,0,0,0,0,0,0,0,0,0,0,0,0,0,0,0,0,0,0,0,0,0
"1816235",0,0,0,0,0,0,0,0,0,0,0,0,0,0,0,0,0,0,0,0,0,0,0,0
"181667",0,0,0,0,0,0,0,0,0,0,0,0,0,0,0,0,0,0,0,0,0,0,0,0
"1819306",0,0,0,0,0,0,0,0,0,0,0,0,0,0,0,0,0,0,0,0,0,0,0,0
"1821222",0,0,0,0,0,0,0,0,0,0,0,0,0,0,0,0,0,0,0,0,0,0,0,0
"1821227",0,0,0,0,0,0,0,0,0,0,0,0,0,0,0,0,0,0,0,0,0,0,0,0
"1821749",0,0,0,0,0,0,0,0,0,0,0,0,0,0,0,0,0,0,0,0,0,0,0,0
"1821750",0,0,0,0,0,0,0,0,0,0,0,0,0,0,0,0,0,0,0,0,0,0,0,0
"1821751",0,0,0,0,0,0,0,0,0,0,0,0,0,0,0,0,0,0,0,0,0,0,0,0
"1822365",0,0,0,0,0,0,0,0,0,0,0,0,0,0,0,0,0,0,0,0,0,0,0,0
"1825688",0,0,0,0,0,0,0,0,0,0,0,0,0,0,0,0,0,0,0,0,0,0,0,0
"1825924",0,0,0,0,0,0,0,0,0,0,0,0,0,0,0,0,0,0,0,0,0,0,0,0
"1825950",0,0,0,0,0,0,0,0,0,0,0,0,0,0,0,0,0,0,0,0,0,0,0,0
"1825976",0,0,0,0,0,0,0,0,0,0,0,0,0,0,0,0,0,0,0,0,0,0,0,0
"1830242",0,0,0,0,0,0,0,0,0,0,0,0,0,0,0,0,0,0,0,0,0,0,0,0
"1833938",0,0,0,0,0,0,0,0,0,0,0,0,0,0,0,0,0,0,0,0,0,0,0,0
"183405",0,0,0,0,0,0,0,0,0,0,0,0,0,0,0,0,0,0,0,0,0,0,0,0
"183407",0,0,0,0,0,0,0,0,0,0,0,0,0,0,0,0,0,0,0,0,0,0,0,0
"1837089",0,0,0,0,0,0,0,0,0,0,0,0,0,0,0,0,0,0,0,0,0,0,0,0
"1837217",0,0,0,0,0,0,0,0,0,0,0,0,0,0,0,0,0,0,0,0,0,0,0,0
"183754",0,0,0,0,0,0,0,0,0,0,0,0,0,0,0,0,0,0,0,0,0,0,0,0
"1837862",0,0,0,0,0,0,0,0,0,0,0,0,0,0,0,0,0,0,0,0,0,0,0,0
"1838077",0,0,0,0,0,0,0,0,0,0,0,0,0,0,0,0,0,0,0,0,0,0,0,0
"1840528",0,0,0,0,0,0,0,0,0,0,0,0,0,0,0,0,0,0,0,0,0,0,0,0
"1843763",0,0,0,0,0,0,0,0,0,0,0,0,0,0,0,0,0,0,0,0,0,0,0,0
"1843764",0,0,0,0,0,0,0,0,0,0,0,0,0,0,0,0,0,0,0,0,0,0,0,0
"1843765",0,0,0,0,0,0,0,0,0,0,0,0,0,0,0,0,0,0,0,0,0,0,0,0
"1843766",0,0,0,0,0,0,0,0,0,0,0,0,0,0,0,0,0,0,0,0,0,0,0,0
"1843767",0,0,0,0,0,0,0,0,0,0,0,0,0,0,0,0,0,0,0,0,0,0,0,0
"1843769",0,0,0,0,0,0,0,0,0,0,0,0,0,0,0,0,0,0,0,0,0,0,0,0
"1843770",0,0,0,0,0,0,0,0,0,0,0,0,0,0,0,0,0,0,0,0,0,0,0,0
"1843771",0,0,0,0,0,0,0,0,0,0,0,0,0,0,0,0,0,0,0,0,0,0,0,0
"1843772",0,0,0,0,0,0,0,0,0,0,0,0,0,0,0,0,0,0,0,0,0,0,0,0
"1848042",0,0,0,0,0,0,0,0,0,0,0,0,0,0,0,0,0,0,0,0,0,0,0,0
"1849328",0,0,0,0,0,0,0,0,0,0,0,0,0,0,0,0,0,0,0,0,0,0,0,0
"1849533",0,0,0,0,0,0,0,0,0,0,0,0,0,0,0,0,0,0,0,0,0,0,0,0
"1849535",0,0,0,0,0,0,0,0,0,0,0,0,0,0,0,0,0,0,0,0,0,0,0,0
"1849542",0,0,0,0,0,0,0,0,0,0,0,0,0,0,0,0,0,0,0,0,0,0,0,0
"1849544",0,0,0,0,0,0,0,0,0,0,0,0,0,0,0,0,0,0,0,0,0,0,0,0
"1849545",0,0,0,0,0,0,0,0,0,0,0,0,0,0,0,0,0,0,0,0,0,0,0,0
"1850255",0,0,0,0,0,0,0,0,0,0,0,0,0,0,0,0,0,0,0,0,0,0,0,0
"1852629",0,0,0,0,0,0,0,0,0,0,0,0,0,0,0,0,0,0,0,0,0,0,0,0
"1853762",0,0,0,0,0,0,0,0,0,0,0,0,0,0,0,0,0,0,0,0,0,0,0,0
"1853865",0,0,0,0,0,0,0,0,0,0,0,0,0,0,0,0,0,0,0,0,0,0,0,0
"1856030",0,0,0,0,0,0,0,0,0,0,0,0,0,0,0,0,0,0,0,0,0,0,0,0
"1856031",0,0,0,0,0,0,0,0,0,0,0,0,0,0,0,0,0,0,0,0,0,0,0,0
"1856120",0,0,0,0,0,0,0,0,0,0,0,0,0,0,0,0,0,0,0,0,0,0,0,0
"1856406",0,0,0,0,0,0,0,0,0,0,0,0,0,0,0,0,0,0,0,0,0,0,0,0
"1856642",0,0,0,0,0,0,0,0,0,0,0,0,0,0,0,0,0,0,0,0,0,0,0,0
"1856767",0,0,0,0,0,0,0,0,0,0,0,0,0,0,0,0,0,0,0,0,0,0,0,0
"1857323",0,0,0,0,0,0,0,0,0,0,0,0,0,0,0,0,0,0,0,0,0,0,0,0
"185793",0,0,0,0,0,0,0,0,0,0,0,0,0,0,0,0,0,0,0,0,0,0,0,0
"1859161",0,0,0,0,0,0,0,0,0,0,0,0,0,0,0,0,0,0,0,0,0,0,0,0
"186165",0,0,0,0,0,0,0,0,0,0,0,0,0,0,0,0,0,0,0,0,0,0,0,0
"186187",0,0,0,0,0,0,0,0,0,0,0,0,0,0,0,0,0,0,0,0,0,0,0,0
"1862127",0,0,0,0,0,0,0,0,0,0,0,0,0,0,0,0,0,0,0,0,0,0,0,0
"1862824",0,0,0,0,0,0,0,0,0,0,0,0,0,0,0,0,0,0,0,0,0,0,0,0
"1862961",0,0,0,0,0,0,0,0,0,0,0,0,0,0,0,0,0,0,0,0,0,0,0,0
"1862962",0,0,0,0,0,0,0,0,0,0,0,0,0,0,0,0,0,0,0,0,0,0,0,0
"186533",0,0,0,0,0,0,0,0,0,0,0,0,0,0,0,0,0,0,0,0,0,0,0,0
"186534",0,0,0,0,0,0,0,0,0,0,0,0,0,0,0,0,0,0,0,0,0,0,0,0
"186637",0,0,0,0,0,0,0,0,0,0,0,0,0,0,0,0,0,0,0,0,0,0,0,0
"186642",0,0,0,0,0,0,0,0,0,0,0,0,0,0,0,0,0,0,0,0,0,0,0,0
"186786",0,0,0,0,0,0,0,0,0,0,0,0,0,0,0,0,0,0,0,0,0,0,0,0
"186821",0,0,0,0,0,0,0,0,0,0,0,0,0,0,0,0,0,0,0,0,0,0,0,0
"1868215",0,0,0,0,0,0,0,0,0,0,0,0,0,0,0,0,0,0,0,0,0,0,0,0
"186846",0,0,0,0,0,0,0,0,0,0,0,0,0,0,0,0,0,0,0,0,0,0,0,0
"1868472",0,0,0,0,0,0,0,0,0,0,0,0,0,0,0,0,0,0,0,0,0,0,0,0
"1868658",0,0,0,0,0,0,0,0,0,0,0,0,0,0,0,0,0,0,0,0,0,0,0,0
"1868659",0,0,0,0,0,0,0,0,0,0,0,0,0,0,0,0,0,0,0,0,0,0,0,0
"186938",0,0,0,0,0,0,0,0,0,0,0,0,0,0,0,0,0,0,0,0,0,0,0,0
"1871106",0,0,0,0,0,0,0,0,0,0,0,0,0,0,0,0,0,0,0,0,0,0,0,0
"1871153",0,0,0,0,0,0,0,0,0,0,0,0,0,0,0,0,0,0,0,0,0,0,0,0
"1871681",0,0,0,0,0,0,0,0,0,0,0,0,0,0,0,0,0,0,0,0,0,0,0,0
"1871687",0,0,0,0,0,0,0,0,0,0,0,0,0,0,0,0,0,0,0,0,0,0,0,0
"1872708",0,0,0,0,0,0,0,0,0,0,0,0,0,0,0,0,0,0,0,0,0,0,0,0
"1873778",0,0,0,0,0,0,0,0,0,0,0,0,0,0,0,0,0,0,0,0,0,0,0,0
"1873887",0,0,0,0,0,0,0,0,0,0,0,0,0,0,0,0,0,0,0,0,0,0,0,0
"1873998",0,0,0,0,0,0,0,0,0,0,0,0,0,0,0,0,0,0,0,0,0,0,0,0
"1874267",0,0,0,0,0,0,0,0,0,0,0,0,0,0,0,0,0,0,0,0,0,0,0,0
"1874886",0,0,0,0,0,0,0,0,0,0,0,0,0,0,0,0,0,0,0,0,0,0,0,0
"187850",0,0,0,0,0,0,0,0,0,0,0,0,0,0,0,0,0,0,0,0,0,0,0,0
"187978",0,0,0,0,0,0,0,0,0,0,0,0,0,0,0,0,0,0,0,0,0,0,0,0
"1881013",0,0,0,0,0,0,0,0,0,0,0,0,0,0,0,0,0,0,0,0,0,0,0,0
"188141",0,0,0,0,0,0,0,0,0,0,0,0,0,0,0,0,0,0,0,0,0,0,0,0
"188143",0,0,0,0,0,0,0,0,0,0,0,0,0,0,0,0,0,0,0,0,0,0,0,0
"1881950",0,0,0,0,0,0,0,0,0,0,0,0,0,0,0,0,0,0,0,0,0,0,0,0
"1882382",0,0,0,0,0,0,0,0,0,0,0,0,0,0,0,0,0,0,0,0,0,0,0,0
"188333",0,0,0,0,0,0,0,0,0,0,0,0,0,0,0,0,0,0,0,0,0,0,0,0
"1884453",0,0,0,0,0,0,0,0,0,0,0,0,0,0,0,0,0,0,0,0,0,0,0,0
"1884461",0,0,0,0,0,0,0,0,0,0,0,0,0,0,0,0,0,0,0,0,0,0,0,0
"1884873",0,0,0,0,0,0,0,0,0,0,0,0,0,0,0,0,0,0,0,0,0,0,0,0
"1884874",0,0,0,0,0,0,0,0,0,0,0,0,0,0,0,0,0,0,0,0,0,0,0,0
"1884875",0,0,0,0,0,0,0,0,0,0,0,0,0,0,0,0,0,0,0,0,0,0,0,0
"1884878",0,0,0,0,0,0,0,0,0,0,0,0,0,0,0,0,0,0,0,0,0,0,0,0
"1885565",0,0,0,0,0,0,0,0,0,0,0,0,0,0,0,0,0,0,0,0,0,0,0,0
"1887218",0,0,0,0,0,0,0,0,0,0,0,0,0,0,0,0,0,0,0,0,0,0,0,0
"1887644",0,0,0,0,0,0,0,0,0,0,0,0,0,0,0,0,0,0,0,0,0,0,0,0
"1888308",0,0,0,0,0,0,0,0,0,0,0,0,0,0,0,0,0,0,0,0,0,0,0,0
"1888309",0,0,0,0,0,0,0,0,0,0,0,0,0,0,0,0,0,0,0,0,0,0,0,0
"1888311",0,0,0,0,0,0,0,0,0,0,0,0,0,0,0,0,0,0,0,0,0,0,0,0
"1888317",0,0,0,0,0,0,0,0,0,0,0,0,0,0,0,0,0,0,0,0,0,0,0,0
"1888318",0,0,0,0,0,0,0,0,0,0,0,0,0,0,0,0,0,0,0,0,0,0,0,0
"1890365",0,0,0,0,0,0,0,0,0,0,0,0,0,0,0,0,0,0,0,0,0,0,0,0
"1891097",0,0,0,0,0,0,0,0,0,0,0,0,0,0,0,0,0,0,0,0,0,0,0,0
"1891098",0,0,0,0,0,0,0,0,0,0,0,0,0,0,0,0,0,0,0,0,0,0,0,0
"1891704",0,0,0,0,0,0,0,0,0,0,0,0,0,0,0,0,0,0,0,0,0,0,0,0
"1891713",0,0,0,0,0,0,0,0,0,0,0,0,0,0,0,0,0,0,0,0,0,0,0,0
"1891718",0,0,0,0,0,0,0,0,0,0,0,0,0,0,0,0,0,0,0,0,0,0,0,0
"1891719",0,0,0,0,0,0,0,0,0,0,0,0,0,0,0,0,0,0,0,0,0,0,0,0
"1891720",0,0,0,0,0,0,0,0,0,0,0,0,0,0,0,0,0,0,0,0,0,0,0,0
"1891721",0,0,0,0,0,0,0,0,0,0,0,0,0,0,0,0,0,0,0,0,0,0,0,0
"1891725",0,0,0,0,0,0,0,0,0,0,0,0,0,0,0,0,0,0,0,0,0,0,0,0
"1891726",0,0,0,0,0,0,0,0,0,0,0,0,0,0,0,0,0,0,0,0,0,0,0,0
"1891727",0,0,0,0,0,0,0,0,0,0,0,0,0,0,0,0,0,0,0,0,0,0,0,0
"1891729",0,0,0,0,0,0,0,0,0,0,0,0,0,0,0,0,0,0,0,0,0,0,0,0
"1891731",0,0,0,0,0,0,0,0,0,0,0,0,0,0,0,0,0,0,0,0,0,0,0,0
"1891732",0,0,0,0,0,0,0,0,0,0,0,0,0,0,0,0,0,0,0,0,0,0,0,0
"1891733",0,0,0,0,0,0,0,0,0,0,0,0,0,0,0,0,0,0,0,0,0,0,0,0
"1891734",0,0,0,0,0,0,0,0,0,0,0,0,0,0,0,0,0,0,0,0,0,0,0,0
"1891735",0,0,0,0,0,0,0,0,0,0,0,0,0,0,0,0,0,0,0,0,0,0,0,0
"1891736",0,0,0,0,0,0,0,0,0,0,0,0,0,0,0,0,0,0,0,0,0,0,0,0
"1891737",0,0,0,0,0,0,0,0,0,0,0,0,0,0,0,0,0,0,0,0,0,0,0,0
"1891738",0,0,0,0,0,0,0,0,0,0,0,0,0,0,0,0,0,0,0,0,0,0,0,0
"1891739",0,0,0,0,0,0,0,0,0,0,0,0,0,0,0,0,0,0,0,0,0,0,0,0
"1891740",0,0,0,0,0,0,0,0,0,0,0,0,0,0,0,0,0,0,0,0,0,0,0,0
"1891741",0,0,0,0,0,0,0,0,0,0,0,0,0,0,0,0,0,0,0,0,0,0,0,0
"1891742",0,0,0,0,0,0,0,0,0,0,0,0,0,0,0,0,0,0,0,0,0,0,0,0
"1891743",0,0,0,0,0,0,0,0,0,0,0,0,0,0,0,0,0,0,0,0,0,0,0,0
"1891745",0,0,0,0,0,0,0,0,0,0,0,0,0,0,0,0,0,0,0,0,0,0,0,0
"1891746",0,0,0,0,0,0,0,0,0,0,0,0,0,0,0,0,0,0,0,0,0,0,0,0
"1891747",0,0,0,0,0,0,0,0,0,0,0,0,0,0,0,0,0,0,0,0,0,0,0,0
"1891748",0,0,0,0,0,0,0,0,0,0,0,0,0,0,0,0,0,0,0,0,0,0,0,0
"1891749",0,0,0,0,0,0,0,0,0,0,0,0,0,0,0,0,0,0,0,0,0,0,0,0
"1891750",0,0,0,0,0,0,0,0,0,0,0,0,0,0,0,0,0,0,0,0,0,0,0,0
"1891751",0,0,0,0,0,0,0,0,0,0,0,0,0,0,0,0,0,0,0,0,0,0,0,0
"1891752",0,0,0,0,0,0,0,0,0,0,0,0,0,0,0,0,0,0,0,0,0,0,0,0
"1891755",0,0,0,0,0,0,0,0,0,0,0,0,0,0,0,0,0,0,0,0,0,0,0,0
"1891756",0,0,0,0,0,0,0,0,0,0,0,0,0,0,0,0,0,0,0,0,0,0,0,0
"1891759",0,0,0,0,0,0,0,0,0,0,0,0,0,0,0,0,0,0,0,0,0,0,0,0
"1891761",0,0,0,0,0,0,0,0,0,0,0,0,0,0,0,0,0,0,0,0,0,0,0,0
"1891762",0,0,0,0,0,0,0,0,0,0,0,0,0,0,0,0,0,0,0,0,0,0,0,0
"1891763",0,0,0,0,0,0,0,0,0,0,0,0,0,0,0,0,0,0,0,0,0,0,0,0
"1891764",0,0,0,0,0,0,0,0,0,0,0,0,0,0,0,0,0,0,0,0,0,0,0,0
"1891765",0,0,0,0,0,0,0,0,0,0,0,0,0,0,0,0,0,0,0,0,0,0,0,0
"1891766",0,0,0,0,0,0,0,0,0,0,0,0,0,0,0,0,0,0,0,0,0,0,0,0
"1891768",0,0,0,0,0,0,0,0,0,0,0,0,0,0,0,0,0,0,0,0,0,0,0,0
"1891769",0,0,0,0,0,0,0,0,0,0,0,0,0,0,0,0,0,0,0,0,0,0,0,0
"1891770",0,0,0,0,0,0,0,0,0,0,0,0,0,0,0,0,0,0,0,0,0,0,0,0
"1891771",0,0,0,0,0,0,0,0,0,0,0,0,0,0,0,0,0,0,0,0,0,0,0,0
"1891772",0,0,0,0,0,0,0,0,0,0,0,0,0,0,0,0,0,0,0,0,0,0,0,0
"1891773",0,0,0,0,0,0,0,0,0,0,0,0,0,0,0,0,0,0,0,0,0,0,0,0
"1892895",0,0,0,0,0,0,0,0,0,0,0,0,0,0,0,0,0,0,0,0,0,0,0,0
"1895333",0,0,0,0,0,0,0,0,0,0,0,0,0,0,0,0,0,0,0,0,0,0,0,0
"1896336",0,0,0,0,0,0,0,0,0,0,0,0,0,0,0,0,0,0,0,0,0,0,0,0
"1897087",0,0,0,0,0,0,0,0,0,0,0,0,0,0,0,0,0,0,0,0,0,0,0,0
"1897529",0,0,0,0,0,0,0,0,0,0,0,0,0,0,0,0,0,0,0,0,0,0,0,0
"1897538",0,0,0,0,0,0,0,0,0,0,0,0,0,0,0,0,0,0,0,0,0,0,0,0
"1897555",0,0,0,0,0,0,0,0,0,0,0,0,0,0,0,0,0,0,0,0,0,0,0,0
"1897732",0,0,0,0,0,0,0,0,0,0,0,0,0,0,0,0,0,0,0,0,0,0,0,0
"1898175",0,0,0,0,0,0,0,0,0,0,0,0,0,0,0,0,0,0,0,0,0,0,0,0
"1899566",0,0,0,0,0,0,0,0,0,0,0,0,0,0,0,0,0,0,0,0,0,0,0,0
"1902502",0,0,0,0,0,0,0,0,0,0,0,0,0,0,0,0,0,0,0,0,0,0,0,0
"1904410",0,0,0,0,0,0,0,0,0,0,0,0,0,0,0,0,0,0,0,0,0,0,0,0
"1904439",0,0,0,0,0,0,0,0,0,0,0,0,0,0,0,0,0,0,0,0,0,0,0,0
"190478",0,0,0,0,0,0,0,0,0,0,0,0,0,0,0,0,0,0,0,0,0,0,0,0
"1904881",0,0,0,0,0,0,0,0,0,0,0,0,0,0,0,0,0,0,0,0,0,0,0,0
"1904882",0,0,0,0,0,0,0,0,0,0,0,0,0,0,0,0,0,0,0,0,0,0,0,0
"1904884",0,0,0,0,0,0,0,0,0,0,0,0,0,0,0,0,0,0,0,0,0,0,0,0
"1906170",0,0,0,0,0,0,0,0,0,0,0,0,0,0,0,0,0,0,0,0,0,0,0,0
"1906179",0,0,0,0,0,0,0,0,0,0,0,0,0,0,0,0,0,0,0,0,0,0,0,0
"1906245",0,0,0,0,0,0,0,0,0,0,0,0,0,0,0,0,0,0,0,0,0,0,0,0
"1906317",0,0,0,0,0,0,0,0,0,0,0,0,0,0,0,0,0,0,0,0,0,0,0,0
"1906668",0,0,0,0,0,0,0,0,0,0,0,0,0,0,0,0,0,0,0,0,0,0,0,0
"190729",0,0,0,0,0,0,0,0,0,0,0,0,0,0,0,0,0,0,0,0,0,0,0,0
"1907771",0,0,0,0,0,0,0,0,0,0,0,0,0,0,0,0,0,0,0,0,0,0,0,0
"1907787",0,0,0,0,0,0,0,0,0,0,0,0,0,0,0,0,0,0,0,0,0,0,0,0
"1908804",0,0,0,0,0,0,0,0,0,0,0,0,0,0,0,0,0,0,0,0,0,0,0,0
"1908806",0,0,0,0,0,0,0,0,0,0,0,0,0,0,0,0,0,0,0,0,0,0,0,0
"1908807",0,0,0,0,0,0,0,0,0,0,0,0,0,0,0,0,0,0,0,0,0,0,0,0
"1908808",0,0,0,0,0,0,0,0,0,0,0,0,0,0,0,0,0,0,0,0,0,0,0,0
"1908811",0,0,0,0,0,0,0,0,0,0,0,0,0,0,0,0,0,0,0,0,0,0,0,0
"191032",0,0,0,0,0,0,0,0,0,0,0,0,0,0,0,0,0,0,0,0,0,0,0,0
"1910928",0,0,0,0,0,0,0,0,0,0,0,0,0,0,0,0,0,0,0,0,0,0,0,0
"1910931",0,0,0,0,0,0,0,0,0,0,0,0,0,0,0,0,0,0,0,0,0,0,0,0
"1910951",0,0,0,0,0,0,0,0,0,0,0,0,0,0,0,0,0,0,0,0,0,0,0,0
"1910952",0,0,0,0,0,0,0,0,0,0,0,0,0,0,0,0,0,0,0,0,0,0,0,0
"1910968",0,0,0,0,0,0,0,0,0,0,0,0,0,0,0,0,0,0,0,0,0,0,0,0
"1910969",0,0,0,0,0,0,0,0,0,0,0,0,0,0,0,0,0,0,0,0,0,0,0,0
"1911007",0,0,0,0,0,0,0,0,0,0,0,0,0,0,0,0,0,0,0,0,0,0,0,0
"1911010",0,0,0,0,0,0,0,0,0,0,0,0,0,0,0,0,0,0,0,0,0,0,0,0
"1911102",0,0,0,0,0,0,0,0,0,0,0,0,0,0,0,0,0,0,0,0,0,0,0,0
"1911104",0,0,0,0,0,0,0,0,0,0,0,0,0,0,0,0,0,0,0,0,0,0,0,0
"1911434",0,0,0,0,0,0,0,0,0,0,0,0,0,0,0,0,0,0,0,0,0,0,0,0
"1911435",0,0,0,0,0,0,0,0,0,0,0,0,0,0,0,0,0,0,0,0,0,0,0,0
"1911438",0,0,0,0,0,0,0,0,0,0,0,0,0,0,0,0,0,0,0,0,0,0,0,0
"1911439",0,0,0,0,0,0,0,0,0,0,0,0,0,0,0,0,0,0,0,0,0,0,0,0
"1911555",0,0,0,0,0,0,0,0,0,0,0,0,0,0,0,0,0,0,0,0,0,0,0,0
"1911606",0,0,0,0,0,0,0,0,0,0,0,0,0,0,0,0,0,0,0,0,0,0,0,0
"1912234",0,0,0,0,0,0,0,0,0,0,0,0,0,0,0,0,0,0,0,0,0,0,0,0
"1912492",0,0,0,0,0,0,0,0,0,0,0,0,0,0,0,0,0,0,0,0,0,0,0,0
"191289",0,0,0,0,0,0,0,0,0,0,0,0,0,0,0,0,0,0,0,0,0,0,0,0
"1913024",0,0,0,0,0,0,0,0,0,0,0,0,0,0,0,0,0,0,0,0,0,0,0,0
"1913081",0,0,0,0,0,0,0,0,0,0,0,0,0,0,0,0,0,0,0,0,0,0,0,0
"1913124",0,0,0,0,0,0,0,0,0,0,0,0,0,0,0,0,0,0,0,0,0,0,0,0
"1913125",0,0,0,0,0,0,0,0,0,0,0,0,0,0,0,0,0,0,0,0,0,0,0,0
"1913642",0,0,0,0,0,0,0,0,0,0,0,0,0,0,0,0,0,0,0,0,0,0,0,0
"1913649",0,0,0,0,0,0,0,0,0,0,0,0,0,0,0,0,0,0,0,0,0,0,0,0
"1913657",0,0,0,0,0,0,0,0,0,0,0,0,0,0,0,0,0,0,0,0,0,0,0,0
"1914155",0,0,0,0,0,0,0,0,0,0,0,0,0,0,0,0,0,0,0,0,0,0,0,0
"1914160",0,0,0,0,0,0,0,0,0,0,0,0,0,0,0,0,0,0,0,0,0,0,0,0
"1914161",0,0,0,0,0,0,0,0,0,0,0,0,0,0,0,0,0,0,0,0,0,0,0,0
"1914193",0,0,0,0,0,0,0,0,0,0,0,0,0,0,0,0,0,0,0,0,0,0,0,0
"1914201",0,0,0,0,0,0,0,0,0,0,0,0,0,0,0,0,0,0,0,0,0,0,0,0
"1914202",0,0,0,0,0,0,0,0,0,0,0,0,0,0,0,0,0,0,0,0,0,0,0,0
"1914203",0,0,0,0,0,0,0,0,0,0,0,0,0,0,0,0,0,0,0,0,0,0,0,0
"1914205",0,0,0,0,0,0,0,0,0,0,0,0,0,0,0,0,0,0,0,0,0,0,0,0
"1914206",0,0,0,0,0,0,0,0,0,0,0,0,0,0,0,0,0,0,0,0,0,0,0,0
"1914207",0,0,0,0,0,0,0,0,0,0,0,0,0,0,0,0,0,0,0,0,0,0,0,0
"1914208",0,0,0,0,0,0,0,0,0,0,0,0,0,0,0,0,0,0,0,0,0,0,0,0
"1914209",0,0,0,0,0,0,0,0,0,0,0,0,0,0,0,0,0,0,0,0,0,0,0,0
"1914410",0,0,0,0,0,0,0,0,0,0,0,0,0,0,0,0,0,0,0,0,0,0,0,0
"1914442",0,0,0,0,0,0,0,0,0,0,0,0,0,0,0,0,0,0,0,0,0,0,0,0
"1914568",0,0,0,0,0,0,0,0,0,0,0,0,0,0,0,0,0,0,0,0,0,0,0,0
"1914574",0,0,0,0,0,0,0,0,0,0,0,0,0,0,0,0,0,0,0,0,0,0,0,0
"1914575",0,0,0,0,0,0,0,0,0,0,0,0,0,0,0,0,0,0,0,0,0,0,0,0
"191463",0,0,0,0,0,0,0,0,0,0,0,0,0,0,0,0,0,0,0,0,0,0,0,0
"1914853",0,0,0,0,0,0,0,0,0,0,0,0,0,0,0,0,0,0,0,0,0,0,0,0
"1914854",0,0,0,0,0,0,0,0,0,0,0,0,0,0,0,0,0,0,0,0,0,0,0,0
"1914856",0,0,0,0,0,0,0,0,0,0,0,0,0,0,0,0,0,0,0,0,0,0,0,0
"1914893",0,0,0,0,0,0,0,0,0,0,0,0,0,0,0,0,0,0,0,0,0,0,0,0
"1914900",0,0,0,0,0,0,0,0,0,0,0,0,0,0,0,0,0,0,0,0,0,0,0,0
"1915203",0,0,0,0,0,0,0,0,0,0,0,0,0,0,0,0,0,0,0,0,0,0,0,0
"1916111",0,0,0,0,0,0,0,0,0,0,0,0,0,0,0,0,0,0,0,0,0,0,0,0
"1917080",0,0,0,0,0,0,0,0,0,0,0,0,0,0,0,0,0,0,0,0,0,0,0,0
"1917980",0,0,0,0,0,0,0,0,0,0,0,0,0,0,0,0,0,0,0,0,0,0,0,0
"1918006",0,0,0,0,0,0,0,0,0,0,0,0,0,0,0,0,0,0,0,0,0,0,0,0
"1918007",0,0,0,0,0,0,0,0,0,0,0,0,0,0,0,0,0,0,0,0,0,0,0,0
"1918008",0,0,0,0,0,0,0,0,0,0,0,0,0,0,0,0,0,0,0,0,0,0,0,0
"1918014",0,0,0,0,0,0,0,0,0,0,0,0,0,0,0,0,0,0,0,0,0,0,0,0
"1918017",0,0,0,0,0,0,0,0,0,0,0,0,0,0,0,0,0,0,0,0,0,0,0,0
"1918192",0,0,0,0,0,0,0,0,0,0,0,0,0,0,0,0,0,0,0,0,0,0,0,0
"1918194",0,0,0,0,0,0,0,0,0,0,0,0,0,0,0,0,0,0,0,0,0,0,0,0
"1918722",0,0,0,0,0,0,0,0,0,0,0,0,0,0,0,0,0,0,0,0,0,0,0,0
"1918723",0,0,0,0,0,0,0,0,0,0,0,0,0,0,0,0,0,0,0,0,0,0,0,0
"1918731",0,0,0,0,0,0,0,0,0,0,0,0,0,0,0,0,0,0,0,0,0,0,0,0
"1919247",0,0,0,0,0,0,0,0,0,0,0,0,0,0,0,0,0,0,0,0,0,0,0,0
"192026",0,0,0,0,0,0,0,0,0,0,0,0,0,0,0,0,0,0,0,0,0,0,0,0
"1920754",0,0,0,0,0,0,0,0,0,0,0,0,0,0,0,0,0,0,0,0,0,0,0,0
"1920755",0,0,0,0,0,0,0,0,0,0,0,0,0,0,0,0,0,0,0,0,0,0,0,0
"1920758",0,0,0,0,0,0,0,0,0,0,0,0,0,0,0,0,0,0,0,0,0,0,0,0
"1920759",0,0,0,0,0,0,0,0,0,0,0,0,0,0,0,0,0,0,0,0,0,0,0,0
"1920760",0,0,0,0,0,0,0,0,0,0,0,0,0,0,0,0,0,0,0,0,0,0,0,0
"1920761",0,0,0,0,0,0,0,0,0,0,0,0,0,0,0,0,0,0,0,0,0,0,0,0
"1920764",0,0,0,0,0,0,0,0,0,0,0,0,0,0,0,0,0,0,0,0,0,0,0,0
"1920778",0,0,0,0,0,0,0,0,0,0,0,0,0,0,0,0,0,0,0,0,0,0,0,0
"1920862",0,0,0,0,0,0,0,0,0,0,0,0,0,0,0,0,0,0,0,0,0,0,0,0
"1920988",0,0,0,0,0,0,0,0,0,0,0,0,0,0,0,0,0,0,0,0,0,0,0,0
"1920993",0,0,0,0,0,0,0,0,0,0,0,0,0,0,0,0,0,0,0,0,0,0,0,0
"1920994",0,0,0,0,0,0,0,0,0,0,0,0,0,0,0,0,0,0,0,0,0,0,0,0
"1920995",0,0,0,0,0,0,0,0,0,0,0,0,0,0,0,0,0,0,0,0,0,0,0,0
"1920998",0,0,0,0,0,0,0,0,0,0,0,0,0,0,0,0,0,0,0,0,0,0,0,0
"1920999",0,0,0,0,0,0,0,0,0,0,0,0,0,0,0,0,0,0,0,0,0,0,0,0
"1921000",0,0,0,0,0,0,0,0,0,0,0,0,0,0,0,0,0,0,0,0,0,0,0,0
"1921005",0,0,0,0,0,0,0,0,0,0,0,0,0,0,0,0,0,0,0,0,0,0,0,0
"1921009",0,0,0,0,0,0,0,0,0,0,0,0,0,0,0,0,0,0,0,0,0,0,0,0
"1921117",0,0,0,0,0,0,0,0,0,0,0,0,0,0,0,0,0,0,0,0,0,0,0,0
"1921120",0,0,0,0,0,0,0,0,0,0,0,0,0,0,0,0,0,0,0,0,0,0,0,0
"1921126",0,0,0,0,0,0,0,0,0,0,0,0,0,0,0,0,0,0,0,0,0,0,0,0
"1921127",0,0,0,0,0,0,0,0,0,0,0,0,0,0,0,0,0,0,0,0,0,0,0,0
"1921129",0,0,0,0,0,0,0,0,0,0,0,0,0,0,0,0,0,0,0,0,0,0,0,0
"1921185",0,0,0,0,0,0,0,0,0,0,0,0,0,0,0,0,0,0,0,0,0,0,0,0
"1921186",0,0,0,0,0,0,0,0,0,0,0,0,0,0,0,0,0,0,0,0,0,0,0,0
"1921189",0,0,0,0,0,0,0,0,0,0,0,0,0,0,0,0,0,0,0,0,0,0,0,0
"1921408",0,0,0,0,0,0,0,0,0,0,0,0,0,0,0,0,0,0,0,0,0,0,0,0
"1921410",0,0,0,0,0,0,0,0,0,0,0,0,0,0,0,0,0,0,0,0,0,0,0,0
"1921412",0,0,0,0,0,0,0,0,0,0,0,0,0,0,0,0,0,0,0,0,0,0,0,0
"1921432",0,0,0,0,0,0,0,0,0,0,0,0,0,0,0,0,0,0,0,0,0,0,0,0
"1921528",0,0,0,0,0,0,0,0,0,0,0,0,0,0,0,0,0,0,0,0,0,0,0,0
"1921529",0,0,0,0,0,0,0,0,0,0,0,0,0,0,0,0,0,0,0,0,0,0,0,0
"1921547",0,0,0,0,0,0,0,0,0,0,0,0,0,0,0,0,0,0,0,0,0,0,0,0
"1921556",0,0,0,0,0,0,0,0,0,0,0,0,0,0,0,0,0,0,0,0,0,0,0,0
"1921561",0,0,0,0,0,0,0,0,0,0,0,0,0,0,0,0,0,0,0,0,0,0,0,0
"1921563",0,0,0,0,0,0,0,0,0,0,0,0,0,0,0,0,0,0,0,0,0,0,0,0
"1921696",0,0,0,0,0,0,0,0,0,0,0,0,0,0,0,0,0,0,0,0,0,0,0,0
"1921706",0,0,0,0,0,0,0,0,0,0,0,0,0,0,0,0,0,0,0,0,0,0,0,0
"1921712",0,0,0,0,0,0,0,0,0,0,0,0,0,0,0,0,0,0,0,0,0,0,0,0
"1921778",0,0,0,0,0,0,0,0,0,0,0,0,0,0,0,0,0,0,0,0,0,0,0,0
"1921825",0,0,0,0,0,0,0,0,0,0,0,0,0,0,0,0,0,0,0,0,0,0,0,0
"192203",0,0,0,0,0,0,0,0,0,0,0,0,0,0,0,0,0,0,0,0,0,0,0,0
"1922208",0,0,0,0,0,0,0,0,0,0,0,0,0,0,0,0,0,0,0,0,0,0,0,0
"1922332",0,0,0,0,0,0,0,0,0,0,0,0,0,0,0,0,0,0,0,0,0,0,0,0
"1922352",0,0,0,0,0,0,0,0,0,0,0,0,0,0,0,0,0,0,0,0,0,0,0,0
"1922353",0,0,0,0,0,0,0,0,0,0,0,0,0,0,0,0,0,0,0,0,0,0,0,0
"1922355",0,0,0,0,0,0,0,0,0,0,0,0,0,0,0,0,0,0,0,0,0,0,0,0
"1922356",0,0,0,0,0,0,0,0,0,0,0,0,0,0,0,0,0,0,0,0,0,0,0,0
"1922357",0,0,0,0,0,0,0,0,0,0,0,0,0,0,0,0,0,0,0,0,0,0,0,0
"1922360",0,0,0,0,0,0,0,0,0,0,0,0,0,0,0,0,0,0,0,0,0,0,0,0
"1922362",0,0,0,0,0,0,0,0,0,0,0,0,0,0,0,0,0,0,0,0,0,0,0,0
"1922365",0,0,0,0,0,0,0,0,0,0,0,0,0,0,0,0,0,0,0,0,0,0,0,0
"1922368",0,0,0,0,0,0,0,0,0,0,0,0,0,0,0,0,0,0,0,0,0,0,0,0
"1922370",0,0,0,0,0,0,0,0,0,0,0,0,0,0,0,0,0,0,0,0,0,0,0,0
"1922376",0,0,0,0,0,0,0,0,0,0,0,0,0,0,0,0,0,0,0,0,0,0,0,0
"1922377",0,0,0,0,0,0,0,0,0,0,0,0,0,0,0,0,0,0,0,0,0,0,0,0
"1922378",0,0,0,0,0,0,0,0,0,0,0,0,0,0,0,0,0,0,0,0,0,0,0,0
"1922379",0,0,0,0,0,0,0,0,0,0,0,0,0,0,0,0,0,0,0,0,0,0,0,0
"1922381",0,0,0,0,0,0,0,0,0,0,0,0,0,0,0,0,0,0,0,0,0,0,0,0
"1922385",0,0,0,0,0,0,0,0,0,0,0,0,0,0,0,0,0,0,0,0,0,0,0,0
"1922388",0,0,0,0,0,0,0,0,0,0,0,0,0,0,0,0,0,0,0,0,0,0,0,0
"1922392",0,0,0,0,0,0,0,0,0,0,0,0,0,0,0,0,0,0,0,0,0,0,0,0
"1922428",0,0,0,0,0,0,0,0,0,0,0,0,0,0,0,0,0,0,0,0,0,0,0,0
"1922429",0,0,0,0,0,0,0,0,0,0,0,0,0,0,0,0,0,0,0,0,0,0,0,0
"1922430",0,0,0,0,0,0,0,0,0,0,0,0,0,0,0,0,0,0,0,0,0,0,0,0
"1922431",0,0,0,0,0,0,0,0,0,0,0,0,0,0,0,0,0,0,0,0,0,0,0,0
"1922432",0,0,0,0,0,0,0,0,0,0,0,0,0,0,0,0,0,0,0,0,0,0,0,0
"1922433",0,0,0,0,0,0,0,0,0,0,0,0,0,0,0,0,0,0,0,0,0,0,0,0
"1922434",0,0,0,0,0,0,0,0,0,0,0,0,0,0,0,0,0,0,0,0,0,0,0,0
"1922435",0,0,0,0,0,0,0,0,0,0,0,0,0,0,0,0,0,0,0,0,0,0,0,0
"1922436",0,0,0,0,0,0,0,0,0,0,0,0,0,0,0,0,0,0,0,0,0,0,0,0
"1922439",0,0,0,0,0,0,0,0,0,0,0,0,0,0,0,0,0,0,0,0,0,0,0,0
"1922440",0,0,0,0,0,0,0,0,0,0,0,0,0,0,0,0,0,0,0,0,0,0,0,0
"1922441",0,0,0,0,0,0,0,0,0,0,0,0,0,0,0,0,0,0,0,0,0,0,0,0
"1922442",0,0,0,0,0,0,0,0,0,0,0,0,0,0,0,0,0,0,0,0,0,0,0,0
"1922443",0,0,0,0,0,0,0,0,0,0,0,0,0,0,0,0,0,0,0,0,0,0,0,0
"1922444",0,0,0,0,0,0,0,0,0,0,0,0,0,0,0,0,0,0,0,0,0,0,0,0
"1922445",0,0,0,0,0,0,0,0,0,0,0,0,0,0,0,0,0,0,0,0,0,0,0,0
"1922448",0,0,0,0,0,0,0,0,0,0,0,0,0,0,0,0,0,0,0,0,0,0,0,0
"1922449",0,0,0,0,0,0,0,0,0,0,0,0,0,0,0,0,0,0,0,0,0,0,0,0
"1922455",0,0,0,0,0,0,0,0,0,0,0,0,0,0,0,0,0,0,0,0,0,0,0,0
"1922456",0,0,0,0,0,0,0,0,0,0,0,0,0,0,0,0,0,0,0,0,0,0,0,0
"1922461",0,0,0,0,0,0,0,0,0,0,0,0,0,0,0,0,0,0,0,0,0,0,0,0
"1922471",0,0,0,0,0,0,0,0,0,0,0,0,0,0,0,0,0,0,0,0,0,0,0,0
"1922483",0,0,0,0,0,0,0,0,0,0,0,0,0,0,0,0,0,0,0,0,0,0,0,0
"1922496",0,0,0,0,0,0,0,0,0,0,0,0,0,0,0,0,0,0,0,0,0,0,0,0
"1922497",0,0,0,0,0,0,0,0,0,0,0,0,0,0,0,0,0,0,0,0,0,0,0,0
"1922498",0,0,0,0,0,0,0,0,0,0,0,0,0,0,0,0,0,0,0,0,0,0,0,0
"1922499",0,0,0,0,0,0,0,0,0,0,0,0,0,0,0,0,0,0,0,0,0,0,0,0
"1922504",0,0,0,0,0,0,0,0,0,0,0,0,0,0,0,0,0,0,0,0,0,0,0,0
"1922513",0,0,0,0,0,0,0,0,0,0,0,0,0,0,0,0,0,0,0,0,0,0,0,0
"1922524",0,0,0,0,0,0,0,0,0,0,0,0,0,0,0,0,0,0,0,0,0,0,0,0
"1922525",0,0,0,0,0,0,0,0,0,0,0,0,0,0,0,0,0,0,0,0,0,0,0,0
"1922527",0,0,0,0,0,0,0,0,0,0,0,0,0,0,0,0,0,0,0,0,0,0,0,0
"1922528",0,0,0,0,0,0,0,0,0,0,0,0,0,0,0,0,0,0,0,0,0,0,0,0
"1922529",0,0,0,0,0,0,0,0,0,0,0,0,0,0,0,0,0,0,0,0,0,0,0,0
"1922530",0,0,0,0,0,0,0,0,0,0,0,0,0,0,0,0,0,0,0,0,0,0,0,0
"1922531",0,0,0,0,0,0,0,0,0,0,0,0,0,0,0,0,0,0,0,0,0,0,0,0
"1922532",0,0,0,0,0,0,0,0,0,0,0,0,0,0,0,0,0,0,0,0,0,0,0,0
"1922533",0,0,0,0,0,0,0,0,0,0,0,0,0,0,0,0,0,0,0,0,0,0,0,0
"1922534",0,0,0,0,0,0,0,0,0,0,0,0,0,0,0,0,0,0,0,0,0,0,0,0
"1922538",0,0,0,0,0,0,0,0,0,0,0,0,0,0,0,0,0,0,0,0,0,0,0,0
"1922539",0,0,0,0,0,0,0,0,0,0,0,0,0,0,0,0,0,0,0,0,0,0,0,0
"1922540",0,0,0,0,0,0,0,0,0,0,0,0,0,0,0,0,0,0,0,0,0,0,0,0
"1922541",0,0,0,0,0,0,0,0,0,0,0,0,0,0,0,0,0,0,0,0,0,0,0,0
"1922543",0,0,0,0,0,0,0,0,0,0,0,0,0,0,0,0,0,0,0,0,0,0,0,0
"1922544",0,0,0,0,0,0,0,0,0,0,0,0,0,0,0,0,0,0,0,0,0,0,0,0
"1922545",0,0,0,0,0,0,0,0,0,0,0,0,0,0,0,0,0,0,0,0,0,0,0,0
"1922546",0,0,0,0,0,0,0,0,0,0,0,0,0,0,0,0,0,0,0,0,0,0,0,0
"1922548",0,0,0,0,0,0,0,0,0,0,0,0,0,0,0,0,0,0,0,0,0,0,0,0
"1922549",0,0,0,0,0,0,0,0,0,0,0,0,0,0,0,0,0,0,0,0,0,0,0,0
"1922550",0,0,0,0,0,0,0,0,0,0,0,0,0,0,0,0,0,0,0,0,0,0,0,0
"1922551",0,0,0,0,0,0,0,0,0,0,0,0,0,0,0,0,0,0,0,0,0,0,0,0
"1922552",0,0,0,0,0,0,0,0,0,0,0,0,0,0,0,0,0,0,0,0,0,0,0,0
"1922554",0,0,0,0,0,0,0,0,0,0,0,0,0,0,0,0,0,0,0,0,0,0,0,0
"1922556",0,0,0,0,0,0,0,0,0,0,0,0,0,0,0,0,0,0,0,0,0,0,0,0
"1922557",0,0,0,0,0,0,0,0,0,0,0,0,0,0,0,0,0,0,0,0,0,0,0,0
"1922558",0,0,0,0,0,0,0,0,0,0,0,0,0,0,0,0,0,0,0,0,0,0,0,0
"1922560",0,0,0,0,0,0,0,0,0,0,0,0,0,0,0,0,0,0,0,0,0,0,0,0
"1922561",0,0,0,0,0,0,0,0,0,0,0,0,0,0,0,0,0,0,0,0,0,0,0,0
"1922562",0,0,0,0,0,0,0,0,0,0,0,0,0,0,0,0,0,0,0,0,0,0,0,0
"1922564",0,0,0,0,0,0,0,0,0,0,0,0,0,0,0,0,0,0,0,0,0,0,0,0
"1922566",0,0,0,0,0,0,0,0,0,0,0,0,0,0,0,0,0,0,0,0,0,0,0,0
"1922567",0,0,0,0,0,0,0,0,0,0,0,0,0,0,0,0,0,0,0,0,0,0,0,0
"1922569",0,0,0,0,0,0,0,0,0,0,0,0,0,0,0,0,0,0,0,0,0,0,0,0
"1922571",0,0,0,0,0,0,0,0,0,0,0,0,0,0,0,0,0,0,0,0,0,0,0,0
"1922573",0,0,0,0,0,0,0,0,0,0,0,0,0,0,0,0,0,0,0,0,0,0,0,0
"1922575",0,0,0,0,0,0,0,0,0,0,0,0,0,0,0,0,0,0,0,0,0,0,0,0
"1922578",0,0,0,0,0,0,0,0,0,0,0,0,0,0,0,0,0,0,0,0,0,0,0,0
"1922583",0,0,0,0,0,0,0,0,0,0,0,0,0,0,0,0,0,0,0,0,0,0,0,0
"1922584",0,0,0,0,0,0,0,0,0,0,0,0,0,0,0,0,0,0,0,0,0,0,0,0
"1922585",0,0,0,0,0,0,0,0,0,0,0,0,0,0,0,0,0,0,0,0,0,0,0,0
"1922586",0,0,0,0,0,0,0,0,0,0,0,0,0,0,0,0,0,0,0,0,0,0,0,0
"1922588",0,0,0,0,0,0,0,0,0,0,0,0,0,0,0,0,0,0,0,0,0,0,0,0
"1922589",0,0,0,0,0,0,0,0,0,0,0,0,0,0,0,0,0,0,0,0,0,0,0,0
"1922591",0,0,0,0,0,0,0,0,0,0,0,0,0,0,0,0,0,0,0,0,0,0,0,0
"1922594",0,0,0,0,0,0,0,0,0,0,0,0,0,0,0,0,0,0,0,0,0,0,0,0
"1922595",0,0,0,0,0,0,0,0,0,0,0,0,0,0,0,0,0,0,0,0,0,0,0,0
"1922596",0,0,0,0,0,0,0,0,0,0,0,0,0,0,0,0,0,0,0,0,0,0,0,0
"1922597",0,0,0,0,0,0,0,0,0,0,0,0,0,0,0,0,0,0,0,0,0,0,0,0
"1922598",0,0,0,0,0,0,0,0,0,0,0,0,0,0,0,0,0,0,0,0,0,0,0,0
"1922599",0,0,0,0,0,0,0,0,0,0,0,0,0,0,0,0,0,0,0,0,0,0,0,0
"1922600",0,0,0,0,0,0,0,0,0,0,0,0,0,0,0,0,0,0,0,0,0,0,0,0
"1922603",0,0,0,0,0,0,0,0,0,0,0,0,0,0,0,0,0,0,0,0,0,0,0,0
"1922604",0,0,0,0,0,0,0,0,0,0,0,0,0,0,0,0,0,0,0,0,0,0,0,0
"1922606",0,0,0,0,0,0,0,0,0,0,0,0,0,0,0,0,0,0,0,0,0,0,0,0
"1922607",0,0,0,0,0,0,0,0,0,0,0,0,0,0,0,0,0,0,0,0,0,0,0,0
"1922608",0,0,0,0,0,0,0,0,0,0,0,0,0,0,0,0,0,0,0,0,0,0,0,0
"1922609",0,0,0,0,0,0,0,0,0,0,0,0,0,0,0,0,0,0,0,0,0,0,0,0
"1922610",0,0,0,0,0,0,0,0,0,0,0,0,0,0,0,0,0,0,0,0,0,0,0,0
"1922611",0,0,0,0,0,0,0,0,0,0,0,0,0,0,0,0,0,0,0,0,0,0,0,0
"1922612",0,0,0,0,0,0,0,0,0,0,0,0,0,0,0,0,0,0,0,0,0,0,0,0
"1922613",0,0,0,0,0,0,0,0,0,0,0,0,0,0,0,0,0,0,0,0,0,0,0,0
"1922614",0,0,0,0,0,0,0,0,0,0,0,0,0,0,0,0,0,0,0,0,0,0,0,0
"1922615",0,0,0,0,0,0,0,0,0,0,0,0,0,0,0,0,0,0,0,0,0,0,0,0
"1922616",0,0,0,0,0,0,0,0,0,0,0,0,0,0,0,0,0,0,0,0,0,0,0,0
"1922618",0,0,0,0,0,0,0,0,0,0,0,0,0,0,0,0,0,0,0,0,0,0,0,0
"1922619",0,0,0,0,0,0,0,0,0,0,0,0,0,0,0,0,0,0,0,0,0,0,0,0
"1922620",0,0,0,0,0,0,0,0,0,0,0,0,0,0,0,0,0,0,0,0,0,0,0,0
"1922621",0,0,0,0,0,0,0,0,0,0,0,0,0,0,0,0,0,0,0,0,0,0,0,0
"1922622",0,0,0,0,0,0,0,0,0,0,0,0,0,0,0,0,0,0,0,0,0,0,0,0
"1922624",0,0,0,0,0,0,0,0,0,0,0,0,0,0,0,0,0,0,0,0,0,0,0,0
"1922626",0,0,0,0,0,0,0,0,0,0,0,0,0,0,0,0,0,0,0,0,0,0,0,0
"1922627",0,0,0,0,0,0,0,0,0,0,0,0,0,0,0,0,0,0,0,0,0,0,0,0
"1922628",0,0,0,0,0,0,0,0,0,0,0,0,0,0,0,0,0,0,0,0,0,0,0,0
"1922629",0,0,0,0,0,0,0,0,0,0,0,0,0,0,0,0,0,0,0,0,0,0,0,0
"1922630",0,0,0,0,0,0,0,0,0,0,0,0,0,0,0,0,0,0,0,0,0,0,0,0
"1922631",0,0,0,0,0,0,0,0,0,0,0,0,0,0,0,0,0,0,0,0,0,0,0,0
"1922632",0,0,0,0,0,0,0,0,0,0,0,0,0,0,0,0,0,0,0,0,0,0,0,0
"1922633",0,0,0,0,0,0,0,0,0,0,0,0,0,0,0,0,0,0,0,0,0,0,0,0
"1922634",0,0,0,0,0,0,0,0,0,0,0,0,0,0,0,0,0,0,0,0,0,0,0,0
"1922637",0,0,0,0,0,0,0,0,0,0,0,0,0,0,0,0,0,0,0,0,0,0,0,0
"1922638",0,0,0,0,0,0,0,0,0,0,0,0,0,0,0,0,0,0,0,0,0,0,0,0
"1922641",0,0,0,0,0,0,0,0,0,0,0,0,0,0,0,0,0,0,0,0,0,0,0,0
"1922644",0,0,0,0,0,0,0,0,0,0,0,0,0,0,0,0,0,0,0,0,0,0,0,0
"1922645",0,0,0,0,0,0,0,0,0,0,0,0,0,0,0,0,0,0,0,0,0,0,0,0
"1922646",0,0,0,0,0,0,0,0,0,0,0,0,0,0,0,0,0,0,0,0,0,0,0,0
"1922648",0,0,0,0,0,0,0,0,0,0,0,0,0,0,0,0,0,0,0,0,0,0,0,0
"1922657",0,0,0,0,0,0,0,0,0,0,0,0,0,0,0,0,0,0,0,0,0,0,0,0
"1922658",0,0,0,0,0,0,0,0,0,0,0,0,0,0,0,0,0,0,0,0,0,0,0,0
"1922660",0,0,0,0,0,0,0,0,0,0,0,0,0,0,0,0,0,0,0,0,0,0,0,0
"1922661",0,0,0,0,0,0,0,0,0,0,0,0,0,0,0,0,0,0,0,0,0,0,0,0
"1922662",0,0,0,0,0,0,0,0,0,0,0,0,0,0,0,0,0,0,0,0,0,0,0,0
"1922666",0,0,0,0,0,0,0,0,0,0,0,0,0,0,0,0,0,0,0,0,0,0,0,0
"1922667",0,0,0,0,0,0,0,0,0,0,0,0,0,0,0,0,0,0,0,0,0,0,0,0
"1922668",0,0,0,0,0,0,0,0,0,0,0,0,0,0,0,0,0,0,0,0,0,0,0,0
"1922669",0,0,0,0,0,0,0,0,0,0,0,0,0,0,0,0,0,0,0,0,0,0,0,0
"1922671",0,0,0,0,0,0,0,0,0,0,0,0,0,0,0,0,0,0,0,0,0,0,0,0
"1922672",0,0,0,0,0,0,0,0,0,0,0,0,0,0,0,0,0,0,0,0,0,0,0,0
"1922673",0,0,0,0,0,0,0,0,0,0,0,0,0,0,0,0,0,0,0,0,0,0,0,0
"1922675",0,0,0,0,0,0,0,0,0,0,0,0,0,0,0,0,0,0,0,0,0,0,0,0
"1922681",0,0,0,0,0,0,0,0,0,0,0,0,0,0,0,0,0,0,0,0,0,0,0,0
"1922682",0,0,0,0,0,0,0,0,0,0,0,0,0,0,0,0,0,0,0,0,0,0,0,0
"1922683",0,0,0,0,0,0,0,0,0,0,0,0,0,0,0,0,0,0,0,0,0,0,0,0
"1922684",0,0,0,0,0,0,0,0,0,0,0,0,0,0,0,0,0,0,0,0,0,0,0,0
"1922686",0,0,0,0,0,0,0,0,0,0,0,0,0,0,0,0,0,0,0,0,0,0,0,0
"1922687",0,0,0,0,0,0,0,0,0,0,0,0,0,0,0,0,0,0,0,0,0,0,0,0
"1922688",0,0,0,0,0,0,0,0,0,0,0,0,0,0,0,0,0,0,0,0,0,0,0,0
"1922689",0,0,0,0,0,0,0,0,0,0,0,0,0,0,0,0,0,0,0,0,0,0,0,0
"1922695",0,0,0,0,0,0,0,0,0,0,0,0,0,0,0,0,0,0,0,0,0,0,0,0
"1922697",0,0,0,0,0,0,0,0,0,0,0,0,0,0,0,0,0,0,0,0,0,0,0,0
"1922698",0,0,0,0,0,0,0,0,0,0,0,0,0,0,0,0,0,0,0,0,0,0,0,0
"1922699",0,0,0,0,0,0,0,0,0,0,0,0,0,0,0,0,0,0,0,0,0,0,0,0
"1922701",0,0,0,0,0,0,0,0,0,0,0,0,0,0,0,0,0,0,0,0,0,0,0,0
"1922706",0,0,0,0,0,0,0,0,0,0,0,0,0,0,0,0,0,0,0,0,0,0,0,0
"1922708",0,0,0,0,0,0,0,0,0,0,0,0,0,0,0,0,0,0,0,0,0,0,0,0
"1922709",0,0,0,0,0,0,0,0,0,0,0,0,0,0,0,0,0,0,0,0,0,0,0,0
"1922710",0,0,0,0,0,0,0,0,0,0,0,0,0,0,0,0,0,0,0,0,0,0,0,0
"1922711",0,0,0,0,0,0,0,0,0,0,0,0,0,0,0,0,0,0,0,0,0,0,0,0
"1922712",0,0,0,0,0,0,0,0,0,0,0,0,0,0,0,0,0,0,0,0,0,0,0,0
"1922713",0,0,0,0,0,0,0,0,0,0,0,0,0,0,0,0,0,0,0,0,0,0,0,0
"1922716",0,0,0,0,0,0,0,0,0,0,0,0,0,0,0,0,0,0,0,0,0,0,0,0
"1922717",0,0,0,0,0,0,0,0,0,0,0,0,0,0,0,0,0,0,0,0,0,0,0,0
"1922718",0,0,0,0,0,0,0,0,0,0,0,0,0,0,0,0,0,0,0,0,0,0,0,0
"1922720",0,0,0,0,0,0,0,0,0,0,0,0,0,0,0,0,0,0,0,0,0,0,0,0
"1922721",0,0,0,0,0,0,0,0,0,0,0,0,0,0,0,0,0,0,0,0,0,0,0,0
"1922723",0,0,0,0,0,0,0,0,0,0,0,0,0,0,0,0,0,0,0,0,0,0,0,0
"1922726",0,0,0,0,0,0,0,0,0,0,0,0,0,0,0,0,0,0,0,0,0,0,0,0
"1922728",0,0,0,0,0,0,0,0,0,0,0,0,0,0,0,0,0,0,0,0,0,0,0,0
"1922729",0,0,0,0,0,0,0,0,0,0,0,0,0,0,0,0,0,0,0,0,0,0,0,0
"1922730",0,0,0,0,0,0,0,0,0,0,0,0,0,0,0,0,0,0,0,0,0,0,0,0
"1922734",0,0,0,0,0,0,0,0,0,0,0,0,0,0,0,0,0,0,0,0,0,0,0,0
"1922736",0,0,0,0,0,0,0,0,0,0,0,0,0,0,0,0,0,0,0,0,0,0,0,0
"1922737",0,0,0,0,0,0,0,0,0,0,0,0,0,0,0,0,0,0,0,0,0,0,0,0
"1922740",0,0,0,0,0,0,0,0,0,0,0,0,0,0,0,0,0,0,0,0,0,0,0,0
"1922741",0,0,0,0,0,0,0,0,0,0,0,0,0,0,0,0,0,0,0,0,0,0,0,0
"1922744",0,0,0,0,0,0,0,0,0,0,0,0,0,0,0,0,0,0,0,0,0,0,0,0
"1922745",0,0,0,0,0,0,0,0,0,0,0,0,0,0,0,0,0,0,0,0,0,0,0,0
"1922748",0,0,0,0,0,0,0,0,0,0,0,0,0,0,0,0,0,0,0,0,0,0,0,0
"1922750",0,0,0,0,0,0,0,0,0,0,0,0,0,0,0,0,0,0,0,0,0,0,0,0
"1922751",0,0,0,0,0,0,0,0,0,0,0,0,0,0,0,0,0,0,0,0,0,0,0,0
"1922754",0,0,0,0,0,0,0,0,0,0,0,0,0,0,0,0,0,0,0,0,0,0,0,0
"1922757",0,0,0,0,0,0,0,0,0,0,0,0,0,0,0,0,0,0,0,0,0,0,0,0
"1922758",0,0,0,0,0,0,0,0,0,0,0,0,0,0,0,0,0,0,0,0,0,0,0,0
"1922759",0,0,0,0,0,0,0,0,0,0,0,0,0,0,0,0,0,0,0,0,0,0,0,0
"1922760",0,0,0,0,0,0,0,0,0,0,0,0,0,0,0,0,0,0,0,0,0,0,0,0
"1922761",0,0,0,0,0,0,0,0,0,0,0,0,0,0,0,0,0,0,0,0,0,0,0,0
"1922765",0,0,0,0,0,0,0,0,0,0,0,0,0,0,0,0,0,0,0,0,0,0,0,0
"1922767",0,0,0,0,0,0,0,0,0,0,0,0,0,0,0,0,0,0,0,0,0,0,0,0
"1922768",0,0,0,0,0,0,0,0,0,0,0,0,0,0,0,0,0,0,0,0,0,0,0,0
"1922769",0,0,0,0,0,0,0,0,0,0,0,0,0,0,0,0,0,0,0,0,0,0,0,0
"1922770",0,0,0,0,0,0,0,0,0,0,0,0,0,0,0,0,0,0,0,0,0,0,0,0
"1922776",0,0,0,0,0,0,0,0,0,0,0,0,0,0,0,0,0,0,0,0,0,0,0,0
"1922777",0,0,0,0,0,0,0,0,0,0,0,0,0,0,0,0,0,0,0,0,0,0,0,0
"1922779",0,0,0,0,0,0,0,0,0,0,0,0,0,0,0,0,0,0,0,0,0,0,0,0
"1922782",0,0,0,0,0,0,0,0,0,0,0,0,0,0,0,0,0,0,0,0,0,0,0,0
"1922783",0,0,0,0,0,0,0,0,0,0,0,0,0,0,0,0,0,0,0,0,0,0,0,0
"1922784",0,0,0,0,0,0,0,0,0,0,0,0,0,0,0,0,0,0,0,0,0,0,0,0
"1922785",0,0,0,0,0,0,0,0,0,0,0,0,0,0,0,0,0,0,0,0,0,0,0,0
"1922787",0,0,0,0,0,0,0,0,0,0,0,0,0,0,0,0,0,0,0,0,0,0,0,0
"1922791",0,0,0,0,0,0,0,0,0,0,0,0,0,0,0,0,0,0,0,0,0,0,0,0
"1922792",0,0,0,0,0,0,0,0,0,0,0,0,0,0,0,0,0,0,0,0,0,0,0,0
"1922793",0,0,0,0,0,0,0,0,0,0,0,0,0,0,0,0,0,0,0,0,0,0,0,0
"1922794",0,0,0,0,0,0,0,0,0,0,0,0,0,0,0,0,0,0,0,0,0,0,0,0
"1922795",0,0,0,0,0,0,0,0,0,0,0,0,0,0,0,0,0,0,0,0,0,0,0,0
"1922796",0,0,0,0,0,0,0,0,0,0,0,0,0,0,0,0,0,0,0,0,0,0,0,0
"1922797",0,0,0,0,0,0,0,0,0,0,0,0,0,0,0,0,0,0,0,0,0,0,0,0
"1922800",0,0,0,0,0,0,0,0,0,0,0,0,0,0,0,0,0,0,0,0,0,0,0,0
"1922803",0,0,0,0,0,0,0,0,0,0,0,0,0,0,0,0,0,0,0,0,0,0,0,0
"1922805",0,0,0,0,0,0,0,0,0,0,0,0,0,0,0,0,0,0,0,0,0,0,0,0
"1922808",0,0,0,0,0,0,0,0,0,0,0,0,0,0,0,0,0,0,0,0,0,0,0,0
"1922809",0,0,0,0,0,0,0,0,0,0,0,0,0,0,0,0,0,0,0,0,0,0,0,0
"1922811",0,0,0,0,0,0,0,0,0,0,0,0,0,0,0,0,0,0,0,0,0,0,0,0
"1922812",0,0,0,0,0,0,0,0,0,0,0,0,0,0,0,0,0,0,0,0,0,0,0,0
"1922814",0,0,0,0,0,0,0,0,0,0,0,0,0,0,0,0,0,0,0,0,0,0,0,0
"1922815",0,0,0,0,0,0,0,0,0,0,0,0,0,0,0,0,0,0,0,0,0,0,0,0
"1922816",0,0,0,0,0,0,0,0,0,0,0,0,0,0,0,0,0,0,0,0,0,0,0,0
"1922817",0,0,0,0,0,0,0,0,0,0,0,0,0,0,0,0,0,0,0,0,0,0,0,0
"1922818",0,0,0,0,0,0,0,0,0,0,0,0,0,0,0,0,0,0,0,0,0,0,0,0
"1922819",0,0,0,0,0,0,0,0,0,0,0,0,0,0,0,0,0,0,0,0,0,0,0,0
"1922822",0,0,0,0,0,0,0,0,0,0,0,0,0,0,0,0,0,0,0,0,0,0,0,0
"1922823",0,0,0,0,0,0,0,0,0,0,0,0,0,0,0,0,0,0,0,0,0,0,0,0
"1922824",0,0,0,0,0,0,0,0,0,0,0,0,0,0,0,0,0,0,0,0,0,0,0,0
"1922827",0,0,0,0,0,0,0,0,0,0,0,0,0,0,0,0,0,0,0,0,0,0,0,0
"1922832",0,0,0,0,0,0,0,0,0,0,0,0,0,0,0,0,0,0,0,0,0,0,0,0
"1922833",0,0,0,0,0,0,0,0,0,0,0,0,0,0,0,0,0,0,0,0,0,0,0,0
"1922835",0,0,0,0,0,0,0,0,0,0,0,0,0,0,0,0,0,0,0,0,0,0,0,0
"1922836",0,0,0,0,0,0,0,0,0,0,0,0,0,0,0,0,0,0,0,0,0,0,0,0
"1922837",0,0,0,0,0,0,0,0,0,0,0,0,0,0,0,0,0,0,0,0,0,0,0,0
"1922860",0,0,0,0,0,0,0,0,0,0,0,0,0,0,0,0,0,0,0,0,0,0,0,0
"1922861",0,0,0,0,0,0,0,0,0,0,0,0,0,0,0,0,0,0,0,0,0,0,0,0
"1922867",0,0,0,0,0,0,0,0,0,0,0,0,0,0,0,0,0,0,0,0,0,0,0,0
"1922868",0,0,0,0,0,0,0,0,0,0,0,0,0,0,0,0,0,0,0,0,0,0,0,0
"1922873",0,0,0,0,0,0,0,0,0,0,0,0,0,0,0,0,0,0,0,0,0,0,0,0
"1922874",0,0,0,0,0,0,0,0,0,0,0,0,0,0,0,0,0,0,0,0,0,0,0,0
"1922875",0,0,0,0,0,0,0,0,0,0,0,0,0,0,0,0,0,0,0,0,0,0,0,0
"1922876",0,0,0,0,0,0,0,0,0,0,0,0,0,0,0,0,0,0,0,0,0,0,0,0
"1922877",0,0,0,0,0,0,0,0,0,0,0,0,0,0,0,0,0,0,0,0,0,0,0,0
"1922878",0,0,0,0,0,0,0,0,0,0,0,0,0,0,0,0,0,0,0,0,0,0,0,0
"1922879",0,0,0,0,0,0,0,0,0,0,0,0,0,0,0,0,0,0,0,0,0,0,0,0
"1922892",0,0,0,0,0,0,0,0,0,0,0,0,0,0,0,0,0,0,0,0,0,0,0,0
"1922893",0,0,0,0,0,0,0,0,0,0,0,0,0,0,0,0,0,0,0,0,0,0,0,0
"1922894",0,0,0,0,0,0,0,0,0,0,0,0,0,0,0,0,0,0,0,0,0,0,0,0
"1922895",0,0,0,0,0,0,0,0,0,0,0,0,0,0,0,0,0,0,0,0,0,0,0,0
"1922896",0,0,0,0,0,0,0,0,0,0,0,0,0,0,0,0,0,0,0,0,0,0,0,0
"1922898",0,0,0,0,0,0,0,0,0,0,0,0,0,0,0,0,0,0,0,0,0,0,0,0
"1922899",0,0,0,0,0,0,0,0,0,0,0,0,0,0,0,0,0,0,0,0,0,0,0,0
"1922900",0,0,0,0,0,0,0,0,0,0,0,0,0,0,0,0,0,0,0,0,0,0,0,0
"1922902",0,0,0,0,0,0,0,0,0,0,0,0,0,0,0,0,0,0,0,0,0,0,0,0
"1922905",0,0,0,0,0,0,0,0,0,0,0,0,0,0,0,0,0,0,0,0,0,0,0,0
"1922922",0,0,0,0,0,0,0,0,0,0,0,0,0,0,0,0,0,0,0,0,0,0,0,0
"1922923",0,0,0,0,0,0,0,0,0,0,0,0,0,0,0,0,0,0,0,0,0,0,0,0
"1922927",0,0,0,0,0,0,0,0,0,0,0,0,0,0,0,0,0,0,0,0,0,0,0,0
"1922928",0,0,0,0,0,0,0,0,0,0,0,0,0,0,0,0,0,0,0,0,0,0,0,0
"1922930",0,0,0,0,0,0,0,0,0,0,0,0,0,0,0,0,0,0,0,0,0,0,0,0
"1922931",0,0,0,0,0,0,0,0,0,0,0,0,0,0,0,0,0,0,0,0,0,0,0,0
"1922932",0,0,0,0,0,0,0,0,0,0,0,0,0,0,0,0,0,0,0,0,0,0,0,0
"1922933",0,0,0,0,0,0,0,0,0,0,0,0,0,0,0,0,0,0,0,0,0,0,0,0
"1922936",0,0,0,0,0,0,0,0,0,0,0,0,0,0,0,0,0,0,0,0,0,0,0,0
"1922943",0,0,0,0,0,0,0,0,0,0,0,0,0,0,0,0,0,0,0,0,0,0,0,0
"1922949",0,0,0,0,0,0,0,0,0,0,0,0,0,0,0,0,0,0,0,0,0,0,0,0
"1922950",0,0,0,0,0,0,0,0,0,0,0,0,0,0,0,0,0,0,0,0,0,0,0,0
"1922955",0,0,0,0,0,0,0,0,0,0,0,0,0,0,0,0,0,0,0,0,0,0,0,0
"1922956",0,0,0,0,0,0,0,0,0,0,0,0,0,0,0,0,0,0,0,0,0,0,0,0
"1922960",0,0,0,0,0,0,0,0,0,0,0,0,0,0,0,0,0,0,0,0,0,0,0,0
"1922962",0,0,0,0,0,0,0,0,0,0,0,0,0,0,0,0,0,0,0,0,0,0,0,0
"1922972",0,0,0,0,0,0,0,0,0,0,0,0,0,0,0,0,0,0,0,0,0,0,0,0
"1922988",0,0,0,0,0,0,0,0,0,0,0,0,0,0,0,0,0,0,0,0,0,0,0,0
"1922989",0,0,0,0,0,0,0,0,0,0,0,0,0,0,0,0,0,0,0,0,0,0,0,0
"1922993",0,0,0,0,0,0,0,0,0,0,0,0,0,0,0,0,0,0,0,0,0,0,0,0
"1922997",0,0,0,0,0,0,0,0,0,0,0,0,0,0,0,0,0,0,0,0,0,0,0,0
"1922999",0,0,0,0,0,0,0,0,0,0,0,0,0,0,0,0,0,0,0,0,0,0,0,0
"1923000",0,0,0,0,0,0,0,0,0,0,0,0,0,0,0,0,0,0,0,0,0,0,0,0
"1923011",0,0,0,0,0,0,0,0,0,0,0,0,0,0,0,0,0,0,0,0,0,0,0,0
"1923012",0,0,0,0,0,0,0,0,0,0,0,0,0,0,0,0,0,0,0,0,0,0,0,0
"1923017",0,0,0,0,0,0,0,0,0,0,0,0,0,0,0,0,0,0,0,0,0,0,0,0
"1923073",0,0,0,0,0,0,0,0,0,0,0,0,0,0,0,0,0,0,0,0,0,0,0,0
"1923074",0,0,0,0,0,0,0,0,0,0,0,0,0,0,0,0,0,0,0,0,0,0,0,0
"1923075",0,0,0,0,0,0,0,0,0,0,0,0,0,0,0,0,0,0,0,0,0,0,0,0
"1923079",0,0,0,0,0,0,0,0,0,0,0,0,0,0,0,0,0,0,0,0,0,0,0,0
"1923080",0,0,0,0,0,0,0,0,0,0,0,0,0,0,0,0,0,0,0,0,0,0,0,0
"1923082",0,0,0,0,0,0,0,0,0,0,0,0,0,0,0,0,0,0,0,0,0,0,0,0
"1923088",0,0,0,0,0,0,0,0,0,0,0,0,0,0,0,0,0,0,0,0,0,0,0,0
"1923089",0,0,0,0,0,0,0,0,0,0,0,0,0,0,0,0,0,0,0,0,0,0,0,0
"1923090",0,0,0,0,0,0,0,0,0,0,0,0,0,0,0,0,0,0,0,0,0,0,0,0
"1923091",0,0,0,0,0,0,0,0,0,0,0,0,0,0,0,0,0,0,0,0,0,0,0,0
"1923092",0,0,0,0,0,0,0,0,0,0,0,0,0,0,0,0,0,0,0,0,0,0,0,0
"1923093",0,0,0,0,0,0,0,0,0,0,0,0,0,0,0,0,0,0,0,0,0,0,0,0
"1923094",0,0,0,0,0,0,0,0,0,0,0,0,0,0,0,0,0,0,0,0,0,0,0,0
"1923095",0,0,0,0,0,0,0,0,0,0,0,0,0,0,0,0,0,0,0,0,0,0,0,0
"1923096",0,0,0,0,0,0,0,0,0,0,0,0,0,0,0,0,0,0,0,0,0,0,0,0
"1923097",0,0,0,0,0,0,0,0,0,0,0,0,0,0,0,0,0,0,0,0,0,0,0,0
"1923102",0,0,0,0,0,0,0,0,0,0,0,0,0,0,0,0,0,0,0,0,0,0,0,0
"1923105",0,0,0,0,0,0,0,0,0,0,0,0,0,0,0,0,0,0,0,0,0,0,0,0
"1923106",0,0,0,0,0,0,0,0,0,0,0,0,0,0,0,0,0,0,0,0,0,0,0,0
"1923107",0,0,0,0,0,0,0,0,0,0,0,0,0,0,0,0,0,0,0,0,0,0,0,0
"1923108",0,0,0,0,0,0,0,0,0,0,0,0,0,0,0,0,0,0,0,0,0,0,0,0
"1923109",0,0,0,0,0,0,0,0,0,0,0,0,0,0,0,0,0,0,0,0,0,0,0,0
"1923110",0,0,0,0,0,0,0,0,0,0,0,0,0,0,0,0,0,0,0,0,0,0,0,0
"1923111",0,0,0,0,0,0,0,0,0,0,0,0,0,0,0,0,0,0,0,0,0,0,0,0
"1923112",0,0,0,0,0,0,0,0,0,0,0,0,0,0,0,0,0,0,0,0,0,0,0,0
"1923113",0,0,0,0,0,0,0,0,0,0,0,0,0,0,0,0,0,0,0,0,0,0,0,0
"1923114",0,0,0,0,0,0,0,0,0,0,0,0,0,0,0,0,0,0,0,0,0,0,0,0
"1923115",0,0,0,0,0,0,0,0,0,0,0,0,0,0,0,0,0,0,0,0,0,0,0,0
"1923116",0,0,0,0,0,0,0,0,0,0,0,0,0,0,0,0,0,0,0,0,0,0,0,0
"1923117",0,0,0,0,0,0,0,0,0,0,0,0,0,0,0,0,0,0,0,0,0,0,0,0
"1923118",0,0,0,0,0,0,0,0,0,0,0,0,0,0,0,0,0,0,0,0,0,0,0,0
"1923119",0,0,0,0,0,0,0,0,0,0,0,0,0,0,0,0,0,0,0,0,0,0,0,0
"1923120",0,0,0,0,0,0,0,0,0,0,0,0,0,0,0,0,0,0,0,0,0,0,0,0
"1923122",0,0,0,0,0,0,0,0,0,0,0,0,0,0,0,0,0,0,0,0,0,0,0,0
"1923123",0,0,0,0,0,0,0,0,0,0,0,0,0,0,0,0,0,0,0,0,0,0,0,0
"1923124",0,0,0,0,0,0,0,0,0,0,0,0,0,0,0,0,0,0,0,0,0,0,0,0
"1923125",0,0,0,0,0,0,0,0,0,0,0,0,0,0,0,0,0,0,0,0,0,0,0,0
"1923126",0,0,0,0,0,0,0,0,0,0,0,0,0,0,0,0,0,0,0,0,0,0,0,0
"1923127",0,0,0,0,0,0,0,0,0,0,0,0,0,0,0,0,0,0,0,0,0,0,0,0
"1923128",0,0,0,0,0,0,0,0,0,0,0,0,0,0,0,0,0,0,0,0,0,0,0,0
"1923131",0,0,0,0,0,0,0,0,0,0,0,0,0,0,0,0,0,0,0,0,0,0,0,0
"1923132",0,0,0,0,0,0,0,0,0,0,0,0,0,0,0,0,0,0,0,0,0,0,0,0
"1923133",0,0,0,0,0,0,0,0,0,0,0,0,0,0,0,0,0,0,0,0,0,0,0,0
"1923134",0,0,0,0,0,0,0,0,0,0,0,0,0,0,0,0,0,0,0,0,0,0,0,0
"1923135",0,0,0,0,0,0,0,0,0,0,0,0,0,0,0,0,0,0,0,0,0,0,0,0
"1923136",0,0,0,0,0,0,0,0,0,0,0,0,0,0,0,0,0,0,0,0,0,0,0,0
"1923137",0,0,0,0,0,0,0,0,0,0,0,0,0,0,0,0,0,0,0,0,0,0,0,0
"1923138",0,0,0,0,0,0,0,0,0,0,0,0,0,0,0,0,0,0,0,0,0,0,0,0
"1923140",0,0,0,0,0,0,0,0,0,0,0,0,0,0,0,0,0,0,0,0,0,0,0,0
"1923141",0,0,0,0,0,0,0,0,0,0,0,0,0,0,0,0,0,0,0,0,0,0,0,0
"1923142",0,0,0,0,0,0,0,0,0,0,0,0,0,0,0,0,0,0,0,0,0,0,0,0
"1923143",0,0,0,0,0,0,0,0,0,0,0,0,0,0,0,0,0,0,0,0,0,0,0,0
"1923145",0,0,0,0,0,0,0,0,0,0,0,0,0,0,0,0,0,0,0,0,0,0,0,0
"1923147",0,0,0,0,0,0,0,0,0,0,0,0,0,0,0,0,0,0,0,0,0,0,0,0
"1923150",0,0,0,0,0,0,0,0,0,0,0,0,0,0,0,0,0,0,0,0,0,0,0,0
"1923151",0,0,0,0,0,0,0,0,0,0,0,0,0,0,0,0,0,0,0,0,0,0,0,0
"1923152",0,0,0,0,0,0,0,0,0,0,0,0,0,0,0,0,0,0,0,0,0,0,0,0
"1923153",0,0,0,0,0,0,0,0,0,0,0,0,0,0,0,0,0,0,0,0,0,0,0,0
"1923154",0,0,0,0,0,0,0,0,0,0,0,0,0,0,0,0,0,0,0,0,0,0,0,0
"1923155",0,0,0,0,0,0,0,0,0,0,0,0,0,0,0,0,0,0,0,0,0,0,0,0
"1923157",0,0,0,0,0,0,0,0,0,0,0,0,0,0,0,0,0,0,0,0,0,0,0,0
"1923160",0,0,0,0,0,0,0,0,0,0,0,0,0,0,0,0,0,0,0,0,0,0,0,0
"1923161",0,0,0,0,0,0,0,0,0,0,0,0,0,0,0,0,0,0,0,0,0,0,0,0
"1923162",0,0,0,0,0,0,0,0,0,0,0,0,0,0,0,0,0,0,0,0,0,0,0,0
"1923163",0,0,0,0,0,0,0,0,0,0,0,0,0,0,0,0,0,0,0,0,0,0,0,0
"1923164",0,0,0,0,0,0,0,0,0,0,0,0,0,0,0,0,0,0,0,0,0,0,0,0
"1923165",0,0,0,0,0,0,0,0,0,0,0,0,0,0,0,0,0,0,0,0,0,0,0,0
"1923168",0,0,0,0,0,0,0,0,0,0,0,0,0,0,0,0,0,0,0,0,0,0,0,0
"1923169",0,0,0,0,0,0,0,0,0,0,0,0,0,0,0,0,0,0,0,0,0,0,0,0
"1923185",0,0,0,0,0,0,0,0,0,0,0,0,0,0,0,0,0,0,0,0,0,0,0,0
"1923186",0,0,0,0,0,0,0,0,0,0,0,0,0,0,0,0,0,0,0,0,0,0,0,0
"1923194",0,0,0,0,0,0,0,0,0,0,0,0,0,0,0,0,0,0,0,0,0,0,0,0
"1923196",0,0,0,0,0,0,0,0,0,0,0,0,0,0,0,0,0,0,0,0,0,0,0,0
"1923197",0,0,0,0,0,0,0,0,0,0,0,0,0,0,0,0,0,0,0,0,0,0,0,0
"1923199",0,0,0,0,0,0,0,0,0,0,0,0,0,0,0,0,0,0,0,0,0,0,0,0
"1923200",0,0,0,0,0,0,0,0,0,0,0,0,0,0,0,0,0,0,0,0,0,0,0,0
"1923201",0,0,0,0,0,0,0,0,0,0,0,0,0,0,0,0,0,0,0,0,0,0,0,0
"1923205",0,0,0,0,0,0,0,0,0,0,0,0,0,0,0,0,0,0,0,0,0,0,0,0
"1923206",0,0,0,0,0,0,0,0,0,0,0,0,0,0,0,0,0,0,0,0,0,0,0,0
"1923208",0,0,0,0,0,0,0,0,0,0,0,0,0,0,0,0,0,0,0,0,0,0,0,0
"1923209",0,0,0,0,0,0,0,0,0,0,0,0,0,0,0,0,0,0,0,0,0,0,0,0
"1923211",0,0,0,0,0,0,0,0,0,0,0,0,0,0,0,0,0,0,0,0,0,0,0,0
"1923214",0,0,0,0,0,0,0,0,0,0,0,0,0,0,0,0,0,0,0,0,0,0,0,0
"1923215",0,0,0,0,0,0,0,0,0,0,0,0,0,0,0,0,0,0,0,0,0,0,0,0
"1923217",0,0,0,0,0,0,0,0,0,0,0,0,0,0,0,0,0,0,0,0,0,0,0,0
"1923220",0,0,0,0,0,0,0,0,0,0,0,0,0,0,0,0,0,0,0,0,0,0,0,0
"1923221",0,0,0,0,0,0,0,0,0,0,0,0,0,0,0,0,0,0,0,0,0,0,0,0
"1923222",0,0,0,0,0,0,0,0,0,0,0,0,0,0,0,0,0,0,0,0,0,0,0,0
"1923225",0,0,0,0,0,0,0,0,0,0,0,0,0,0,0,0,0,0,0,0,0,0,0,0
"1923228",0,0,0,0,0,0,0,0,0,0,0,0,0,0,0,0,0,0,0,0,0,0,0,0
"1923229",0,0,0,0,0,0,0,0,0,0,0,0,0,0,0,0,0,0,0,0,0,0,0,0
"1923230",0,0,0,0,0,0,0,0,0,0,0,0,0,0,0,0,0,0,0,0,0,0,0,0
"1923233",0,0,0,0,0,0,0,0,0,0,0,0,0,0,0,0,0,0,0,0,0,0,0,0
"1923234",0,0,0,0,0,0,0,0,0,0,0,0,0,0,0,0,0,0,0,0,0,0,0,0
"1923235",0,0,0,0,0,0,0,0,0,0,0,0,0,0,0,0,0,0,0,0,0,0,0,0
"1923236",0,0,0,0,0,0,0,0,0,0,0,0,0,0,0,0,0,0,0,0,0,0,0,0
"1923237",0,0,0,0,0,0,0,0,0,0,0,0,0,0,0,0,0,0,0,0,0,0,0,0
"1923238",0,0,0,0,0,0,0,0,0,0,0,0,0,0,0,0,0,0,0,0,0,0,0,0
"1923239",0,0,0,0,0,0,0,0,0,0,0,0,0,0,0,0,0,0,0,0,0,0,0,0
"1923240",0,0,0,0,0,0,0,0,0,0,0,0,0,0,0,0,0,0,0,0,0,0,0,0
"1923244",0,0,0,0,0,0,0,0,0,0,0,0,0,0,0,0,0,0,0,0,0,0,0,0
"1923245",0,0,0,0,0,0,0,0,0,0,0,0,0,0,0,0,0,0,0,0,0,0,0,0
"1923247",0,0,0,0,0,0,0,0,0,0,0,0,0,0,0,0,0,0,0,0,0,0,0,0
"1923248",0,0,0,0,0,0,0,0,0,0,0,0,0,0,0,0,0,0,0,0,0,0,0,0
"1923250",0,0,0,0,0,0,0,0,0,0,0,0,0,0,0,0,0,0,0,0,0,0,0,0
"1923252",0,0,0,0,0,0,0,0,0,0,0,0,0,0,0,0,0,0,0,0,0,0,0,0
"1923254",0,0,0,0,0,0,0,0,0,0,0,0,0,0,0,0,0,0,0,0,0,0,0,0
"1923255",0,0,0,0,0,0,0,0,0,0,0,0,0,0,0,0,0,0,0,0,0,0,0,0
"1923256",0,0,0,0,0,0,0,0,0,0,0,0,0,0,0,0,0,0,0,0,0,0,0,0
"1923257",0,0,0,0,0,0,0,0,0,0,0,0,0,0,0,0,0,0,0,0,0,0,0,0
"1923258",0,0,0,0,0,0,0,0,0,0,0,0,0,0,0,0,0,0,0,0,0,0,0,0
"1923261",0,0,0,0,0,0,0,0,0,0,0,0,0,0,0,0,0,0,0,0,0,0,0,0
"1923262",0,0,0,0,0,0,0,0,0,0,0,0,0,0,0,0,0,0,0,0,0,0,0,0
"1923263",0,0,0,0,0,0,0,0,0,0,0,0,0,0,0,0,0,0,0,0,0,0,0,0
"1923264",0,0,0,0,0,0,0,0,0,0,0,0,0,0,0,0,0,0,0,0,0,0,0,0
"1923265",0,0,0,0,0,0,0,0,0,0,0,0,0,0,0,0,0,0,0,0,0,0,0,0
"1923266",0,0,0,0,0,0,0,0,0,0,0,0,0,0,0,0,0,0,0,0,0,0,0,0
"1923267",0,0,0,0,0,0,0,0,0,0,0,0,0,0,0,0,0,0,0,0,0,0,0,0
"1923268",0,0,0,0,0,0,0,0,0,0,0,0,0,0,0,0,0,0,0,0,0,0,0,0
"1923269",0,0,0,0,0,0,0,0,0,0,0,0,0,0,0,0,0,0,0,0,0,0,0,0
"1923270",0,0,0,0,0,0,0,0,0,0,0,0,0,0,0,0,0,0,0,0,0,0,0,0
"1923272",0,0,0,0,0,0,0,0,0,0,0,0,0,0,0,0,0,0,0,0,0,0,0,0
"1923273",0,0,0,0,0,0,0,0,0,0,0,0,0,0,0,0,0,0,0,0,0,0,0,0
"1923274",0,0,0,0,0,0,0,0,0,0,0,0,0,0,0,0,0,0,0,0,0,0,0,0
"1923275",0,0,0,0,0,0,0,0,0,0,0,0,0,0,0,0,0,0,0,0,0,0,0,0
"1923277",0,0,0,0,0,0,0,0,0,0,0,0,0,0,0,0,0,0,0,0,0,0,0,0
"1923278",0,0,0,0,0,0,0,0,0,0,0,0,0,0,0,0,0,0,0,0,0,0,0,0
"1923281",0,0,0,0,0,0,0,0,0,0,0,0,0,0,0,0,0,0,0,0,0,0,0,0
"1923284",0,0,0,0,0,0,0,0,0,0,0,0,0,0,0,0,0,0,0,0,0,0,0,0
"1923285",0,0,0,0,0,0,0,0,0,0,0,0,0,0,0,0,0,0,0,0,0,0,0,0
"1923287",0,0,0,0,0,0,0,0,0,0,0,0,0,0,0,0,0,0,0,0,0,0,0,0
"1923288",0,0,0,0,0,0,0,0,0,0,0,0,0,0,0,0,0,0,0,0,0,0,0,0
"1923289",0,0,0,0,0,0,0,0,0,0,0,0,0,0,0,0,0,0,0,0,0,0,0,0
"1923291",0,0,0,0,0,0,0,0,0,0,0,0,0,0,0,0,0,0,0,0,0,0,0,0
"1923292",0,0,0,0,0,0,0,0,0,0,0,0,0,0,0,0,0,0,0,0,0,0,0,0
"1923293",0,0,0,0,0,0,0,0,0,0,0,0,0,0,0,0,0,0,0,0,0,0,0,0
"1923294",0,0,0,0,0,0,0,0,0,0,0,0,0,0,0,0,0,0,0,0,0,0,0,0
"1923295",0,0,0,0,0,0,0,0,0,0,0,0,0,0,0,0,0,0,0,0,0,0,0,0
"1923296",0,0,0,0,0,0,0,0,0,0,0,0,0,0,0,0,0,0,0,0,0,0,0,0
"1923301",0,0,0,0,0,0,0,0,0,0,0,0,0,0,0,0,0,0,0,0,0,0,0,0
"1923303",0,0,0,0,0,0,0,0,0,0,0,0,0,0,0,0,0,0,0,0,0,0,0,0
"1923304",0,0,0,0,0,0,0,0,0,0,0,0,0,0,0,0,0,0,0,0,0,0,0,0
"1923307",0,0,0,0,0,0,0,0,0,0,0,0,0,0,0,0,0,0,0,0,0,0,0,0
"1923308",0,0,0,0,0,0,0,0,0,0,0,0,0,0,0,0,0,0,0,0,0,0,0,0
"1923309",0,0,0,0,0,0,0,0,0,0,0,0,0,0,0,0,0,0,0,0,0,0,0,0
"1923310",0,0,0,0,0,0,0,0,0,0,0,0,0,0,0,0,0,0,0,0,0,0,0,0
"1923316",0,0,0,0,0,0,0,0,0,0,0,0,0,0,0,0,0,0,0,0,0,0,0,0
"1923320",0,0,0,0,0,0,0,0,0,0,0,0,0,0,0,0,0,0,0,0,0,0,0,0
"1923322",0,0,0,0,0,0,0,0,0,0,0,0,0,0,0,0,0,0,0,0,0,0,0,0
"1923324",0,0,0,0,0,0,0,0,0,0,0,0,0,0,0,0,0,0,0,0,0,0,0,0
"1923327",0,0,0,0,0,0,0,0,0,0,0,0,0,0,0,0,0,0,0,0,0,0,0,0
"1923331",0,0,0,0,0,0,0,0,0,0,0,0,0,0,0,0,0,0,0,0,0,0,0,0
"1923332",0,0,0,0,0,0,0,0,0,0,0,0,0,0,0,0,0,0,0,0,0,0,0,0
"1923333",0,0,0,0,0,0,0,0,0,0,0,0,0,0,0,0,0,0,0,0,0,0,0,0
"1923335",0,0,0,0,0,0,0,0,0,0,0,0,0,0,0,0,0,0,0,0,0,0,0,0
"1923336",0,0,0,0,0,0,0,0,0,0,0,0,0,0,0,0,0,0,0,0,0,0,0,0
"1923338",0,0,0,0,0,0,0,0,0,0,0,0,0,0,0,0,0,0,0,0,0,0,0,0
"1923340",0,0,0,0,0,0,0,0,0,0,0,0,0,0,0,0,0,0,0,0,0,0,0,0
"1923342",0,0,0,0,0,0,0,0,0,0,0,0,0,0,0,0,0,0,0,0,0,0,0,0
"1923343",0,0,0,0,0,0,0,0,0,0,0,0,0,0,0,0,0,0,0,0,0,0,0,0
"1923344",0,0,0,0,0,0,0,0,0,0,0,0,0,0,0,0,0,0,0,0,0,0,0,0
"1923345",0,0,0,0,0,0,0,0,0,0,0,0,0,0,0,0,0,0,0,0,0,0,0,0
"1923350",0,0,0,0,0,0,0,0,0,0,0,0,0,0,0,0,0,0,0,0,0,0,0,0
"1923356",0,0,0,0,0,0,0,0,0,0,0,0,0,0,0,0,0,0,0,0,0,0,0,0
"1923365",0,0,0,0,0,0,0,0,0,0,0,0,0,0,0,0,0,0,0,0,0,0,0,0
"1923366",0,0,0,0,0,0,0,0,0,0,0,0,0,0,0,0,0,0,0,0,0,0,0,0
"1923367",0,0,0,0,0,0,0,0,0,0,0,0,0,0,0,0,0,0,0,0,0,0,0,0
"1923370",0,0,0,0,0,0,0,0,0,0,0,0,0,0,0,0,0,0,0,0,0,0,0,0
"1923371",0,0,0,0,0,0,0,0,0,0,0,0,0,0,0,0,0,0,0,0,0,0,0,0
"1923372",0,0,0,0,0,0,0,0,0,0,0,0,0,0,0,0,0,0,0,0,0,0,0,0
"1923373",0,0,0,0,0,0,0,0,0,0,0,0,0,0,0,0,0,0,0,0,0,0,0,0
"1923374",0,0,0,0,0,0,0,0,0,0,0,0,0,0,0,0,0,0,0,0,0,0,0,0
"1923377",0,0,0,0,0,0,0,0,0,0,0,0,0,0,0,0,0,0,0,0,0,0,0,0
"1923378",0,0,0,0,0,0,0,0,0,0,0,0,0,0,0,0,0,0,0,0,0,0,0,0
"1923380",0,0,0,0,0,0,0,0,0,0,0,0,0,0,0,0,0,0,0,0,0,0,0,0
"1923381",0,0,0,0,0,0,0,0,0,0,0,0,0,0,0,0,0,0,0,0,0,0,0,0
"1923382",0,0,0,0,0,0,0,0,0,0,0,0,0,0,0,0,0,0,0,0,0,0,0,0
"1923384",0,0,0,0,0,0,0,0,0,0,0,0,0,0,0,0,0,0,0,0,0,0,0,0
"1923385",0,0,0,0,0,0,0,0,0,0,0,0,0,0,0,0,0,0,0,0,0,0,0,0
"1923386",0,0,0,0,0,0,0,0,0,0,0,0,0,0,0,0,0,0,0,0,0,0,0,0
"1923387",0,0,0,0,0,0,0,0,0,0,0,0,0,0,0,0,0,0,0,0,0,0,0,0
"1923388",0,0,0,0,0,0,0,0,0,0,0,0,0,0,0,0,0,0,0,0,0,0,0,0
"1923389",0,0,0,0,0,0,0,0,0,0,0,0,0,0,0,0,0,0,0,0,0,0,0,0
"1923390",0,0,0,0,0,0,0,0,0,0,0,0,0,0,0,0,0,0,0,0,0,0,0,0
"1923391",0,0,0,0,0,0,0,0,0,0,0,0,0,0,0,0,0,0,0,0,0,0,0,0
"1923392",0,0,0,0,0,0,0,0,0,0,0,0,0,0,0,0,0,0,0,0,0,0,0,0
"1923393",0,0,0,0,0,0,0,0,0,0,0,0,0,0,0,0,0,0,0,0,0,0,0,0
"1923394",0,0,0,0,0,0,0,0,0,0,0,0,0,0,0,0,0,0,0,0,0,0,0,0
"1923398",0,0,0,0,0,0,0,0,0,0,0,0,0,0,0,0,0,0,0,0,0,0,0,0
"1923399",0,0,0,0,0,0,0,0,0,0,0,0,0,0,0,0,0,0,0,0,0,0,0,0
"1923400",0,0,0,0,0,0,0,0,0,0,0,0,0,0,0,0,0,0,0,0,0,0,0,0
"1923401",0,0,0,0,0,0,0,0,0,0,0,0,0,0,0,0,0,0,0,0,0,0,0,0
"1923404",0,0,0,0,0,0,0,0,0,0,0,0,0,0,0,0,0,0,0,0,0,0,0,0
"1923406",0,0,0,0,0,0,0,0,0,0,0,0,0,0,0,0,0,0,0,0,0,0,0,0
"1923407",0,0,0,0,0,0,0,0,0,0,0,0,0,0,0,0,0,0,0,0,0,0,0,0
"1923408",0,0,0,0,0,0,0,0,0,0,0,0,0,0,0,0,0,0,0,0,0,0,0,0
"1923409",0,0,0,0,0,0,0,0,0,0,0,0,0,0,0,0,0,0,0,0,0,0,0,0
"1923414",0,0,0,0,0,0,0,0,0,0,0,0,0,0,0,0,0,0,0,0,0,0,0,0
"1923415",0,0,0,0,0,0,0,0,0,0,0,0,0,0,0,0,0,0,0,0,0,0,0,0
"1923416",0,0,0,0,0,0,0,0,0,0,0,0,0,0,0,0,0,0,0,0,0,0,0,0
"1923417",0,0,0,0,0,0,0,0,0,0,0,0,0,0,0,0,0,0,0,0,0,0,0,0
"1923419",0,0,0,0,0,0,0,0,0,0,0,0,0,0,0,0,0,0,0,0,0,0,0,0
"1923420",0,0,0,0,0,0,0,0,0,0,0,0,0,0,0,0,0,0,0,0,0,0,0,0
"1923421",0,0,0,0,0,0,0,0,0,0,0,0,0,0,0,0,0,0,0,0,0,0,0,0
"1923423",0,0,0,0,0,0,0,0,0,0,0,0,0,0,0,0,0,0,0,0,0,0,0,0
"1923425",0,0,0,0,0,0,0,0,0,0,0,0,0,0,0,0,0,0,0,0,0,0,0,0
"1923429",0,0,0,0,0,0,0,0,0,0,0,0,0,0,0,0,0,0,0,0,0,0,0,0
"1923430",0,0,0,0,0,0,0,0,0,0,0,0,0,0,0,0,0,0,0,0,0,0,0,0
"1923431",0,0,0,0,0,0,0,0,0,0,0,0,0,0,0,0,0,0,0,0,0,0,0,0
"1923433",0,0,0,0,0,0,0,0,0,0,0,0,0,0,0,0,0,0,0,0,0,0,0,0
"1923435",0,0,0,0,0,0,0,0,0,0,0,0,0,0,0,0,0,0,0,0,0,0,0,0
"1923439",0,0,0,0,0,0,0,0,0,0,0,0,0,0,0,0,0,0,0,0,0,0,0,0
"1923440",0,0,0,0,0,0,0,0,0,0,0,0,0,0,0,0,0,0,0,0,0,0,0,0
"1923441",0,0,0,0,0,0,0,0,0,0,0,0,0,0,0,0,0,0,0,0,0,0,0,0
"1923442",0,0,0,0,0,0,0,0,0,0,0,0,0,0,0,0,0,0,0,0,0,0,0,0
"1923443",0,0,0,0,0,0,0,0,0,0,0,0,0,0,0,0,0,0,0,0,0,0,0,0
"1923444",0,0,0,0,0,0,0,0,0,0,0,0,0,0,0,0,0,0,0,0,0,0,0,0
"1923445",0,0,0,0,0,0,0,0,0,0,0,0,0,0,0,0,0,0,0,0,0,0,0,0
"1923448",0,0,0,0,0,0,0,0,0,0,0,0,0,0,0,0,0,0,0,0,0,0,0,0
"1923449",0,0,0,0,0,0,0,0,0,0,0,0,0,0,0,0,0,0,0,0,0,0,0,0
"1923450",0,0,0,0,0,0,0,0,0,0,0,0,0,0,0,0,0,0,0,0,0,0,0,0
"1923451",0,0,0,0,0,0,0,0,0,0,0,0,0,0,0,0,0,0,0,0,0,0,0,0
"1923452",0,0,0,0,0,0,0,0,0,0,0,0,0,0,0,0,0,0,0,0,0,0,0,0
"1923454",0,0,0,0,0,0,0,0,0,0,0,0,0,0,0,0,0,0,0,0,0,0,0,0
"1923455",0,0,0,0,0,0,0,0,0,0,0,0,0,0,0,0,0,0,0,0,0,0,0,0
"1923463",0,0,0,0,0,0,0,0,0,0,0,0,0,0,0,0,0,0,0,0,0,0,0,0
"1923464",0,0,0,0,0,0,0,0,0,0,0,0,0,0,0,0,0,0,0,0,0,0,0,0
"1923466",0,0,0,0,0,0,0,0,0,0,0,0,0,0,0,0,0,0,0,0,0,0,0,0
"1923467",0,0,0,0,0,0,0,0,0,0,0,0,0,0,0,0,0,0,0,0,0,0,0,0
"1923468",0,0,0,0,0,0,0,0,0,0,0,0,0,0,0,0,0,0,0,0,0,0,0,0
"1923469",0,0,0,0,0,0,0,0,0,0,0,0,0,0,0,0,0,0,0,0,0,0,0,0
"1923474",0,0,0,0,0,0,0,0,0,0,0,0,0,0,0,0,0,0,0,0,0,0,0,0
"1923475",0,0,0,0,0,0,0,0,0,0,0,0,0,0,0,0,0,0,0,0,0,0,0,0
"1923476",0,0,0,0,0,0,0,0,0,0,0,0,0,0,0,0,0,0,0,0,0,0,0,0
"1923477",0,0,0,0,0,0,0,0,0,0,0,0,0,0,0,0,0,0,0,0,0,0,0,0
"1923478",0,0,0,0,0,0,0,0,0,0,0,0,0,0,0,0,0,0,0,0,0,0,0,0
"1923485",0,0,0,0,0,0,0,0,0,0,0,0,0,0,0,0,0,0,0,0,0,0,0,0
"1923487",0,0,0,0,0,0,0,0,0,0,0,0,0,0,0,0,0,0,0,0,0,0,0,0
"1923488",0,0,0,0,0,0,0,0,0,0,0,0,0,0,0,0,0,0,0,0,0,0,0,0
"1923493",0,0,0,0,0,0,0,0,0,0,0,0,0,0,0,0,0,0,0,0,0,0,0,0
"1923494",0,0,0,0,0,0,0,0,0,0,0,0,0,0,0,0,0,0,0,0,0,0,0,0
"1923495",0,0,0,0,0,0,0,0,0,0,0,0,0,0,0,0,0,0,0,0,0,0,0,0
"1923496",0,0,0,0,0,0,0,0,0,0,0,0,0,0,0,0,0,0,0,0,0,0,0,0
"1923507",0,0,0,0,0,0,0,0,0,0,0,0,0,0,0,0,0,0,0,0,0,0,0,0
"1923509",0,0,0,0,0,0,0,0,0,0,0,0,0,0,0,0,0,0,0,0,0,0,0,0
"1923529",0,0,0,0,0,0,0,0,0,0,0,0,0,0,0,0,0,0,0,0,0,0,0,0
"1923530",0,0,0,0,0,0,0,0,0,0,0,0,0,0,0,0,0,0,0,0,0,0,0,0
"1923531",0,0,0,0,0,0,0,0,0,0,0,0,0,0,0,0,0,0,0,0,0,0,0,0
"1923532",0,0,0,0,0,0,0,0,0,0,0,0,0,0,0,0,0,0,0,0,0,0,0,0
"1923533",0,0,0,0,0,0,0,0,0,0,0,0,0,0,0,0,0,0,0,0,0,0,0,0
"1923534",0,0,0,0,0,0,0,0,0,0,0,0,0,0,0,0,0,0,0,0,0,0,0,0
"1923535",0,0,0,0,0,0,0,0,0,0,0,0,0,0,0,0,0,0,0,0,0,0,0,0
"1923536",0,0,0,0,0,0,0,0,0,0,0,0,0,0,0,0,0,0,0,0,0,0,0,0
"1923537",0,0,0,0,0,0,0,0,0,0,0,0,0,0,0,0,0,0,0,0,0,0,0,0
"1923543",0,0,0,0,0,0,0,0,0,0,0,0,0,0,0,0,0,0,0,0,0,0,0,0
"1923545",0,0,0,0,0,0,0,0,0,0,0,0,0,0,0,0,0,0,0,0,0,0,0,0
"1923551",0,0,0,0,0,0,0,0,0,0,0,0,0,0,0,0,0,0,0,0,0,0,0,0
"1923553",0,0,0,0,0,0,0,0,0,0,0,0,0,0,0,0,0,0,0,0,0,0,0,0
"1923554",0,0,0,0,0,0,0,0,0,0,0,0,0,0,0,0,0,0,0,0,0,0,0,0
"1923555",0,0,0,0,0,0,0,0,0,0,0,0,0,0,0,0,0,0,0,0,0,0,0,0
"1923557",0,0,0,0,0,0,0,0,0,0,0,0,0,0,0,0,0,0,0,0,0,0,0,0
"1923559",0,0,0,0,0,0,0,0,0,0,0,0,0,0,0,0,0,0,0,0,0,0,0,0
"1923561",0,0,0,0,0,0,0,0,0,0,0,0,0,0,0,0,0,0,0,0,0,0,0,0
"1923563",0,0,0,0,0,0,0,0,0,0,0,0,0,0,0,0,0,0,0,0,0,0,0,0
"1923564",0,0,0,0,0,0,0,0,0,0,0,0,0,0,0,0,0,0,0,0,0,0,0,0
"1923565",0,0,0,0,0,0,0,0,0,0,0,0,0,0,0,0,0,0,0,0,0,0,0,0
"1923566",0,0,0,0,0,0,0,0,0,0,0,0,0,0,0,0,0,0,0,0,0,0,0,0
"1923578",0,0,0,0,0,0,0,0,0,0,0,0,0,0,0,0,0,0,0,0,0,0,0,0
"1923579",0,0,0,0,0,0,0,0,0,0,0,0,0,0,0,0,0,0,0,0,0,0,0,0
"1923580",0,0,0,0,0,0,0,0,0,0,0,0,0,0,0,0,0,0,0,0,0,0,0,0
"1923582",0,0,0,0,0,0,0,0,0,0,0,0,0,0,0,0,0,0,0,0,0,0,0,0
"1923593",0,0,0,0,0,0,0,0,0,0,0,0,0,0,0,0,0,0,0,0,0,0,0,0
"1923594",0,0,0,0,0,0,0,0,0,0,0,0,0,0,0,0,0,0,0,0,0,0,0,0
"1923595",0,0,0,0,0,0,0,0,0,0,0,0,0,0,0,0,0,0,0,0,0,0,0,0
"1923596",0,0,0,0,0,0,0,0,0,0,0,0,0,0,0,0,0,0,0,0,0,0,0,0
"1923597",0,0,0,0,0,0,0,0,0,0,0,0,0,0,0,0,0,0,0,0,0,0,0,0
"1923598",0,0,0,0,0,0,0,0,0,0,0,0,0,0,0,0,0,0,0,0,0,0,0,0
"1923599",0,0,0,0,0,0,0,0,0,0,0,0,0,0,0,0,0,0,0,0,0,0,0,0
"1923602",0,0,0,0,0,0,0,0,0,0,0,0,0,0,0,0,0,0,0,0,0,0,0,0
"1923603",0,0,0,0,0,0,0,0,0,0,0,0,0,0,0,0,0,0,0,0,0,0,0,0
"1923604",0,0,0,0,0,0,0,0,0,0,0,0,0,0,0,0,0,0,0,0,0,0,0,0
"1923605",0,0,0,0,0,0,0,0,0,0,0,0,0,0,0,0,0,0,0,0,0,0,0,0
"1923606",0,0,0,0,0,0,0,0,0,0,0,0,0,0,0,0,0,0,0,0,0,0,0,0
"1923607",0,0,0,0,0,0,0,0,0,0,0,0,0,0,0,0,0,0,0,0,0,0,0,0
"1923608",0,0,0,0,0,0,0,0,0,0,0,0,0,0,0,0,0,0,0,0,0,0,0,0
"1923609",0,0,0,0,0,0,0,0,0,0,0,0,0,0,0,0,0,0,0,0,0,0,0,0
"1923610",0,0,0,0,0,0,0,0,0,0,0,0,0,0,0,0,0,0,0,0,0,0,0,0
"1923611",0,0,0,0,0,0,0,0,0,0,0,0,0,0,0,0,0,0,0,0,0,0,0,0
"1923612",0,0,0,0,0,0,0,0,0,0,0,0,0,0,0,0,0,0,0,0,0,0,0,0
"1923614",0,0,0,0,0,0,0,0,0,0,0,0,0,0,0,0,0,0,0,0,0,0,0,0
"1923615",0,0,0,0,0,0,0,0,0,0,0,0,0,0,0,0,0,0,0,0,0,0,0,0
"1923617",0,0,0,0,0,0,0,0,0,0,0,0,0,0,0,0,0,0,0,0,0,0,0,0
"1923618",0,0,0,0,0,0,0,0,0,0,0,0,0,0,0,0,0,0,0,0,0,0,0,0
"1923621",0,0,0,0,0,0,0,0,0,0,0,0,0,0,0,0,0,0,0,0,0,0,0,0
"1923622",0,0,0,0,0,0,0,0,0,0,0,0,0,0,0,0,0,0,0,0,0,0,0,0
"1923623",0,0,0,0,0,0,0,0,0,0,0,0,0,0,0,0,0,0,0,0,0,0,0,0
"1923625",0,0,0,0,0,0,0,0,0,0,0,0,0,0,0,0,0,0,0,0,0,0,0,0
"1923626",0,0,0,0,0,0,0,0,0,0,0,0,0,0,0,0,0,0,0,0,0,0,0,0
"1923627",0,0,0,0,0,0,0,0,0,0,0,0,0,0,0,0,0,0,0,0,0,0,0,0
"1923629",0,0,0,0,0,0,0,0,0,0,0,0,0,0,0,0,0,0,0,0,0,0,0,0
"1923630",0,0,0,0,0,0,0,0,0,0,0,0,0,0,0,0,0,0,0,0,0,0,0,0
"1923632",0,0,0,0,0,0,0,0,0,0,0,0,0,0,0,0,0,0,0,0,0,0,0,0
"1923633",0,0,0,0,0,0,0,0,0,0,0,0,0,0,0,0,0,0,0,0,0,0,0,0
"1923636",0,0,0,0,0,0,0,0,0,0,0,0,0,0,0,0,0,0,0,0,0,0,0,0
"1923637",0,0,0,0,0,0,0,0,0,0,0,0,0,0,0,0,0,0,0,0,0,0,0,0
"1923639",0,0,0,0,0,0,0,0,0,0,0,0,0,0,0,0,0,0,0,0,0,0,0,0
"1923641",0,0,0,0,0,0,0,0,0,0,0,0,0,0,0,0,0,0,0,0,0,0,0,0
"1923644",0,0,0,0,0,0,0,0,0,0,0,0,0,0,0,0,0,0,0,0,0,0,0,0
"1923646",0,0,0,0,0,0,0,0,0,0,0,0,0,0,0,0,0,0,0,0,0,0,0,0
"1923649",0,0,0,0,0,0,0,0,0,0,0,0,0,0,0,0,0,0,0,0,0,0,0,0
"1923650",0,0,0,0,0,0,0,0,0,0,0,0,0,0,0,0,0,0,0,0,0,0,0,0
"1923652",0,0,0,0,0,0,0,0,0,0,0,0,0,0,0,0,0,0,0,0,0,0,0,0
"1923653",0,0,0,0,0,0,0,0,0,0,0,0,0,0,0,0,0,0,0,0,0,0,0,0
"1923654",0,0,0,0,0,0,0,0,0,0,0,0,0,0,0,0,0,0,0,0,0,0,0,0
"1923656",0,0,0,0,0,0,0,0,0,0,0,0,0,0,0,0,0,0,0,0,0,0,0,0
"1923658",0,0,0,0,0,0,0,0,0,0,0,0,0,0,0,0,0,0,0,0,0,0,0,0
"1923659",0,0,0,0,0,0,0,0,0,0,0,0,0,0,0,0,0,0,0,0,0,0,0,0
"1923660",0,0,0,0,0,0,0,0,0,0,0,0,0,0,0,0,0,0,0,0,0,0,0,0
"1923662",0,0,0,0,0,0,0,0,0,0,0,0,0,0,0,0,0,0,0,0,0,0,0,0
"1923665",0,0,0,0,0,0,0,0,0,0,0,0,0,0,0,0,0,0,0,0,0,0,0,0
"1923667",0,0,0,0,0,0,0,0,0,0,0,0,0,0,0,0,0,0,0,0,0,0,0,0
"1923668",0,0,0,0,0,0,0,0,0,0,0,0,0,0,0,0,0,0,0,0,0,0,0,0
"1923669",0,0,0,0,0,0,0,0,0,0,0,0,0,0,0,0,0,0,0,0,0,0,0,0
"1923670",0,0,0,0,0,0,0,0,0,0,0,0,0,0,0,0,0,0,0,0,0,0,0,0
"1923672",0,0,0,0,0,0,0,0,0,0,0,0,0,0,0,0,0,0,0,0,0,0,0,0
"1923673",0,0,0,0,0,0,0,0,0,0,0,0,0,0,0,0,0,0,0,0,0,0,0,0
"1923675",0,0,0,0,0,0,0,0,0,0,0,0,0,0,0,0,0,0,0,0,0,0,0,0
"1923676",0,0,0,0,0,0,0,0,0,0,0,0,0,0,0,0,0,0,0,0,0,0,0,0
"1923678",0,0,0,0,0,0,0,0,0,0,0,0,0,0,0,0,0,0,0,0,0,0,0,0
"1923679",0,0,0,0,0,0,0,0,0,0,0,0,0,0,0,0,0,0,0,0,0,0,0,0
"1923680",0,0,0,0,0,0,0,0,0,0,0,0,0,0,0,0,0,0,0,0,0,0,0,0
"1923682",0,0,0,0,0,0,0,0,0,0,0,0,0,0,0,0,0,0,0,0,0,0,0,0
"1923685",0,0,0,0,0,0,0,0,0,0,0,0,0,0,0,0,0,0,0,0,0,0,0,0
"1923690",0,0,0,0,0,0,0,0,0,0,0,0,0,0,0,0,0,0,0,0,0,0,0,0
"1923691",0,0,0,0,0,0,0,0,0,0,0,0,0,0,0,0,0,0,0,0,0,0,0,0
"1923697",0,0,0,0,0,0,0,0,0,0,0,0,0,0,0,0,0,0,0,0,0,0,0,0
"1923699",0,0,0,0,0,0,0,0,0,0,0,0,0,0,0,0,0,0,0,0,0,0,0,0
"1923701",0,0,0,0,0,0,0,0,0,0,0,0,0,0,0,0,0,0,0,0,0,0,0,0
"1923702",0,0,0,0,0,0,0,0,0,0,0,0,0,0,0,0,0,0,0,0,0,0,0,0
"1923703",0,0,0,0,0,0,0,0,0,0,0,0,0,0,0,0,0,0,0,0,0,0,0,0
"1923704",0,0,0,0,0,0,0,0,0,0,0,0,0,0,0,0,0,0,0,0,0,0,0,0
"1923705",0,0,0,0,0,0,0,0,0,0,0,0,0,0,0,0,0,0,0,0,0,0,0,0
"1923706",0,0,0,0,0,0,0,0,0,0,0,0,0,0,0,0,0,0,0,0,0,0,0,0
"1923707",0,0,0,0,0,0,0,0,0,0,0,0,0,0,0,0,0,0,0,0,0,0,0,0
"1923709",0,0,0,0,0,0,0,0,0,0,0,0,0,0,0,0,0,0,0,0,0,0,0,0
"1923710",0,0,0,0,0,0,0,0,0,0,0,0,0,0,0,0,0,0,0,0,0,0,0,0
"1923713",0,0,0,0,0,0,0,0,0,0,0,0,0,0,0,0,0,0,0,0,0,0,0,0
"1923715",0,0,0,0,0,0,0,0,0,0,0,0,0,0,0,0,0,0,0,0,0,0,0,0
"1923716",0,0,0,0,0,0,0,0,0,0,0,0,0,0,0,0,0,0,0,0,0,0,0,0
"1923717",0,0,0,0,0,0,0,0,0,0,0,0,0,0,0,0,0,0,0,0,0,0,0,0
"1923721",0,0,0,0,0,0,0,0,0,0,0,0,0,0,0,0,0,0,0,0,0,0,0,0
"1923724",0,0,0,0,0,0,0,0,0,0,0,0,0,0,0,0,0,0,0,0,0,0,0,0
"1923725",0,0,0,0,0,0,0,0,0,0,0,0,0,0,0,0,0,0,0,0,0,0,0,0
"1923726",0,0,0,0,0,0,0,0,0,0,0,0,0,0,0,0,0,0,0,0,0,0,0,0
"1923727",0,0,0,0,0,0,0,0,0,0,0,0,0,0,0,0,0,0,0,0,0,0,0,0
"1923730",0,0,0,0,0,0,0,0,0,0,0,0,0,0,0,0,0,0,0,0,0,0,0,0
"1923732",0,0,0,0,0,0,0,0,0,0,0,0,0,0,0,0,0,0,0,0,0,0,0,0
"1923735",0,0,0,0,0,0,0,0,0,0,0,0,0,0,0,0,0,0,0,0,0,0,0,0
"1923738",0,0,0,0,0,0,0,0,0,0,0,0,0,0,0,0,0,0,0,0,0,0,0,0
"1923739",0,0,0,0,0,0,0,0,0,0,0,0,0,0,0,0,0,0,0,0,0,0,0,0
"1923740",0,0,0,0,0,0,0,0,0,0,0,0,0,0,0,0,0,0,0,0,0,0,0,0
"1923742",0,0,0,0,0,0,0,0,0,0,0,0,0,0,0,0,0,0,0,0,0,0,0,0
"1923743",0,0,0,0,0,0,0,0,0,0,0,0,0,0,0,0,0,0,0,0,0,0,0,0
"1923744",0,0,0,0,0,0,0,0,0,0,0,0,0,0,0,0,0,0,0,0,0,0,0,0
"1923746",0,0,0,0,0,0,0,0,0,0,0,0,0,0,0,0,0,0,0,0,0,0,0,0
"1923748",0,0,0,0,0,0,0,0,0,0,0,0,0,0,0,0,0,0,0,0,0,0,0,0
"1923751",0,0,0,0,0,0,0,0,0,0,0,0,0,0,0,0,0,0,0,0,0,0,0,0
"1923752",0,0,0,0,0,0,0,0,0,0,0,0,0,0,0,0,0,0,0,0,0,0,0,0
"1923753",0,0,0,0,0,0,0,0,0,0,0,0,0,0,0,0,0,0,0,0,0,0,0,0
"1923754",0,0,0,0,0,0,0,0,0,0,0,0,0,0,0,0,0,0,0,0,0,0,0,0
"1923755",0,0,0,0,0,0,0,0,0,0,0,0,0,0,0,0,0,0,0,0,0,0,0,0
"1923756",0,0,0,0,0,0,0,0,0,0,0,0,0,0,0,0,0,0,0,0,0,0,0,0
"1923758",0,0,0,0,0,0,0,0,0,0,0,0,0,0,0,0,0,0,0,0,0,0,0,0
"1923759",0,0,0,0,0,0,0,0,0,0,0,0,0,0,0,0,0,0,0,0,0,0,0,0
"1923760",0,0,0,0,0,0,0,0,0,0,0,0,0,0,0,0,0,0,0,0,0,0,0,0
"1923761",0,0,0,0,0,0,0,0,0,0,0,0,0,0,0,0,0,0,0,0,0,0,0,0
"1923764",0,0,0,0,0,0,0,0,0,0,0,0,0,0,0,0,0,0,0,0,0,0,0,0
"1923765",0,0,0,0,0,0,0,0,0,0,0,0,0,0,0,0,0,0,0,0,0,0,0,0
"1923768",0,0,0,0,0,0,0,0,0,0,0,0,0,0,0,0,0,0,0,0,0,0,0,0
"1923770",0,0,0,0,0,0,0,0,0,0,0,0,0,0,0,0,0,0,0,0,0,0,0,0
"1923775",0,0,0,0,0,0,0,0,0,0,0,0,0,0,0,0,0,0,0,0,0,0,0,0
"1923779",0,0,0,0,0,0,0,0,0,0,0,0,0,0,0,0,0,0,0,0,0,0,0,0
"1923780",0,0,0,0,0,0,0,0,0,0,0,0,0,0,0,0,0,0,0,0,0,0,0,0
"1924285",0,0,0,0,0,0,0,0,0,0,0,0,0,0,0,0,0,0,0,0,0,0,0,0
"1924287",0,0,0,0,0,0,0,0,0,0,0,0,0,0,0,0,0,0,0,0,0,0,0,0
"1924729",0,0,0,0,0,0,0,0,0,0,0,0,0,0,0,0,0,0,0,0,0,0,0,0
"1924730",0,0,0,0,0,0,0,0,0,0,0,0,0,0,0,0,0,0,0,0,0,0,0,0
"1924732",0,0,0,0,0,0,0,0,0,0,0,0,0,0,0,0,0,0,0,0,0,0,0,0
"1924734",0,0,0,0,0,0,0,0,0,0,0,0,0,0,0,0,0,0,0,0,0,0,0,0
"1925019",0,0,0,0,0,0,0,0,0,0,0,0,0,0,0,0,0,0,0,0,0,0,0,0
"1925152",0,0,0,0,0,0,0,0,0,0,0,0,0,0,0,0,0,0,0,0,0,0,0,0
"1925781",0,0,0,0,0,0,0,0,0,0,0,0,0,0,0,0,0,0,0,0,0,0,0,0
"1926511",0,0,0,0,0,0,0,0,0,0,0,0,0,0,0,0,0,0,0,0,0,0,0,0
"1926967",0,0,0,0,0,0,0,0,0,0,0,0,0,0,0,0,0,0,0,0,0,0,0,0
"1926968",0,0,0,0,0,0,0,0,0,0,0,0,0,0,0,0,0,0,0,0,0,0,0,0
"1926969",0,0,0,0,0,0,0,0,0,0,0,0,0,0,0,0,0,0,0,0,0,0,0,0
"1926997",0,0,0,0,0,0,0,0,0,0,0,0,0,0,0,0,0,0,0,0,0,0,0,0
"1926998",0,0,0,0,0,0,0,0,0,0,0,0,0,0,0,0,0,0,0,0,0,0,0,0
"1929030",0,0,0,0,0,0,0,0,0,0,0,0,0,0,0,0,0,0,0,0,0,0,0,0
"1929150",0,0,0,0,0,0,0,0,0,0,0,0,0,0,0,0,0,0,0,0,0,0,0,0
"1930269",0,0,0,0,0,0,0,0,0,0,0,0,0,0,0,0,0,0,0,0,0,0,0,0
"1930302",0,0,0,0,0,0,0,0,0,0,0,0,0,0,0,0,0,0,0,0,0,0,0,0
"1930507",0,0,0,0,0,0,0,0,0,0,0,0,0,0,0,0,0,0,0,0,0,0,0,0
"1930509",0,0,0,0,0,0,0,0,0,0,0,0,0,0,0,0,0,0,0,0,0,0,0,0
"1930920",0,0,0,0,0,0,0,0,0,0,0,0,0,0,0,0,0,0,0,0,0,0,0,0
"193121",0,0,0,0,0,0,0,0,0,0,0,0,0,0,0,0,0,0,0,0,0,0,0,0
"193122",0,0,0,0,0,0,0,0,0,0,0,0,0,0,0,0,0,0,0,0,0,0,0,0
"1931369",0,0,0,0,0,0,0,0,0,0,0,0,0,0,0,0,0,0,0,0,0,0,0,0
"1931371",0,0,0,0,0,0,0,0,0,0,0,0,0,0,0,0,0,0,0,0,0,0,0,0
"1932006",0,0,0,0,0,0,0,0,0,0,0,0,0,0,0,0,0,0,0,0,0,0,0,0
"1932118",0,0,0,0,0,0,0,0,0,0,0,0,0,0,0,0,0,0,0,0,0,0,0,0
"1932910",0,0,0,0,0,0,0,0,0,0,0,0,0,0,0,0,0,0,0,0,0,0,0,0
"1932912",0,0,0,0,0,0,0,0,0,0,0,0,0,0,0,0,0,0,0,0,0,0,0,0
"1932923",0,0,0,0,0,0,0,0,0,0,0,0,0,0,0,0,0,0,0,0,0,0,0,0
"1933178",0,0,0,0,0,0,0,0,0,0,0,0,0,0,0,0,0,0,0,0,0,0,0,0
"1933180",0,0,0,0,0,0,0,0,0,0,0,0,0,0,0,0,0,0,0,0,0,0,0,0
"1933181",0,0,0,0,0,0,0,0,0,0,0,0,0,0,0,0,0,0,0,0,0,0,0,0
"1933185",0,0,0,0,0,0,0,0,0,0,0,0,0,0,0,0,0,0,0,0,0,0,0,0
"1933263",0,0,0,0,0,0,0,0,0,0,0,0,0,0,0,0,0,0,0,0,0,0,0,0
"1933903",0,0,0,0,0,0,0,0,0,0,0,0,0,0,0,0,0,0,0,0,0,0,0,0
"1933906",0,0,0,0,0,0,0,0,0,0,0,0,0,0,0,0,0,0,0,0,0,0,0,0
"1933907",0,0,0,0,0,0,0,0,0,0,0,0,0,0,0,0,0,0,0,0,0,0,0,0
"1933911",0,0,0,0,0,0,0,0,0,0,0,0,0,0,0,0,0,0,0,0,0,0,0,0
"1934254",0,0,0,0,0,0,0,0,0,0,0,0,0,0,0,0,0,0,0,0,0,0,0,0
"1934322",0,0,0,0,0,0,0,0,0,0,0,0,0,0,0,0,0,0,0,0,0,0,0,0
"1935922",0,0,0,0,0,0,0,0,0,0,0,0,0,0,0,0,0,0,0,0,0,0,0,0
"1936269",0,0,0,0,0,0,0,0,0,0,0,0,0,0,0,0,0,0,0,0,0,0,0,0
"1937789",0,0,0,0,0,0,0,0,0,0,0,0,0,0,0,0,0,0,0,0,0,0,0,0
"1937817",0,0,0,0,0,0,0,0,0,0,0,0,0,0,0,0,0,0,0,0,0,0,0,0
"1938656",0,0,0,0,0,0,0,0,0,0,0,0,0,0,0,0,0,0,0,0,0,0,0,0
"1939619",0,0,0,0,0,0,0,0,0,0,0,0,0,0,0,0,0,0,0,0,0,0,0,0
"1941234",0,0,0,0,0,0,0,0,0,0,0,0,0,0,0,0,0,0,0,0,0,0,0,0
"1941236",0,0,0,0,0,0,0,0,0,0,0,0,0,0,0,0,0,0,0,0,0,0,0,0
"1941238",0,0,0,0,0,0,0,0,0,0,0,0,0,0,0,0,0,0,0,0,0,0,0,0
"194443",0,0,0,0,0,0,0,0,0,0,0,0,0,0,0,0,0,0,0,0,0,0,0,0
"1945560",0,0,0,0,0,0,0,0,0,0,0,0,0,0,0,0,0,0,0,0,0,0,0,0
"1945562",0,0,0,0,0,0,0,0,0,0,0,0,0,0,0,0,0,0,0,0,0,0,0,0
"1945575",0,0,0,0,0,0,0,0,0,0,0,0,0,0,0,0,0,0,0,0,0,0,0,0
"1945582",0,0,0,0,0,0,0,0,0,0,0,0,0,0,0,0,0,0,0,0,0,0,0,0
"1945584",0,0,0,0,0,0,0,0,0,0,0,0,0,0,0,0,0,0,0,0,0,0,0,0
"1945585",0,0,0,0,0,0,0,0,0,0,0,0,0,0,0,0,0,0,0,0,0,0,0,0
"1945586",0,0,0,0,0,0,0,0,0,0,0,0,0,0,0,0,0,0,0,0,0,0,0,0
"1945589",0,0,0,0,0,0,0,0,0,0,0,0,0,0,0,0,0,0,0,0,0,0,0,0
"1945739",0,0,0,0,0,0,0,0,0,0,0,0,0,0,0,0,0,0,0,0,0,0,0,0
"1945740",0,0,0,0,0,0,0,0,0,0,0,0,0,0,0,0,0,0,0,0,0,0,0,0
"1949196",0,0,0,0,0,0,0,0,0,0,0,0,0,0,0,0,0,0,0,0,0,0,0,0
"1949197",0,0,0,0,0,0,0,0,0,0,0,0,0,0,0,0,0,0,0,0,0,0,0,0
"194965",0,0,0,0,0,0,0,0,0,0,0,0,0,0,0,0,0,0,0,0,0,0,0,0
"195061",0,0,0,0,0,0,0,0,0,0,0,0,0,0,0,0,0,0,0,0,0,0,0,0
"195062",0,0,0,0,0,0,0,0,0,0,0,0,0,0,0,0,0,0,0,0,0,0,0,0
"1954248",0,0,0,0,0,0,0,0,0,0,0,0,0,0,0,0,0,0,0,0,0,0,0,0
"1954379",0,0,0,0,0,0,0,0,0,0,0,0,0,0,0,0,0,0,0,0,0,0,0,0
"1955054",0,0,0,0,0,0,0,0,0,0,0,0,0,0,0,0,0,0,0,0,0,0,0,0
"1955175",0,0,0,0,0,0,0,0,0,0,0,0,0,0,0,0,0,0,0,0,0,0,0,0
"1955197",0,0,0,0,0,0,0,0,0,0,0,0,0,0,0,0,0,0,0,0,0,0,0,0
"1955199",0,0,0,0,0,0,0,0,0,0,0,0,0,0,0,0,0,0,0,0,0,0,0,0
"1955493",0,0,0,0,0,0,0,0,0,0,0,0,0,0,0,0,0,0,0,0,0,0,0,0
"1958777",0,0,0,0,0,0,0,0,0,0,0,0,0,0,0,0,0,0,0,0,0,0,0,0
"1958778",0,0,0,0,0,0,0,0,0,0,0,0,0,0,0,0,0,0,0,0,0,0,0,0
"1958785",0,0,0,0,0,0,0,0,0,0,0,0,0,0,0,0,0,0,0,0,0,0,0,0
"1958786",0,0,0,0,0,0,0,0,0,0,0,0,0,0,0,0,0,0,0,0,0,0,0,0
"1958957",0,0,0,0,0,0,0,0,0,0,0,0,0,0,0,0,0,0,0,0,0,0,0,0
"1959287",0,0,0,0,0,0,0,0,0,0,0,0,0,0,0,0,0,0,0,0,0,0,0,0
"1959843",0,0,0,0,0,0,0,0,0,0,0,0,0,0,0,0,0,0,0,0,0,0,0,0
"1959844",0,0,0,0,0,0,0,0,0,0,0,0,0,0,0,0,0,0,0,0,0,0,0,0
"1959930",0,0,0,0,0,0,0,0,0,0,0,0,0,0,0,0,0,0,0,0,0,0,0,0
"1960046",0,0,0,0,0,0,0,0,0,0,0,0,0,0,0,0,0,0,0,0,0,0,0,0
"1960710",0,0,0,0,0,0,0,0,0,0,0,0,0,0,0,0,0,0,0,0,0,0,0,0
"1961665",0,0,0,0,0,0,0,0,0,0,0,0,0,0,0,0,0,0,0,0,0,0,0,0
"1961678",0,0,0,0,0,0,0,0,0,0,0,0,0,0,0,0,0,0,0,0,0,0,0,0
"1961679",0,0,0,0,0,0,0,0,0,0,0,0,0,0,0,0,0,0,0,0,0,0,0,0
"1961681",0,0,0,0,0,0,0,0,0,0,0,0,0,0,0,0,0,0,0,0,0,0,0,0
"1961682",0,0,0,0,0,0,0,0,0,0,0,0,0,0,0,0,0,0,0,0,0,0,0,0
"1961683",0,0,0,0,0,0,0,0,0,0,0,0,0,0,0,0,0,0,0,0,0,0,0,0
"1961783",0,0,0,0,0,0,0,0,0,0,0,0,0,0,0,0,0,0,0,0,0,0,0,0
"1961787",0,0,0,0,0,0,0,0,0,0,0,0,0,0,0,0,0,0,0,0,0,0,0,0
"1963247",0,0,0,0,0,0,0,0,0,0,0,0,0,0,0,0,0,0,0,0,0,0,0,0
"1963254",0,0,0,0,0,0,0,0,0,0,0,0,0,0,0,0,0,0,0,0,0,0,0,0
"1963256",0,0,0,0,0,0,0,0,0,0,0,0,0,0,0,0,0,0,0,0,0,0,0,0
"196398",0,0,0,0,0,0,0,0,0,0,0,0,0,0,0,0,0,0,0,0,0,0,0,0
"196400",0,0,0,0,0,0,0,0,0,0,0,0,0,0,0,0,0,0,0,0,0,0,0,0
"196403",0,0,0,0,0,0,0,0,0,0,0,0,0,0,0,0,0,0,0,0,0,0,0,0
"1964370",0,0,0,0,0,0,0,0,0,0,0,0,0,0,0,0,0,0,0,0,0,0,0,0
"1964372",0,0,0,0,0,0,0,0,0,0,0,0,0,0,0,0,0,0,0,0,0,0,0,0
"1964806",0,0,0,0,0,0,0,0,0,0,0,0,0,0,0,0,0,0,0,0,0,0,0,0
"1965018",0,0,0,0,0,0,0,0,0,0,0,0,0,0,0,0,0,0,0,0,0,0,0,0
"1965074",0,0,0,0,0,0,0,0,0,0,0,0,0,0,0,0,0,0,0,0,0,0,0,0
"1965089",0,0,0,0,0,0,0,0,0,0,0,0,0,0,0,0,0,0,0,0,0,0,0,0
"1965093",0,0,0,0,0,0,0,0,0,0,0,0,0,0,0,0,0,0,0,0,0,0,0,0
"1965225",0,0,0,0,0,0,0,0,0,0,0,0,0,0,0,0,0,0,0,0,0,0,0,0
"1965306",0,0,0,0,0,0,0,0,0,0,0,0,0,0,0,0,0,0,0,0,0,0,0,0
"1965355",0,0,0,0,0,0,0,0,0,0,0,0,0,0,0,0,0,0,0,0,0,0,0,0
"1965376",0,0,0,0,0,0,0,0,0,0,0,0,0,0,0,0,0,0,0,0,0,0,0,0
"1965378",0,0,0,0,0,0,0,0,0,0,0,0,0,0,0,0,0,0,0,0,0,0,0,0
"1965379",0,0,0,0,0,0,0,0,0,0,0,0,0,0,0,0,0,0,0,0,0,0,0,0
"1965380",0,0,0,0,0,0,0,0,0,0,0,0,0,0,0,0,0,0,0,0,0,0,0,0
"1965382",0,0,0,0,0,0,0,0,0,0,0,0,0,0,0,0,0,0,0,0,0,0,0,0
"1965383",0,0,0,0,0,0,0,0,0,0,0,0,0,0,0,0,0,0,0,0,0,0,0,0
"1965385",0,0,0,0,0,0,0,0,0,0,0,0,0,0,0,0,0,0,0,0,0,0,0,0
"196691",0,0,0,0,0,0,0,0,0,0,0,0,0,0,0,0,0,0,0,0,0,0,0,0
"1969351",0,0,0,0,0,0,0,0,0,0,0,0,0,0,0,0,0,0,0,0,0,0,0,0
"1969400",0,0,0,0,0,0,0,0,0,0,0,0,0,0,0,0,0,0,0,0,0,0,0,0
"1969830",0,0,0,0,0,0,0,0,0,0,0,0,0,0,0,0,0,0,0,0,0,0,0,0
"1971410",0,0,0,0,0,0,0,0,0,0,0,0,0,0,0,0,0,0,0,0,0,0,0,0
"1971411",0,0,0,0,0,0,0,0,0,0,0,0,0,0,0,0,0,0,0,0,0,0,0,0
"1971417",0,0,0,0,0,0,0,0,0,0,0,0,0,0,0,0,0,0,0,0,0,0,0,0
"1971418",0,0,0,0,0,0,0,0,0,0,0,0,0,0,0,0,0,0,0,0,0,0,0,0
"1971419",0,0,0,0,0,0,0,0,0,0,0,0,0,0,0,0,0,0,0,0,0,0,0,0
"1971421",0,0,0,0,0,0,0,0,0,0,0,0,0,0,0,0,0,0,0,0,0,0,0,0
"1971423",0,0,0,0,0,0,0,0,0,0,0,0,0,0,0,0,0,0,0,0,0,0,0,0
"1971424",0,0,0,0,0,0,0,0,0,0,0,0,0,0,0,0,0,0,0,0,0,0,0,0
"1971425",0,0,0,0,0,0,0,0,0,0,0,0,0,0,0,0,0,0,0,0,0,0,0,0
"1971427",0,0,0,0,0,0,0,0,0,0,0,0,0,0,0,0,0,0,0,0,0,0,0,0
"1971429",0,0,0,0,0,0,0,0,0,0,0,0,0,0,0,0,0,0,0,0,0,0,0,0
"1971431",0,0,0,0,0,0,0,0,0,0,0,0,0,0,0,0,0,0,0,0,0,0,0,0
"1971432",0,0,0,0,0,0,0,0,0,0,0,0,0,0,0,0,0,0,0,0,0,0,0,0
"1971436",0,0,0,0,0,0,0,0,0,0,0,0,0,0,0,0,0,0,0,0,0,0,0,0
"1971439",0,0,0,0,0,0,0,0,0,0,0,0,0,0,0,0,0,0,0,0,0,0,0,0
"1971443",0,0,0,0,0,0,0,0,0,0,0,0,0,0,0,0,0,0,0,0,0,0,0,0
"1971445",0,0,0,0,0,0,0,0,0,0,0,0,0,0,0,0,0,0,0,0,0,0,0,0
"1972431",0,0,0,0,0,0,0,0,0,0,0,0,0,0,0,0,0,0,0,0,0,0,0,0
"1972566",0,0,0,0,0,0,0,0,0,0,0,0,0,0,0,0,0,0,0,0,0,0,0,0
"1972567",0,0,0,0,0,0,0,0,0,0,0,0,0,0,0,0,0,0,0,0,0,0,0,0
"1972568",0,0,0,0,0,0,0,0,0,0,0,0,0,0,0,0,0,0,0,0,0,0,0,0
"1972570",0,0,0,0,0,0,0,0,0,0,0,0,0,0,0,0,0,0,0,0,0,0,0,0
"1972571",0,0,0,0,0,0,0,0,0,0,0,0,0,0,0,0,0,0,0,0,0,0,0,0
"1972572",0,0,0,0,0,0,0,0,0,0,0,0,0,0,0,0,0,0,0,0,0,0,0,0
"1972573",0,0,0,0,0,0,0,0,0,0,0,0,0,0,0,0,0,0,0,0,0,0,0,0
"1972574",0,0,0,0,0,0,0,0,0,0,0,0,0,0,0,0,0,0,0,0,0,0,0,0
"1972575",0,0,0,0,0,0,0,0,0,0,0,0,0,0,0,0,0,0,0,0,0,0,0,0
"1972576",0,0,0,0,0,0,0,0,0,0,0,0,0,0,0,0,0,0,0,0,0,0,0,0
"1972577",0,0,0,0,0,0,0,0,0,0,0,0,0,0,0,0,0,0,0,0,0,0,0,0
"1972578",0,0,0,0,0,0,0,0,0,0,0,0,0,0,0,0,0,0,0,0,0,0,0,0
"1972581",0,0,0,0,0,0,0,0,0,0,0,0,0,0,0,0,0,0,0,0,0,0,0,0
"1972584",0,0,0,0,0,0,0,0,0,0,0,0,0,0,0,0,0,0,0,0,0,0,0,0
"1972586",0,0,0,0,0,0,0,0,0,0,0,0,0,0,0,0,0,0,0,0,0,0,0,0
"1972587",0,0,0,0,0,0,0,0,0,0,0,0,0,0,0,0,0,0,0,0,0,0,0,0
"1972588",0,0,0,0,0,0,0,0,0,0,0,0,0,0,0,0,0,0,0,0,0,0,0,0
"1972589",0,0,0,0,0,0,0,0,0,0,0,0,0,0,0,0,0,0,0,0,0,0,0,0
"1972592",0,0,0,0,0,0,0,0,0,0,0,0,0,0,0,0,0,0,0,0,0,0,0,0
"1972593",0,0,0,0,0,0,0,0,0,0,0,0,0,0,0,0,0,0,0,0,0,0,0,0
"1972594",0,0,0,0,0,0,0,0,0,0,0,0,0,0,0,0,0,0,0,0,0,0,0,0
"1972595",0,0,0,0,0,0,0,0,0,0,0,0,0,0,0,0,0,0,0,0,0,0,0,0
"1972596",0,0,0,0,0,0,0,0,0,0,0,0,0,0,0,0,0,0,0,0,0,0,0,0
"1972597",0,0,0,0,0,0,0,0,0,0,0,0,0,0,0,0,0,0,0,0,0,0,0,0
"1972611",0,0,0,0,0,0,0,0,0,0,0,0,0,0,0,0,0,0,0,0,0,0,0,0
"1972612",0,0,0,0,0,0,0,0,0,0,0,0,0,0,0,0,0,0,0,0,0,0,0,0
"1972613",0,0,0,0,0,0,0,0,0,0,0,0,0,0,0,0,0,0,0,0,0,0,0,0
"1972614",0,0,0,0,0,0,0,0,0,0,0,0,0,0,0,0,0,0,0,0,0,0,0,0
"1972615",0,0,0,0,0,0,0,0,0,0,0,0,0,0,0,0,0,0,0,0,0,0,0,0
"1972616",0,0,0,0,0,0,0,0,0,0,0,0,0,0,0,0,0,0,0,0,0,0,0,0
"1972617",0,0,0,0,0,0,0,0,0,0,0,0,0,0,0,0,0,0,0,0,0,0,0,0
"1972618",0,0,0,0,0,0,0,0,0,0,0,0,0,0,0,0,0,0,0,0,0,0,0,0
"1972620",0,0,0,0,0,0,0,0,0,0,0,0,0,0,0,0,0,0,0,0,0,0,0,0
"1972621",0,0,0,0,0,0,0,0,0,0,0,0,0,0,0,0,0,0,0,0,0,0,0,0
"1972622",0,0,0,0,0,0,0,0,0,0,0,0,0,0,0,0,0,0,0,0,0,0,0,0
"1972623",0,0,0,0,0,0,0,0,0,0,0,0,0,0,0,0,0,0,0,0,0,0,0,0
"1972624",0,0,0,0,0,0,0,0,0,0,0,0,0,0,0,0,0,0,0,0,0,0,0,0
"1972625",0,0,0,0,0,0,0,0,0,0,0,0,0,0,0,0,0,0,0,0,0,0,0,0
"1972639",0,0,0,0,0,0,0,0,0,0,0,0,0,0,0,0,0,0,0,0,0,0,0,0
"1972683",0,0,0,0,0,0,0,0,0,0,0,0,0,0,0,0,0,0,0,0,0,0,0,0
"1972686",0,0,0,0,0,0,0,0,0,0,0,0,0,0,0,0,0,0,0,0,0,0,0,0
"1972687",0,0,0,0,0,0,0,0,0,0,0,0,0,0,0,0,0,0,0,0,0,0,0,0
"1972700",0,0,0,0,0,0,0,0,0,0,0,0,0,0,0,0,0,0,0,0,0,0,0,0
"1972716",0,0,0,0,0,0,0,0,0,0,0,0,0,0,0,0,0,0,0,0,0,0,0,0
"1972994",0,0,0,0,0,0,0,0,0,0,0,0,0,0,0,0,0,0,0,0,0,0,0,0
"1977141",0,0,0,0,0,0,0,0,0,0,0,0,0,0,0,0,0,0,0,0,0,0,0,0
"1977142",0,0,0,0,0,0,0,0,0,0,0,0,0,0,0,0,0,0,0,0,0,0,0,0
"1977143",0,0,0,0,0,0,0,0,0,0,0,0,0,0,0,0,0,0,0,0,0,0,0,0
"1977298",0,0,0,0,0,0,0,0,0,0,0,0,0,0,0,0,0,0,0,0,0,0,0,0
"1977304",0,0,0,0,0,0,0,0,0,0,0,0,0,0,0,0,0,0,0,0,0,0,0,0
"1977307",0,0,0,0,0,0,0,0,0,0,0,0,0,0,0,0,0,0,0,0,0,0,0,0
"1977392",0,0,0,0,0,0,0,0,0,0,0,0,0,0,0,0,0,0,0,0,0,0,0,0
"1977402",0,0,0,0,0,0,0,0,0,0,0,0,0,0,0,0,0,0,0,0,0,0,0,0
"1977411",0,0,0,0,0,0,0,0,0,0,0,0,0,0,0,0,0,0,0,0,0,0,0,0
"197771",0,0,0,0,0,0,0,0,0,0,0,0,0,0,0,0,0,0,0,0,0,0,0,0
"197772",0,0,0,0,0,0,0,0,0,0,0,0,0,0,0,0,0,0,0,0,0,0,0,0
"1978413",0,0,0,0,0,0,0,0,0,0,0,0,0,0,0,0,0,0,0,0,0,0,0,0
"1978533",0,0,0,0,0,0,0,0,0,0,0,0,0,0,0,0,0,0,0,0,0,0,0,0
"1978534",0,0,0,0,0,0,0,0,0,0,0,0,0,0,0,0,0,0,0,0,0,0,0,0
"1978535",0,0,0,0,0,0,0,0,0,0,0,0,0,0,0,0,0,0,0,0,0,0,0,0
"1978536",0,0,0,0,0,0,0,0,0,0,0,0,0,0,0,0,0,0,0,0,0,0,0,0
"1978537",0,0,0,0,0,0,0,0,0,0,0,0,0,0,0,0,0,0,0,0,0,0,0,0
"1978538",0,0,0,0,0,0,0,0,0,0,0,0,0,0,0,0,0,0,0,0,0,0,0,0
"1978540",0,0,0,0,0,0,0,0,0,0,0,0,0,0,0,0,0,0,0,0,0,0,0,0
"1978541",0,0,0,0,0,0,0,0,0,0,0,0,0,0,0,0,0,0,0,0,0,0,0,0
"1978542",0,0,0,0,0,0,0,0,0,0,0,0,0,0,0,0,0,0,0,0,0,0,0,0
"1978543",0,0,0,0,0,0,0,0,0,0,0,0,0,0,0,0,0,0,0,0,0,0,0,0
"1978544",0,0,0,0,0,0,0,0,0,0,0,0,0,0,0,0,0,0,0,0,0,0,0,0
"1978545",0,0,0,0,0,0,0,0,0,0,0,0,0,0,0,0,0,0,0,0,0,0,0,0
"1979541",0,0,0,0,0,0,0,0,0,0,0,0,0,0,0,0,0,0,0,0,0,0,0,0
"1979848",0,0,0,0,0,0,0,0,0,0,0,0,0,0,0,0,0,0,0,0,0,0,0,0
"1980160",0,0,0,0,0,0,0,0,0,0,0,0,0,0,0,0,0,0,0,0,0,0,0,0
"1980419",0,0,0,0,0,0,0,0,0,0,0,0,0,0,0,0,0,0,0,0,0,0,0,0
"1980425",0,0,0,0,0,0,0,0,0,0,0,0,0,0,0,0,0,0,0,0,0,0,0,0
"1980426",0,0,0,0,0,0,0,0,0,0,0,0,0,0,0,0,0,0,0,0,0,0,0,0
"1980427",0,0,0,0,0,0,0,0,0,0,0,0,0,0,0,0,0,0,0,0,0,0,0,0
"1980428",0,0,0,0,0,0,0,0,0,0,0,0,0,0,0,0,0,0,0,0,0,0,0,0
"1980429",0,0,0,0,0,0,0,0,0,0,0,0,0,0,0,0,0,0,0,0,0,0,0,0
"1980430",0,0,0,0,0,0,0,0,0,0,0,0,0,0,0,0,0,0,0,0,0,0,0,0
"1980431",0,0,0,0,0,0,0,0,0,0,0,0,0,0,0,0,0,0,0,0,0,0,0,0
"1980432",0,0,0,0,0,0,0,0,0,0,0,0,0,0,0,0,0,0,0,0,0,0,0,0
"1980433",0,0,0,0,0,0,0,0,0,0,0,0,0,0,0,0,0,0,0,0,0,0,0,0
"1980442",0,0,0,0,0,0,0,0,0,0,0,0,0,0,0,0,0,0,0,0,0,0,0,0
"1980456",0,0,0,0,0,0,0,0,0,0,0,0,0,0,0,0,0,0,0,0,0,0,0,0
"1980457",0,0,0,0,0,0,0,0,0,0,0,0,0,0,0,0,0,0,0,0,0,0,0,0
"1980517",0,0,0,0,0,0,0,0,0,0,0,0,0,0,0,0,0,0,0,0,0,0,0,0
"1980540",0,0,0,0,0,0,0,0,0,0,0,0,0,0,0,0,0,0,0,0,0,0,0,0
"1980541",0,0,0,0,0,0,0,0,0,0,0,0,0,0,0,0,0,0,0,0,0,0,0,0
"1980625",0,0,0,0,0,0,0,0,0,0,0,0,0,0,0,0,0,0,0,0,0,0,0,0
"1980631",0,0,0,0,0,0,0,0,0,0,0,0,0,0,0,0,0,0,0,0,0,0,0,0
"1980633",0,0,0,0,0,0,0,0,0,0,0,0,0,0,0,0,0,0,0,0,0,0,0,0
"1980915",0,0,0,0,0,0,0,0,0,0,0,0,0,0,0,0,0,0,0,0,0,0,0,0
"1980916",0,0,0,0,0,0,0,0,0,0,0,0,0,0,0,0,0,0,0,0,0,0,0,0
"1980943",0,0,0,0,0,0,0,0,0,0,0,0,0,0,0,0,0,0,0,0,0,0,0,0
"1980962",0,0,0,0,0,0,0,0,0,0,0,0,0,0,0,0,0,0,0,0,0,0,0,0
"1980964",0,0,0,0,0,0,0,0,0,0,0,0,0,0,0,0,0,0,0,0,0,0,0,0
"1980966",0,0,0,0,0,0,0,0,0,0,0,0,0,0,0,0,0,0,0,0,0,0,0,0
"1981020",0,0,0,0,0,0,0,0,0,0,0,0,0,0,0,0,0,0,0,0,0,0,0,0
"1981023",0,0,0,0,0,0,0,0,0,0,0,0,0,0,0,0,0,0,0,0,0,0,0,0
"1981026",0,0,0,0,0,0,0,0,0,0,0,0,0,0,0,0,0,0,0,0,0,0,0,0
"1981027",0,0,0,0,0,0,0,0,0,0,0,0,0,0,0,0,0,0,0,0,0,0,0,0
"1981032",0,0,0,0,0,0,0,0,0,0,0,0,0,0,0,0,0,0,0,0,0,0,0,0
"1981042",0,0,0,0,0,0,0,0,0,0,0,0,0,0,0,0,0,0,0,0,0,0,0,0
"1981162",0,0,0,0,0,0,0,0,0,0,0,0,0,0,0,0,0,0,0,0,0,0,0,0
"1981166",0,0,0,0,0,0,0,0,0,0,0,0,0,0,0,0,0,0,0,0,0,0,0,0
"1981167",0,0,0,0,0,0,0,0,0,0,0,0,0,0,0,0,0,0,0,0,0,0,0,0
"1981916",0,0,0,0,0,0,0,0,0,0,0,0,0,0,0,0,0,0,0,0,0,0,0,0
"1981932",0,0,0,0,0,0,0,0,0,0,0,0,0,0,0,0,0,0,0,0,0,0,0,0
"1981933",0,0,0,0,0,0,0,0,0,0,0,0,0,0,0,0,0,0,0,0,0,0,0,0
"1982089",0,0,0,0,0,0,0,0,0,0,0,0,0,0,0,0,0,0,0,0,0,0,0,0
"1982090",0,0,0,0,0,0,0,0,0,0,0,0,0,0,0,0,0,0,0,0,0,0,0,0
"1982099",0,0,0,0,0,0,0,0,0,0,0,0,0,0,0,0,0,0,0,0,0,0,0,0
"1982248",0,0,0,0,0,0,0,0,0,0,0,0,0,0,0,0,0,0,0,0,0,0,0,0
"1982252",0,0,0,0,0,0,0,0,0,0,0,0,0,0,0,0,0,0,0,0,0,0,0,0
"1982255",0,0,0,0,0,0,0,0,0,0,0,0,0,0,0,0,0,0,0,0,0,0,0,0
"1982256",0,0,0,0,0,0,0,0,0,0,0,0,0,0,0,0,0,0,0,0,0,0,0,0
"1982259",0,0,0,0,0,0,0,0,0,0,0,0,0,0,0,0,0,0,0,0,0,0,0,0
"1982260",0,0,0,0,0,0,0,0,0,0,0,0,0,0,0,0,0,0,0,0,0,0,0,0
"1982263",0,0,0,0,0,0,0,0,0,0,0,0,0,0,0,0,0,0,0,0,0,0,0,0
"1982264",0,0,0,0,0,0,0,0,0,0,0,0,0,0,0,0,0,0,0,0,0,0,0,0
"1982265",0,0,0,0,0,0,0,0,0,0,0,0,0,0,0,0,0,0,0,0,0,0,0,0
"1982266",0,0,0,0,0,0,0,0,0,0,0,0,0,0,0,0,0,0,0,0,0,0,0,0
"1982269",0,0,0,0,0,0,0,0,0,0,0,0,0,0,0,0,0,0,0,0,0,0,0,0
"1982271",0,0,0,0,0,0,0,0,0,0,0,0,0,0,0,0,0,0,0,0,0,0,0,0
"1982273",0,0,0,0,0,0,0,0,0,0,0,0,0,0,0,0,0,0,0,0,0,0,0,0
"1982274",0,0,0,0,0,0,0,0,0,0,0,0,0,0,0,0,0,0,0,0,0,0,0,0
"1982275",0,0,0,0,0,0,0,0,0,0,0,0,0,0,0,0,0,0,0,0,0,0,0,0
"1982277",0,0,0,0,0,0,0,0,0,0,0,0,0,0,0,0,0,0,0,0,0,0,0,0
"1982279",0,0,0,0,0,0,0,0,0,0,0,0,0,0,0,0,0,0,0,0,0,0,0,0
"1982280",0,0,0,0,0,0,0,0,0,0,0,0,0,0,0,0,0,0,0,0,0,0,0,0
"1982281",0,0,0,0,0,0,0,0,0,0,0,0,0,0,0,0,0,0,0,0,0,0,0,0
"1982282",0,0,0,0,0,0,0,0,0,0,0,0,0,0,0,0,0,0,0,0,0,0,0,0
"1982283",0,0,0,0,0,0,0,0,0,0,0,0,0,0,0,0,0,0,0,0,0,0,0,0
"1982284",0,0,0,0,0,0,0,0,0,0,0,0,0,0,0,0,0,0,0,0,0,0,0,0
"1982286",0,0,0,0,0,0,0,0,0,0,0,0,0,0,0,0,0,0,0,0,0,0,0,0
"1982287",0,0,0,0,0,0,0,0,0,0,0,0,0,0,0,0,0,0,0,0,0,0,0,0
"1982288",0,0,0,0,0,0,0,0,0,0,0,0,0,0,0,0,0,0,0,0,0,0,0,0
"1982290",0,0,0,0,0,0,0,0,0,0,0,0,0,0,0,0,0,0,0,0,0,0,0,0
"1982291",0,0,0,0,0,0,0,0,0,0,0,0,0,0,0,0,0,0,0,0,0,0,0,0
"1982292",0,0,0,0,0,0,0,0,0,0,0,0,0,0,0,0,0,0,0,0,0,0,0,0
"1982303",0,0,0,0,0,0,0,0,0,0,0,0,0,0,0,0,0,0,0,0,0,0,0,0
"1982304",0,0,0,0,0,0,0,0,0,0,0,0,0,0,0,0,0,0,0,0,0,0,0,0
"1982307",0,0,0,0,0,0,0,0,0,0,0,0,0,0,0,0,0,0,0,0,0,0,0,0
"1982371",0,0,0,0,0,0,0,0,0,0,0,0,0,0,0,0,0,0,0,0,0,0,0,0
"1982372",0,0,0,0,0,0,0,0,0,0,0,0,0,0,0,0,0,0,0,0,0,0,0,0
"1982378",0,0,0,0,0,0,0,0,0,0,0,0,0,0,0,0,0,0,0,0,0,0,0,0
"1982379",0,0,0,0,0,0,0,0,0,0,0,0,0,0,0,0,0,0,0,0,0,0,0,0
"1982380",0,0,0,0,0,0,0,0,0,0,0,0,0,0,0,0,0,0,0,0,0,0,0,0
"1982381",0,0,0,0,0,0,0,0,0,0,0,0,0,0,0,0,0,0,0,0,0,0,0,0
"1982565",0,0,0,0,0,0,0,0,0,0,0,0,0,0,0,0,0,0,0,0,0,0,0,0
"1982583",0,0,0,0,0,0,0,0,0,0,0,0,0,0,0,0,0,0,0,0,0,0,0,0
"1982660",0,0,0,0,0,0,0,0,0,0,0,0,0,0,0,0,0,0,0,0,0,0,0,0
"1982675",0,0,0,0,0,0,0,0,0,0,0,0,0,0,0,0,0,0,0,0,0,0,0,0
"1983535",0,0,0,0,0,0,0,0,0,0,0,0,0,0,0,0,0,0,0,0,0,0,0,0
"1983564",0,0,0,0,0,0,0,0,0,0,0,0,0,0,0,0,0,0,0,0,0,0,0,0
"1983569",0,0,0,0,0,0,0,0,0,0,0,0,0,0,0,0,0,0,0,0,0,0,0,0
"1983570",0,0,0,0,0,0,0,0,0,0,0,0,0,0,0,0,0,0,0,0,0,0,0,0
"1983578",0,0,0,0,0,0,0,0,0,0,0,0,0,0,0,0,0,0,0,0,0,0,0,0
"1983579",0,0,0,0,0,0,0,0,0,0,0,0,0,0,0,0,0,0,0,0,0,0,0,0
"1983581",0,0,0,0,0,0,0,0,0,0,0,0,0,0,0,0,0,0,0,0,0,0,0,0
"1983771",0,0,0,0,0,0,0,0,0,0,0,0,0,0,0,0,0,0,0,0,0,0,0,0
"1984773",0,0,0,0,0,0,0,0,0,0,0,0,0,0,0,0,0,0,0,0,0,0,0,0
"1984774",0,0,0,0,0,0,0,0,0,0,0,0,0,0,0,0,0,0,0,0,0,0,0,0
"1984775",0,0,0,0,0,0,0,0,0,0,0,0,0,0,0,0,0,0,0,0,0,0,0,0
"1984788",0,0,0,0,0,0,0,0,0,0,0,0,0,0,0,0,0,0,0,0,0,0,0,0
"1984789",0,0,0,0,0,0,0,0,0,0,0,0,0,0,0,0,0,0,0,0,0,0,0,0
"1984790",0,0,0,0,0,0,0,0,0,0,0,0,0,0,0,0,0,0,0,0,0,0,0,0
"1984799",0,0,0,0,0,0,0,0,0,0,0,0,0,0,0,0,0,0,0,0,0,0,0,0
"1984800",0,0,0,0,0,0,0,0,0,0,0,0,0,0,0,0,0,0,0,0,0,0,0,0
"1985159",0,0,0,0,0,0,0,0,0,0,0,0,0,0,0,0,0,0,0,0,0,0,0,0
"1985176",0,0,0,0,0,0,0,0,0,0,0,0,0,0,0,0,0,0,0,0,0,0,0,0
"1985181",0,0,0,0,0,0,0,0,0,0,0,0,0,0,0,0,0,0,0,0,0,0,0,0
"1985284",0,0,0,0,0,0,0,0,0,0,0,0,0,0,0,0,0,0,0,0,0,0,0,0
"1985290",0,0,0,0,0,0,0,0,0,0,0,0,0,0,0,0,0,0,0,0,0,0,0,0
"1985308",0,0,0,0,0,0,0,0,0,0,0,0,0,0,0,0,0,0,0,0,0,0,0,0
"1985309",0,0,0,0,0,0,0,0,0,0,0,0,0,0,0,0,0,0,0,0,0,0,0,0
"1985310",0,0,0,0,0,0,0,0,0,0,0,0,0,0,0,0,0,0,0,0,0,0,0,0
"1985326",0,0,0,0,0,0,0,0,0,0,0,0,0,0,0,0,0,0,0,0,0,0,0,0
"1985327",0,0,0,0,0,0,0,0,0,0,0,0,0,0,0,0,0,0,0,0,0,0,0,0
"1985337",0,0,0,0,0,0,0,0,0,0,0,0,0,0,0,0,0,0,0,0,0,0,0,0
"1985353",0,0,0,0,0,0,0,0,0,0,0,0,0,0,0,0,0,0,0,0,0,0,0,0
"1985365",0,0,0,0,0,0,0,0,0,0,0,0,0,0,0,0,0,0,0,0,0,0,0,0
"1985366",0,0,0,0,0,0,0,0,0,0,0,0,0,0,0,0,0,0,0,0,0,0,0,0
"1985368",0,0,0,0,0,0,0,0,0,0,0,0,0,0,0,0,0,0,0,0,0,0,0,0
"1985688",0,0,0,0,0,0,0,0,0,0,0,0,0,0,0,0,0,0,0,0,0,0,0,0
"1985689",0,0,0,0,0,0,0,0,0,0,0,0,0,0,0,0,0,0,0,0,0,0,0,0
"1985693",0,0,0,0,0,0,0,0,0,0,0,0,0,0,0,0,0,0,0,0,0,0,0,0
"1985694",0,0,0,0,0,0,0,0,0,0,0,0,0,0,0,0,0,0,0,0,0,0,0,0
"1985695",0,0,0,0,0,0,0,0,0,0,0,0,0,0,0,0,0,0,0,0,0,0,0,0
"1985696",0,0,0,0,0,0,0,0,0,0,0,0,0,0,0,0,0,0,0,0,0,0,0,0
"1985697",0,0,0,0,0,0,0,0,0,0,0,0,0,0,0,0,0,0,0,0,0,0,0,0
"1985699",0,0,0,0,0,0,0,0,0,0,0,0,0,0,0,0,0,0,0,0,0,0,0,0
"1985703",0,0,0,0,0,0,0,0,0,0,0,0,0,0,0,0,0,0,0,0,0,0,0,0
"1985704",0,0,0,0,0,0,0,0,0,0,0,0,0,0,0,0,0,0,0,0,0,0,0,0
"1985706",0,0,0,0,0,0,0,0,0,0,0,0,0,0,0,0,0,0,0,0,0,0,0,0
"1985708",0,0,0,0,0,0,0,0,0,0,0,0,0,0,0,0,0,0,0,0,0,0,0,0
"1985710",0,0,0,0,0,0,0,0,0,0,0,0,0,0,0,0,0,0,0,0,0,0,0,0
"1985713",0,0,0,0,0,0,0,0,0,0,0,0,0,0,0,0,0,0,0,0,0,0,0,0
"1985714",0,0,0,0,0,0,0,0,0,0,0,0,0,0,0,0,0,0,0,0,0,0,0,0
"1985715",0,0,0,0,0,0,0,0,0,0,0,0,0,0,0,0,0,0,0,0,0,0,0,0
"1985716",0,0,0,0,0,0,0,0,0,0,0,0,0,0,0,0,0,0,0,0,0,0,0,0
"1985718",0,0,0,0,0,0,0,0,0,0,0,0,0,0,0,0,0,0,0,0,0,0,0,0
"1985722",0,0,0,0,0,0,0,0,0,0,0,0,0,0,0,0,0,0,0,0,0,0,0,0
"1985726",0,0,0,0,0,0,0,0,0,0,0,0,0,0,0,0,0,0,0,0,0,0,0,0
"1985727",0,0,0,0,0,0,0,0,0,0,0,0,0,0,0,0,0,0,0,0,0,0,0,0
"1985732",0,0,0,0,0,0,0,0,0,0,0,0,0,0,0,0,0,0,0,0,0,0,0,0
"198589",0,0,0,0,0,0,0,0,0,0,0,0,0,0,0,0,0,0,0,0,0,0,0,0
"1985968",0,0,0,0,0,0,0,0,0,0,0,0,0,0,0,0,0,0,0,0,0,0,0,0
"1985982",0,0,0,0,0,0,0,0,0,0,0,0,0,0,0,0,0,0,0,0,0,0,0,0
"198599",0,0,0,0,0,0,0,0,0,0,0,0,0,0,0,0,0,0,0,0,0,0,0,0
"1986027",0,0,0,0,0,0,0,0,0,0,0,0,0,0,0,0,0,0,0,0,0,0,0,0
"1986029",0,0,0,0,0,0,0,0,0,0,0,0,0,0,0,0,0,0,0,0,0,0,0,0
"1986034",0,0,0,0,0,0,0,0,0,0,0,0,0,0,0,0,0,0,0,0,0,0,0,0
"1986112",0,0,0,0,0,0,0,0,0,0,0,0,0,0,0,0,0,0,0,0,0,0,0,0
"1986113",0,0,0,0,0,0,0,0,0,0,0,0,0,0,0,0,0,0,0,0,0,0,0,0
"1986950",0,0,0,0,0,0,0,0,0,0,0,0,0,0,0,0,0,0,0,0,0,0,0,0
"1986958",0,0,0,0,0,0,0,0,0,0,0,0,0,0,0,0,0,0,0,0,0,0,0,0
"1986960",0,0,0,0,0,0,0,0,0,0,0,0,0,0,0,0,0,0,0,0,0,0,0,0
"1987017",0,0,0,0,0,0,0,0,0,0,0,0,0,0,0,0,0,0,0,0,0,0,0,0
"1987018",0,0,0,0,0,0,0,0,0,0,0,0,0,0,0,0,0,0,0,0,0,0,0,0
"1987019",0,0,0,0,0,0,0,0,0,0,0,0,0,0,0,0,0,0,0,0,0,0,0,0
"1987123",0,0,0,0,0,0,0,0,0,0,0,0,0,0,0,0,0,0,0,0,0,0,0,0
"1987125",0,0,0,0,0,0,0,0,0,0,0,0,0,0,0,0,0,0,0,0,0,0,0,0
"1987126",0,0,0,0,0,0,0,0,0,0,0,0,0,0,0,0,0,0,0,0,0,0,0,0
"1987127",0,0,0,0,0,0,0,0,0,0,0,0,0,0,0,0,0,0,0,0,0,0,0,0
"1987128",0,0,0,0,0,0,0,0,0,0,0,0,0,0,0,0,0,0,0,0,0,0,0,0
"1987130",0,0,0,0,0,0,0,0,0,0,0,0,0,0,0,0,0,0,0,0,0,0,0,0
"1987146",0,0,0,0,0,0,0,0,0,0,0,0,0,0,0,0,0,0,0,0,0,0,0,0
"1987149",0,0,0,0,0,0,0,0,0,0,0,0,0,0,0,0,0,0,0,0,0,0,0,0
"1987150",0,0,0,0,0,0,0,0,0,0,0,0,0,0,0,0,0,0,0,0,0,0,0,0
"1987152",0,0,0,0,0,0,0,0,0,0,0,0,0,0,0,0,0,0,0,0,0,0,0,0
"1987153",0,0,0,0,0,0,0,0,0,0,0,0,0,0,0,0,0,0,0,0,0,0,0,0
"1987154",0,0,0,0,0,0,0,0,0,0,0,0,0,0,0,0,0,0,0,0,0,0,0,0
"1987155",0,0,0,0,0,0,0,0,0,0,0,0,0,0,0,0,0,0,0,0,0,0,0,0
"1987156",0,0,0,0,0,0,0,0,0,0,0,0,0,0,0,0,0,0,0,0,0,0,0,0
"1987158",0,0,0,0,0,0,0,0,0,0,0,0,0,0,0,0,0,0,0,0,0,0,0,0
"1987360",0,0,0,0,0,0,0,0,0,0,0,0,0,0,0,0,0,0,0,0,0,0,0,0
"1987403",0,0,0,0,0,0,0,0,0,0,0,0,0,0,0,0,0,0,0,0,0,0,0,0
"1987987",0,0,0,0,0,0,0,0,0,0,0,0,0,0,0,0,0,0,0,0,0,0,0,0
"1987988",0,0,0,0,0,0,0,0,0,0,0,0,0,0,0,0,0,0,0,0,0,0,0,0
"1987989",0,0,0,0,0,0,0,0,0,0,0,0,0,0,0,0,0,0,0,0,0,0,0,0
"198929",0,0,0,0,0,0,0,0,0,0,0,0,0,0,0,0,0,0,0,0,0,0,0,0
"1993639",0,0,0,0,0,0,0,0,0,0,0,0,0,0,0,0,0,0,0,0,0,0,0,0
"1993647",0,0,0,0,0,0,0,0,0,0,0,0,0,0,0,0,0,0,0,0,0,0,0,0
"1993649",0,0,0,0,0,0,0,0,0,0,0,0,0,0,0,0,0,0,0,0,0,0,0,0
"1993651",0,0,0,0,0,0,0,0,0,0,0,0,0,0,0,0,0,0,0,0,0,0,0,0
"1993652",0,0,0,0,0,0,0,0,0,0,0,0,0,0,0,0,0,0,0,0,0,0,0,0
"1993860",0,0,0,0,0,0,0,0,0,0,0,0,0,0,0,0,0,0,0,0,0,0,0,0
"1993861",0,0,0,0,0,0,0,0,0,0,0,0,0,0,0,0,0,0,0,0,0,0,0,0
"1993864",0,0,0,0,0,0,0,0,0,0,0,0,0,0,0,0,0,0,0,0,0,0,0,0
"1993907",0,0,0,0,0,0,0,0,0,0,0,0,0,0,0,0,0,0,0,0,0,0,0,0
"199587",0,0,0,0,0,0,0,0,0,0,0,0,0,0,0,0,0,0,0,0,0,0,0,0
"2003308",0,0,0,0,0,0,0,0,0,0,0,0,0,0,0,0,0,0,0,0,0,0,0,0
"2003327",0,0,0,0,0,0,0,0,0,0,0,0,0,0,0,0,0,0,0,0,0,0,0,0
"2003391",0,0,0,0,0,0,0,0,0,0,0,0,0,0,0,0,0,0,0,0,0,0,0,0
"2003398",0,0,0,0,0,0,0,0,0,0,0,0,0,0,0,0,0,0,0,0,0,0,0,0
"2003498",0,0,0,0,0,0,0,0,0,0,0,0,0,0,0,0,0,0,0,0,0,0,0,0
"2003499",0,0,0,0,0,0,0,0,0,0,0,0,0,0,0,0,0,0,0,0,0,0,0,0
"2003649",0,0,0,0,0,0,0,0,0,0,0,0,0,0,0,0,0,0,0,0,0,0,0,0
"2003650",0,0,0,0,0,0,0,0,0,0,0,0,0,0,0,0,0,0,0,0,0,0,0,0
"2003651",0,0,0,0,0,0,0,0,0,0,0,0,0,0,0,0,0,0,0,0,0,0,0,0
"2003652",0,0,0,0,0,0,0,0,0,0,0,0,0,0,0,0,0,0,0,0,0,0,0,0
"2003678",0,0,0,0,0,0,0,0,0,0,0,0,0,0,0,0,0,0,0,0,0,0,0,0
"2003680",0,0,0,0,0,0,0,0,0,0,0,0,0,0,0,0,0,0,0,0,0,0,0,0
"2004457",0,0,0,0,0,0,0,0,0,0,0,0,0,0,0,0,0,0,0,0,0,0,0,0
"2004460",0,0,0,0,0,0,0,0,0,0,0,0,0,0,0,0,0,0,0,0,0,0,0,0
"2005695",0,0,0,0,0,0,0,0,0,0,0,0,0,0,0,0,0,0,0,0,0,0,0,0
"2005701",0,0,0,0,0,0,0,0,0,0,0,0,0,0,0,0,0,0,0,0,0,0,0,0
"2005702",0,0,0,0,0,0,0,0,0,0,0,0,0,0,0,0,0,0,0,0,0,0,0,0
"2006158",0,0,0,0,0,0,0,0,0,0,0,0,0,0,0,0,0,0,0,0,0,0,0,0
"2006170",0,0,0,0,0,0,0,0,0,0,0,0,0,0,0,0,0,0,0,0,0,0,0,0
"2006178",0,0,0,0,0,0,0,0,0,0,0,0,0,0,0,0,0,0,0,0,0,0,0,0
"2006180",0,0,0,0,0,0,0,0,0,0,0,0,0,0,0,0,0,0,0,0,0,0,0,0
"2006394",0,0,0,0,0,0,0,0,0,0,0,0,0,0,0,0,0,0,0,0,0,0,0,0
"2006498",0,0,0,0,0,0,0,0,0,0,0,0,0,0,0,0,0,0,0,0,0,0,0,0
"2006642",0,0,0,0,0,0,0,0,0,0,0,0,0,0,0,0,0,0,0,0,0,0,0,0
"2010268",0,0,0,0,0,0,0,0,0,0,0,0,0,0,0,0,0,0,0,0,0,0,0,0
"2010269",0,0,0,0,0,0,0,0,0,0,0,0,0,0,0,0,0,0,0,0,0,0,0,0
"2010273",0,0,0,0,0,0,0,0,0,0,0,0,0,0,0,0,0,0,0,0,0,0,0,0
"2010275",0,0,0,0,0,0,0,0,0,0,0,0,0,0,0,0,0,0,0,0,0,0,0,0
"2010279",0,0,0,0,0,0,0,0,0,0,0,0,0,0,0,0,0,0,0,0,0,0,0,0
"2010280",0,0,0,0,0,0,0,0,0,0,0,0,0,0,0,0,0,0,0,0,0,0,0,0
"2010281",0,0,0,0,0,0,0,0,0,0,0,0,0,0,0,0,0,0,0,0,0,0,0,0
"2010316",0,0,0,0,0,0,0,0,0,0,0,0,0,0,0,0,0,0,0,0,0,0,0,0
"2010317",0,0,0,0,0,0,0,0,0,0,0,0,0,0,0,0,0,0,0,0,0,0,0,0
"2010319",0,0,0,0,0,0,0,0,0,0,0,0,0,0,0,0,0,0,0,0,0,0,0,0
"2010321",0,0,0,0,0,0,0,0,0,0,0,0,0,0,0,0,0,0,0,0,0,0,0,0
"2010323",0,0,0,0,0,0,0,0,0,0,0,0,0,0,0,0,0,0,0,0,0,0,0,0
"2010327",0,0,0,0,0,0,0,0,0,0,0,0,0,0,0,0,0,0,0,0,0,0,0,0
"2010331",0,0,0,0,0,0,0,0,0,0,0,0,0,0,0,0,0,0,0,0,0,0,0,0
"2010333",0,0,0,0,0,0,0,0,0,0,0,0,0,0,0,0,0,0,0,0,0,0,0,0
"2011075",0,0,0,0,0,0,0,0,0,0,0,0,0,0,0,0,0,0,0,0,0,0,0,0
"2011077",0,0,0,0,0,0,0,0,0,0,0,0,0,0,0,0,0,0,0,0,0,0,0,0
"2011079",0,0,0,0,0,0,0,0,0,0,0,0,0,0,0,0,0,0,0,0,0,0,0,0
"2011081",0,0,0,0,0,0,0,0,0,0,0,0,0,0,0,0,0,0,0,0,0,0,0,0
"2011082",0,0,0,0,0,0,0,0,0,0,0,0,0,0,0,0,0,0,0,0,0,0,0,0
"2011088",0,0,0,0,0,0,0,0,0,0,0,0,0,0,0,0,0,0,0,0,0,0,0,0
"2012856",0,0,0,0,0,0,0,0,0,0,0,0,0,0,0,0,0,0,0,0,0,0,0,0
"2012857",0,0,0,0,0,0,0,0,0,0,0,0,0,0,0,0,0,0,0,0,0,0,0,0
"2013564",0,0,0,0,0,0,0,0,0,0,0,0,0,0,0,0,0,0,0,0,0,0,0,0
"2013968",0,0,0,0,0,0,0,0,0,0,0,0,0,0,0,0,0,0,0,0,0,0,0,0
"2014434",0,0,0,0,0,0,0,0,0,0,0,0,0,0,0,0,0,0,0,0,0,0,0,0
"2014542",0,0,0,0,0,0,0,0,0,0,0,0,0,0,0,0,0,0,0,0,0,0,0,0
"201490",0,0,0,0,0,0,0,0,0,0,0,0,0,0,0,0,0,0,0,0,0,0,0,0
"2015372",0,0,0,0,0,0,0,0,0,0,0,0,0,0,0,0,0,0,0,0,0,0,0,0
"2015374",0,0,0,0,0,0,0,0,0,0,0,0,0,0,0,0,0,0,0,0,0,0,0,0
"2016034",0,0,0,0,0,0,0,0,0,0,0,0,0,0,0,0,0,0,0,0,0,0,0,0
"2016426",0,0,0,0,0,0,0,0,0,0,0,0,0,0,0,0,0,0,0,0,0,0,0,0
"2016427",0,0,0,0,0,0,0,0,0,0,0,0,0,0,0,0,0,0,0,0,0,0,0,0
"2016448",0,0,0,0,0,0,0,0,0,0,0,0,0,0,0,0,0,0,0,0,0,0,0,0
"2016456",0,0,0,0,0,0,0,0,0,0,0,0,0,0,0,0,0,0,0,0,0,0,0,0
"2016457",0,0,0,0,0,0,0,0,0,0,0,0,0,0,0,0,0,0,0,0,0,0,0,0
"2016460",0,0,0,0,0,0,0,0,0,0,0,0,0,0,0,0,0,0,0,0,0,0,0,0
"2016467",0,0,0,0,0,0,0,0,0,0,0,0,0,0,0,0,0,0,0,0,0,0,0,0
"2017081",0,0,0,0,0,0,0,0,0,0,0,0,0,0,0,0,0,0,0,0,0,0,0,0
"2017082",0,0,0,0,0,0,0,0,0,0,0,0,0,0,0,0,0,0,0,0,0,0,0,0
"2017083",0,0,0,0,0,0,0,0,0,0,0,0,0,0,0,0,0,0,0,0,0,0,0,0
"2017716",0,0,0,0,0,0,0,0,0,0,0,0,0,0,0,0,0,0,0,0,0,0,0,0
"2018312",0,0,0,0,0,0,0,0,0,0,0,0,0,0,0,0,0,0,0,0,0,0,0,0
"2018313",0,0,0,0,0,0,0,0,0,0,0,0,0,0,0,0,0,0,0,0,0,0,0,0
"201847",0,0,0,0,0,0,0,0,0,0,0,0,0,0,0,0,0,0,0,0,0,0,0,0
"2018471",0,0,0,0,0,0,0,0,0,0,0,0,0,0,0,0,0,0,0,0,0,0,0,0
"2018500",0,0,0,0,0,0,0,0,0,0,0,0,0,0,0,0,0,0,0,0,0,0,0,0
"2018501",0,0,0,0,0,0,0,0,0,0,0,0,0,0,0,0,0,0,0,0,0,0,0,0
"2018502",0,0,0,0,0,0,0,0,0,0,0,0,0,0,0,0,0,0,0,0,0,0,0,0
"2018503",0,0,0,0,0,0,0,0,0,0,0,0,0,0,0,0,0,0,0,0,0,0,0,0
"2018564",0,0,0,0,0,0,0,0,0,0,0,0,0,0,0,0,0,0,0,0,0,0,0,0
"201862",0,0,0,0,0,0,0,0,0,0,0,0,0,0,0,0,0,0,0,0,0,0,0,0
"2018685",0,0,0,0,0,0,0,0,0,0,0,0,0,0,0,0,0,0,0,0,0,0,0,0
"2020286",0,0,0,0,0,0,0,0,0,0,0,0,0,0,0,0,0,0,0,0,0,0,0,0
"2020287",0,0,0,0,0,0,0,0,0,0,0,0,0,0,0,0,0,0,0,0,0,0,0,0
"2020881",0,0,0,0,0,0,0,0,0,0,0,0,0,0,0,0,0,0,0,0,0,0,0,0
"2021212",0,0,0,0,0,0,0,0,0,0,0,0,0,0,0,0,0,0,0,0,0,0,0,0
"2021666",0,0,0,0,0,0,0,0,0,0,0,0,0,0,0,0,0,0,0,0,0,0,0,0
"2022475",0,0,0,0,0,0,0,0,0,0,0,0,0,0,0,0,0,0,0,0,0,0,0,0
"2022738",0,0,0,0,0,0,0,0,0,0,0,0,0,0,0,0,0,0,0,0,0,0,0,0
"2023155",0,0,0,0,0,0,0,0,0,0,0,0,0,0,0,0,0,0,0,0,0,0,0,0
"2024214",0,0,0,0,0,0,0,0,0,0,0,0,0,0,0,0,0,0,0,0,0,0,0,0
"2024274",0,0,0,0,0,0,0,0,0,0,0,0,0,0,0,0,0,0,0,0,0,0,0,0
"2024275",0,0,0,0,0,0,0,0,0,0,0,0,0,0,0,0,0,0,0,0,0,0,0,0
"2024277",0,0,0,0,0,0,0,0,0,0,0,0,0,0,0,0,0,0,0,0,0,0,0,0
"2024526",0,0,0,0,0,0,0,0,0,0,0,0,0,0,0,0,0,0,0,0,0,0,0,0
"2024611",0,0,0,0,0,0,0,0,0,0,0,0,0,0,0,0,0,0,0,0,0,0,0,0
"2024724",0,0,0,0,0,0,0,0,0,0,0,0,0,0,0,0,0,0,0,0,0,0,0,0
"2024975",0,0,0,0,0,0,0,0,0,0,0,0,0,0,0,0,0,0,0,0,0,0,0,0
"2025079",0,0,0,0,0,0,0,0,0,0,0,0,0,0,0,0,0,0,0,0,0,0,0,0
"2025338",0,0,0,0,0,0,0,0,0,0,0,0,0,0,0,0,0,0,0,0,0,0,0,0
"2025339",0,0,0,0,0,0,0,0,0,0,0,0,0,0,0,0,0,0,0,0,0,0,0,0
"2025388",0,0,0,0,0,0,0,0,0,0,0,0,0,0,0,0,0,0,0,0,0,0,0,0
"2025396",0,0,0,0,0,0,0,0,0,0,0,0,0,0,0,0,0,0,0,0,0,0,0,0
"2025398",0,0,0,0,0,0,0,0,0,0,0,0,0,0,0,0,0,0,0,0,0,0,0,0
"2025595",0,0,0,0,0,0,0,0,0,0,0,0,0,0,0,0,0,0,0,0,0,0,0,0
"202568",0,0,0,0,0,0,0,0,0,0,0,0,0,0,0,0,0,0,0,0,0,0,0,0
"2026195",0,0,0,0,0,0,0,0,0,0,0,0,0,0,0,0,0,0,0,0,0,0,0,0
"2026248",0,0,0,0,0,0,0,0,0,0,0,0,0,0,0,0,0,0,0,0,0,0,0,0
"2026601",0,0,0,0,0,0,0,0,0,0,0,0,0,0,0,0,0,0,0,0,0,0,0,0
"2027645",0,0,0,0,0,0,0,0,0,0,0,0,0,0,0,0,0,0,0,0,0,0,0,0
"2029303",0,0,0,0,0,0,0,0,0,0,0,0,0,0,0,0,0,0,0,0,0,0,0,0
"2029304",0,0,0,0,0,0,0,0,0,0,0,0,0,0,0,0,0,0,0,0,0,0,0,0
"2029305",0,0,0,0,0,0,0,0,0,0,0,0,0,0,0,0,0,0,0,0,0,0,0,0
"2029306",0,0,0,0,0,0,0,0,0,0,0,0,0,0,0,0,0,0,0,0,0,0,0,0
"2030126",0,0,0,0,0,0,0,0,0,0,0,0,0,0,0,0,0,0,0,0,0,0,0,0
"2030909",0,0,0,0,0,0,0,0,0,0,0,0,0,0,0,0,0,0,0,0,0,0,0,0
"2031165",0,0,0,0,0,0,0,0,0,0,0,0,0,0,0,0,0,0,0,0,0,0,0,0
"2031166",0,0,0,0,0,0,0,0,0,0,0,0,0,0,0,0,0,0,0,0,0,0,0,0
"2031200",0,0,0,0,0,0,0,0,0,0,0,0,0,0,0,0,0,0,0,0,0,0,0,0
"2032573",0,0,0,0,0,0,0,0,0,0,0,0,0,0,0,0,0,0,0,0,0,0,0,0
"2032989",0,0,0,0,0,0,0,0,0,0,0,0,0,0,0,0,0,0,0,0,0,0,0,0
"2034156",0,0,0,0,0,0,0,0,0,0,0,0,0,0,0,0,0,0,0,0,0,0,0,0
"2034157",0,0,0,0,0,0,0,0,0,0,0,0,0,0,0,0,0,0,0,0,0,0,0,0
"2034996",0,0,0,0,0,0,0,0,0,0,0,0,0,0,0,0,0,0,0,0,0,0,0,0
"2035708",0,0,0,0,0,0,0,0,0,0,0,0,0,0,0,0,0,0,0,0,0,0,0,0
"2038470",0,0,0,0,0,0,0,0,0,0,0,0,0,0,0,0,0,0,0,0,0,0,0,0
"2038729",0,0,0,0,0,0,0,0,0,0,0,0,0,0,0,0,0,0,0,0,0,0,0,0
"2039267",0,0,0,0,0,0,0,0,0,0,0,0,0,0,0,0,0,0,0,0,0,0,0,0
"2040657",0,0,0,0,0,0,0,0,0,0,0,0,0,0,0,0,0,0,0,0,0,0,0,0
"2040659",0,0,0,0,0,0,0,0,0,0,0,0,0,0,0,0,0,0,0,0,0,0,0,0
"2040662",0,0,0,0,0,0,0,0,0,0,0,0,0,0,0,0,0,0,0,0,0,0,0,0
"2040663",0,0,0,0,0,0,0,0,0,0,0,0,0,0,0,0,0,0,0,0,0,0,0,0
"204090",0,0,0,0,0,0,0,0,0,0,0,0,0,0,0,0,0,0,0,0,0,0,0,0
"2041419",0,0,0,0,0,0,0,0,0,0,0,0,0,0,0,0,0,0,0,0,0,0,0,0
"2041496",0,0,0,0,0,0,0,0,0,0,0,0,0,0,0,0,0,0,0,0,0,0,0,0
"2041504",0,0,0,0,0,0,0,0,0,0,0,0,0,0,0,0,0,0,0,0,0,0,0,0
"2041505",0,0,0,0,0,0,0,0,0,0,0,0,0,0,0,0,0,0,0,0,0,0,0,0
"2042206",0,0,0,0,0,0,0,0,0,0,0,0,0,0,0,0,0,0,0,0,0,0,0,0
"2043550",0,0,0,0,0,0,0,0,0,0,0,0,0,0,0,0,0,0,0,0,0,0,0,0
"2045186",0,0,0,0,0,0,0,0,0,0,0,0,0,0,0,0,0,0,0,0,0,0,0,0
"2045345",0,0,0,0,0,0,0,0,0,0,0,0,0,0,0,0,0,0,0,0,0,0,0,0
"2045504",0,0,0,0,0,0,0,0,0,0,0,0,0,0,0,0,0,0,0,0,0,0,0,0
"2047761",0,0,0,0,0,0,0,0,0,0,0,0,0,0,0,0,0,0,0,0,0,0,0,0
"2047786",0,0,0,0,0,0,0,0,0,0,0,0,0,0,0,0,0,0,0,0,0,0,0,0
"2047832",0,0,0,0,0,0,0,0,0,0,0,0,0,0,0,0,0,0,0,0,0,0,0,0
"204873",0,0,0,0,0,0,0,0,0,0,0,0,0,0,0,0,0,0,0,0,0,0,0,0
"204987",0,0,0,0,0,0,0,0,0,0,0,0,0,0,0,0,0,0,0,0,0,0,0,0
"2049887",0,0,0,0,0,0,0,0,0,0,0,0,0,0,0,0,0,0,0,0,0,0,0,0
"2049892",0,0,0,0,0,0,0,0,0,0,0,0,0,0,0,0,0,0,0,0,0,0,0,0
"2049893",0,0,0,0,0,0,0,0,0,0,0,0,0,0,0,0,0,0,0,0,0,0,0,0
"2049933",0,0,0,0,0,0,0,0,0,0,0,0,0,0,0,0,0,0,0,0,0,0,0,0
"2050018",0,0,0,0,0,0,0,0,0,0,0,0,0,0,0,0,0,0,0,0,0,0,0,0
"2050019",0,0,0,0,0,0,0,0,0,0,0,0,0,0,0,0,0,0,0,0,0,0,0,0
"2050020",0,0,0,0,0,0,0,0,0,0,0,0,0,0,0,0,0,0,0,0,0,0,0,0
"2050037",0,0,0,0,0,0,0,0,0,0,0,0,0,0,0,0,0,0,0,0,0,0,0,0
"2050039",0,0,0,0,0,0,0,0,0,0,0,0,0,0,0,0,0,0,0,0,0,0,0,0
"2050976",0,0,0,0,0,0,0,0,0,0,0,0,0,0,0,0,0,0,0,0,0,0,0,0
"2052157",0,0,0,0,0,0,0,0,0,0,0,0,0,0,0,0,0,0,0,0,0,0,0,0
"2052561",0,0,0,0,0,0,0,0,0,0,0,0,0,0,0,0,0,0,0,0,0,0,0,0
"2052563",0,0,0,0,0,0,0,0,0,0,0,0,0,0,0,0,0,0,0,0,0,0,0,0
"2053080",0,0,0,0,0,0,0,0,0,0,0,0,0,0,0,0,0,0,0,0,0,0,0,0
"2054611",0,0,0,0,0,0,0,0,0,0,0,0,0,0,0,0,0,0,0,0,0,0,0,0
"2054916",0,0,0,0,0,0,0,0,0,0,0,0,0,0,0,0,0,0,0,0,0,0,0,0
"2054920",0,0,0,0,0,0,0,0,0,0,0,0,0,0,0,0,0,0,0,0,0,0,0,0
"2055262",0,0,0,0,0,0,0,0,0,0,0,0,0,0,0,0,0,0,0,0,0,0,0,0
"2056161",0,0,0,0,0,0,0,0,0,0,0,0,0,0,0,0,0,0,0,0,0,0,0,0
"2056194",0,0,0,0,0,0,0,0,0,0,0,0,0,0,0,0,0,0,0,0,0,0,0,0
"2056385",0,0,0,0,0,0,0,0,0,0,0,0,0,0,0,0,0,0,0,0,0,0,0,0
"2056780",0,0,0,0,0,0,0,0,0,0,0,0,0,0,0,0,0,0,0,0,0,0,0,0
"2056878",0,0,0,0,0,0,0,0,0,0,0,0,0,0,0,0,0,0,0,0,0,0,0,0
"2056880",0,0,0,0,0,0,0,0,0,0,0,0,0,0,0,0,0,0,0,0,0,0,0,0
"2056881",0,0,0,0,0,0,0,0,0,0,0,0,0,0,0,0,0,0,0,0,0,0,0,0
"2056882",0,0,0,0,0,0,0,0,0,0,0,0,0,0,0,0,0,0,0,0,0,0,0,0
"2056886",0,0,0,0,0,0,0,0,0,0,0,0,0,0,0,0,0,0,0,0,0,0,0,0
"2057198",0,0,0,0,0,0,0,0,0,0,0,0,0,0,0,0,0,0,0,0,0,0,0,0
"2057942",0,0,0,0,0,0,0,0,0,0,0,0,0,0,0,0,0,0,0,0,0,0,0,0
"2058093",0,0,0,0,0,0,0,0,0,0,0,0,0,0,0,0,0,0,0,0,0,0,0,0
"2058298",0,0,0,0,0,0,0,0,0,0,0,0,0,0,0,0,0,0,0,0,0,0,0,0
"2058317",0,0,0,0,0,0,0,0,0,0,0,0,0,0,0,0,0,0,0,0,0,0,0,0
"2058320",0,0,0,0,0,0,0,0,0,0,0,0,0,0,0,0,0,0,0,0,0,0,0,0
"2058328",0,0,0,0,0,0,0,0,0,0,0,0,0,0,0,0,0,0,0,0,0,0,0,0
"2058330",0,0,0,0,0,0,0,0,0,0,0,0,0,0,0,0,0,0,0,0,0,0,0,0
"2058396",0,0,0,0,0,0,0,0,0,0,0,0,0,0,0,0,0,0,0,0,0,0,0,0
"2058620",0,0,0,0,0,0,0,0,0,0,0,0,0,0,0,0,0,0,0,0,0,0,0,0
"2058884",0,0,0,0,0,0,0,0,0,0,0,0,0,0,0,0,0,0,0,0,0,0,0,0
"205895",0,0,0,0,0,0,0,0,0,0,0,0,0,0,0,0,0,0,0,0,0,0,0,0
"205896",0,0,0,0,0,0,0,0,0,0,0,0,0,0,0,0,0,0,0,0,0,0,0,0
"205899",0,0,0,0,0,0,0,0,0,0,0,0,0,0,0,0,0,0,0,0,0,0,0,0
"205908",0,0,0,0,0,0,0,0,0,0,0,0,0,0,0,0,0,0,0,0,0,0,0,0
"205910",0,0,0,0,0,0,0,0,0,0,0,0,0,0,0,0,0,0,0,0,0,0,0,0
"2060142",0,0,0,0,0,0,0,0,0,0,0,0,0,0,0,0,0,0,0,0,0,0,0,0
"2060511",0,0,0,0,0,0,0,0,0,0,0,0,0,0,0,0,0,0,0,0,0,0,0,0
"2060778",0,0,0,0,0,0,0,0,0,0,0,0,0,0,0,0,0,0,0,0,0,0,0,0
"2065033",0,0,0,0,0,0,0,0,0,0,0,0,0,0,0,0,0,0,0,0,0,0,0,0
"2065202",0,0,0,0,0,0,0,0,0,0,0,0,0,0,0,0,0,0,0,0,0,0,0,0
"2065211",0,0,0,0,0,0,0,0,0,0,0,0,0,0,0,0,0,0,0,0,0,0,0,0
"2069319",0,0,0,0,0,0,0,0,0,0,0,0,0,0,0,0,0,0,0,0,0,0,0,0
"2069320",0,0,0,0,0,0,0,0,0,0,0,0,0,0,0,0,0,0,0,0,0,0,0,0
"2069321",0,0,0,0,0,0,0,0,0,0,0,0,0,0,0,0,0,0,0,0,0,0,0,0
"2069322",0,0,0,0,0,0,0,0,0,0,0,0,0,0,0,0,0,0,0,0,0,0,0,0
"2069323",0,0,0,0,0,0,0,0,0,0,0,0,0,0,0,0,0,0,0,0,0,0,0,0
"2069325",0,0,0,0,0,0,0,0,0,0,0,0,0,0,0,0,0,0,0,0,0,0,0,0
"2069326",0,0,0,0,0,0,0,0,0,0,0,0,0,0,0,0,0,0,0,0,0,0,0,0
"2069327",0,0,0,0,0,0,0,0,0,0,0,0,0,0,0,0,0,0,0,0,0,0,0,0
"2069608",0,0,0,0,0,0,0,0,0,0,0,0,0,0,0,0,0,0,0,0,0,0,0,0
"2069609",0,0,0,0,0,0,0,0,0,0,0,0,0,0,0,0,0,0,0,0,0,0,0,0
"2070152",0,0,0,0,0,0,0,0,0,0,0,0,0,0,0,0,0,0,0,0,0,0,0,0
"2070199",0,0,0,0,0,0,0,0,0,0,0,0,0,0,0,0,0,0,0,0,0,0,0,0
"207240",0,0,0,0,0,0,0,0,0,0,0,0,0,0,0,0,0,0,0,0,0,0,0,0
"2072410",0,0,0,0,0,0,0,0,0,0,0,0,0,0,0,0,0,0,0,0,0,0,0,0
"2073044",0,0,0,0,0,0,0,0,0,0,0,0,0,0,0,0,0,0,0,0,0,0,0,0
"2073163",0,0,0,0,0,0,0,0,0,0,0,0,0,0,0,0,0,0,0,0,0,0,0,0
"207343",0,0,0,0,0,0,0,0,0,0,0,0,0,0,0,0,0,0,0,0,0,0,0,0
"2074132",0,0,0,0,0,0,0,0,0,0,0,0,0,0,0,0,0,0,0,0,0,0,0,0
"2077299",0,0,0,0,0,0,0,0,0,0,0,0,0,0,0,0,0,0,0,0,0,0,0,0
"2077300",0,0,0,0,0,0,0,0,0,0,0,0,0,0,0,0,0,0,0,0,0,0,0,0
"2077302",0,0,0,0,0,0,0,0,0,0,0,0,0,0,0,0,0,0,0,0,0,0,0,0
"2077304",0,0,0,0,0,0,0,0,0,0,0,0,0,0,0,0,0,0,0,0,0,0,0,0
"2077306",0,0,0,0,0,0,0,0,0,0,0,0,0,0,0,0,0,0,0,0,0,0,0,0
"2077307",0,0,0,0,0,0,0,0,0,0,0,0,0,0,0,0,0,0,0,0,0,0,0,0
"207809",0,0,0,0,0,0,0,0,0,0,0,0,0,0,0,0,0,0,0,0,0,0,0,0
"2079148",0,0,0,0,0,0,0,0,0,0,0,0,0,0,0,0,0,0,0,0,0,0,0,0
"2079458",0,0,0,0,0,0,0,0,0,0,0,0,0,0,0,0,0,0,0,0,0,0,0,0
"2080107",0,0,0,0,0,0,0,0,0,0,0,0,0,0,0,0,0,0,0,0,0,0,0,0
"2082585",0,0,0,0,0,0,0,0,0,0,0,0,0,0,0,0,0,0,0,0,0,0,0,0
"2082586",0,0,0,0,0,0,0,0,0,0,0,0,0,0,0,0,0,0,0,0,0,0,0,0
"2082658",0,0,0,0,0,0,0,0,0,0,0,0,0,0,0,0,0,0,0,0,0,0,0,0
"2083181",0,0,0,0,0,0,0,0,0,0,0,0,0,0,0,0,0,0,0,0,0,0,0,0
"2083182",0,0,0,0,0,0,0,0,0,0,0,0,0,0,0,0,0,0,0,0,0,0,0,0
"2083198",0,0,0,0,0,0,0,0,0,0,0,0,0,0,0,0,0,0,0,0,0,0,0,0
"2083199",0,0,0,0,0,0,0,0,0,0,0,0,0,0,0,0,0,0,0,0,0,0,0,0
"2083207",0,0,0,0,0,0,0,0,0,0,0,0,0,0,0,0,0,0,0,0,0,0,0,0
"2083275",0,0,0,0,0,0,0,0,0,0,0,0,0,0,0,0,0,0,0,0,0,0,0,0
"2083445",0,0,0,0,0,0,0,0,0,0,0,0,0,0,0,0,0,0,0,0,0,0,0,0
"2093224",0,0,0,0,0,0,0,0,0,0,0,0,0,0,0,0,0,0,0,0,0,0,0,0
"2093273",0,0,0,0,0,0,0,0,0,0,0,0,0,0,0,0,0,0,0,0,0,0,0,0
"2093276",0,0,0,0,0,0,0,0,0,0,0,0,0,0,0,0,0,0,0,0,0,0,0,0
"2093496",0,0,0,0,0,0,0,0,0,0,0,0,0,0,0,0,0,0,0,0,0,0,0,0
"2093789",0,0,0,0,0,0,0,0,0,0,0,0,0,0,0,0,0,0,0,0,0,0,0,0
"2094187",0,0,0,0,0,0,0,0,0,0,0,0,0,0,0,0,0,0,0,0,0,0,0,0
"2094259",0,0,0,0,0,0,0,0,0,0,0,0,0,0,0,0,0,0,0,0,0,0,0,0
"2094260",0,0,0,0,0,0,0,0,0,0,0,0,0,0,0,0,0,0,0,0,0,0,0,0
"2094713",0,0,0,0,0,0,0,0,0,0,0,0,0,0,0,0,0,0,0,0,0,0,0,0
"2094736",0,0,0,0,0,0,0,0,0,0,0,0,0,0,0,0,0,0,0,0,0,0,0,0
"2099521",0,0,0,0,0,0,0,0,0,0,0,0,0,0,0,0,0,0,0,0,0,0,0,0
"2099567",0,0,0,0,0,0,0,0,0,0,0,0,0,0,0,0,0,0,0,0,0,0,0,0
"2100421",0,0,0,0,0,0,0,0,0,0,0,0,0,0,0,0,0,0,0,0,0,0,0,0
"2108109",0,0,0,0,0,0,0,0,0,0,0,0,0,0,0,0,0,0,0,0,0,0,0,0
"2108111",0,0,0,0,0,0,0,0,0,0,0,0,0,0,0,0,0,0,0,0,0,0,0,0
"2108200",0,0,0,0,0,0,0,0,0,0,0,0,0,0,0,0,0,0,0,0,0,0,0,0
"2108201",0,0,0,0,0,0,0,0,0,0,0,0,0,0,0,0,0,0,0,0,0,0,0,0
"2108204",0,0,0,0,0,0,0,0,0,0,0,0,0,0,0,0,0,0,0,0,0,0,0,0
"2108205",0,0,0,0,0,0,0,0,0,0,0,0,0,0,0,0,0,0,0,0,0,0,0,0
"2108549",0,0,0,0,0,0,0,0,0,0,0,0,0,0,0,0,0,0,0,0,0,0,0,0
"2116176",0,0,0,0,0,0,0,0,0,0,0,0,0,0,0,0,0,0,0,0,0,0,0,0
"2116182",0,0,0,0,0,0,0,0,0,0,0,0,0,0,0,0,0,0,0,0,0,0,0,0
"2116188",0,0,0,0,0,0,0,0,0,0,0,0,0,0,0,0,0,0,0,0,0,0,0,0
"2116189",0,0,0,0,0,0,0,0,0,0,0,0,0,0,0,0,0,0,0,0,0,0,0,0
"2116195",0,0,0,0,0,0,0,0,0,0,0,0,0,0,0,0,0,0,0,0,0,0,0,0
"2116197",0,0,0,0,0,0,0,0,0,0,0,0,0,0,0,0,0,0,0,0,0,0,0,0
"2116198",0,0,0,0,0,0,0,0,0,0,0,0,0,0,0,0,0,0,0,0,0,0,0,0
"2116201",0,0,0,0,0,0,0,0,0,0,0,0,0,0,0,0,0,0,0,0,0,0,0,0
"2116202",0,0,0,0,0,0,0,0,0,0,0,0,0,0,0,0,0,0,0,0,0,0,0,0
"2116210",0,0,0,0,0,0,0,0,0,0,0,0,0,0,0,0,0,0,0,0,0,0,0,0
"2116363",0,0,0,0,0,0,0,0,0,0,0,0,0,0,0,0,0,0,0,0,0,0,0,0
"2116599",0,0,0,0,0,0,0,0,0,0,0,0,0,0,0,0,0,0,0,0,0,0,0,0
"2116702",0,0,0,0,0,0,0,0,0,0,0,0,0,0,0,0,0,0,0,0,0,0,0,0
"211977",0,0,0,0,0,0,0,0,0,0,0,0,0,0,0,0,0,0,0,0,0,0,0,0
"2122733",0,0,0,0,0,0,0,0,0,0,0,0,0,0,0,0,0,0,0,0,0,0,0,0
"2136037",0,0,0,0,0,0,0,0,0,0,0,0,0,0,0,0,0,0,0,0,0,0,0,0
"213633",0,0,0,0,0,0,0,0,0,0,0,0,0,0,0,0,0,0,0,0,0,0,0,0
"2137352",0,0,0,0,0,0,0,0,0,0,0,0,0,0,0,0,0,0,0,0,0,0,0,0
"2137353",0,0,0,0,0,0,0,0,0,0,0,0,0,0,0,0,0,0,0,0,0,0,0,0
"2137354",0,0,0,0,0,0,0,0,0,0,0,0,0,0,0,0,0,0,0,0,0,0,0,0
"2137542",0,0,0,0,0,0,0,0,0,0,0,0,0,0,0,0,0,0,0,0,0,0,0,0
"2137544",0,0,0,0,0,0,0,0,0,0,0,0,0,0,0,0,0,0,0,0,0,0,0,0
"213769",0,0,0,0,0,0,0,0,0,0,0,0,0,0,0,0,0,0,0,0,0,0,0,0
"2137858",0,0,0,0,0,0,0,0,0,0,0,0,0,0,0,0,0,0,0,0,0,0,0,0
"2138326",0,0,0,0,0,0,0,0,0,0,0,0,0,0,0,0,0,0,0,0,0,0,0,0
"2144",0,0,0,0,0,0,0,0,0,0,0,0,0,0,0,0,0,0,0,0,0,0,0,0
"214439",0,0,0,0,0,0,0,0,0,0,0,0,0,0,0,0,0,0,0,0,0,0,0,0
"215167",0,0,0,0,0,0,0,0,0,0,0,0,0,0,0,0,0,0,0,0,0,0,0,0
"2152567",0,0,0,0,0,0,0,0,0,0,0,0,0,0,0,0,0,0,0,0,0,0,0,0
"2155",0,0,0,0,0,0,0,0,0,0,0,0,0,0,0,0,0,0,0,0,0,0,0,0
"2161809",0,0,0,0,0,0,0,0,0,0,0,0,0,0,0,0,0,0,0,0,0,0,0,0
"2161875",0,0,0,0,0,0,0,0,0,0,0,0,0,0,0,0,0,0,0,0,0,0,0,0
"2161876",0,0,0,0,0,0,0,0,0,0,0,0,0,0,0,0,0,0,0,0,0,0,0,0
"2162642",0,0,0,0,0,0,0,0,0,0,0,0,0,0,0,0,0,0,0,0,0,0,0,0
"2163422",0,0,0,0,0,0,0,0,0,0,0,0,0,0,0,0,0,0,0,0,0,0,0,0
"216371",0,0,0,0,0,0,0,0,0,0,0,0,0,0,0,0,0,0,0,0,0,0,0,0
"2163996",0,0,0,0,0,0,0,0,0,0,0,0,0,0,0,0,0,0,0,0,0,0,0,0
"2164061",0,0,0,0,0,0,0,0,0,0,0,0,0,0,0,0,0,0,0,0,0,0,0,0
"2164100",0,0,0,0,0,0,0,0,0,0,0,0,0,0,0,0,0,0,0,0,0,0,0,0
"216614",0,0,0,0,0,0,0,0,0,0,0,0,0,0,0,0,0,0,0,0,0,0,0,0
"2169571",0,0,0,0,0,0,0,0,0,0,0,0,0,0,0,0,0,0,0,0,0,0,0,0
"2169607",0,0,0,0,0,0,0,0,0,0,0,0,0,0,0,0,0,0,0,0,0,0,0,0
"2169621",0,0,0,0,0,0,0,0,0,0,0,0,0,0,0,0,0,0,0,0,0,0,0,0
"2169622",0,0,0,0,0,0,0,0,0,0,0,0,0,0,0,0,0,0,0,0,0,0,0,0
"2169624",0,0,0,0,0,0,0,0,0,0,0,0,0,0,0,0,0,0,0,0,0,0,0,0
"2169625",0,0,0,0,0,0,0,0,0,0,0,0,0,0,0,0,0,0,0,0,0,0,0,0
"2169647",0,0,0,0,0,0,0,0,0,0,0,0,0,0,0,0,0,0,0,0,0,0,0,0
"2169663",0,0,0,0,0,0,0,0,0,0,0,0,0,0,0,0,0,0,0,0,0,0,0,0
"2169666",0,0,0,0,0,0,0,0,0,0,0,0,0,0,0,0,0,0,0,0,0,0,0,0
"2169669",0,0,0,0,0,0,0,0,0,0,0,0,0,0,0,0,0,0,0,0,0,0,0,0
"2169685",0,0,0,0,0,0,0,0,0,0,0,0,0,0,0,0,0,0,0,0,0,0,0,0
"2169699",0,0,0,0,0,0,0,0,0,0,0,0,0,0,0,0,0,0,0,0,0,0,0,0
"2169701",0,0,0,0,0,0,0,0,0,0,0,0,0,0,0,0,0,0,0,0,0,0,0,0
"2169721",0,0,0,0,0,0,0,0,0,0,0,0,0,0,0,0,0,0,0,0,0,0,0,0
"2169722",0,0,0,0,0,0,0,0,0,0,0,0,0,0,0,0,0,0,0,0,0,0,0,0
"2169723",0,0,0,0,0,0,0,0,0,0,0,0,0,0,0,0,0,0,0,0,0,0,0,0
"2169725",0,0,0,0,0,0,0,0,0,0,0,0,0,0,0,0,0,0,0,0,0,0,0,0
"2169734",0,0,0,0,0,0,0,0,0,0,0,0,0,0,0,0,0,0,0,0,0,0,0,0
"2169735",0,0,0,0,0,0,0,0,0,0,0,0,0,0,0,0,0,0,0,0,0,0,0,0
"2169738",0,0,0,0,0,0,0,0,0,0,0,0,0,0,0,0,0,0,0,0,0,0,0,0
"2169739",0,0,0,0,0,0,0,0,0,0,0,0,0,0,0,0,0,0,0,0,0,0,0,0
"2169740",0,0,0,0,0,0,0,0,0,0,0,0,0,0,0,0,0,0,0,0,0,0,0,0
"2169741",0,0,0,0,0,0,0,0,0,0,0,0,0,0,0,0,0,0,0,0,0,0,0,0
"2169742",0,0,0,0,0,0,0,0,0,0,0,0,0,0,0,0,0,0,0,0,0,0,0,0
"2169744",0,0,0,0,0,0,0,0,0,0,0,0,0,0,0,0,0,0,0,0,0,0,0,0
"2169747",0,0,0,0,0,0,0,0,0,0,0,0,0,0,0,0,0,0,0,0,0,0,0,0
"2169757",0,0,0,0,0,0,0,0,0,0,0,0,0,0,0,0,0,0,0,0,0,0,0,0
"2169801",0,0,0,0,0,0,0,0,0,0,0,0,0,0,0,0,0,0,0,0,0,0,0,0
"2169802",0,0,0,0,0,0,0,0,0,0,0,0,0,0,0,0,0,0,0,0,0,0,0,0
"2169803",0,0,0,0,0,0,0,0,0,0,0,0,0,0,0,0,0,0,0,0,0,0,0,0
"2169807",0,0,0,0,0,0,0,0,0,0,0,0,0,0,0,0,0,0,0,0,0,0,0,0
"2169809",0,0,0,0,0,0,0,0,0,0,0,0,0,0,0,0,0,0,0,0,0,0,0,0
"2169810",0,0,0,0,0,0,0,0,0,0,0,0,0,0,0,0,0,0,0,0,0,0,0,0
"2169814",0,0,0,0,0,0,0,0,0,0,0,0,0,0,0,0,0,0,0,0,0,0,0,0
"2169824",0,0,0,0,0,0,0,0,0,0,0,0,0,0,0,0,0,0,0,0,0,0,0,0
"2169825",0,0,0,0,0,0,0,0,0,0,0,0,0,0,0,0,0,0,0,0,0,0,0,0
"2169827",0,0,0,0,0,0,0,0,0,0,0,0,0,0,0,0,0,0,0,0,0,0,0,0
"2169829",0,0,0,0,0,0,0,0,0,0,0,0,0,0,0,0,0,0,0,0,0,0,0,0
"2169834",0,0,0,0,0,0,0,0,0,0,0,0,0,0,0,0,0,0,0,0,0,0,0,0
"2169843",0,0,0,0,0,0,0,0,0,0,0,0,0,0,0,0,0,0,0,0,0,0,0,0
"2169853",0,0,0,0,0,0,0,0,0,0,0,0,0,0,0,0,0,0,0,0,0,0,0,0
"2169854",0,0,0,0,0,0,0,0,0,0,0,0,0,0,0,0,0,0,0,0,0,0,0,0
"2169857",0,0,0,0,0,0,0,0,0,0,0,0,0,0,0,0,0,0,0,0,0,0,0,0
"2169864",0,0,0,0,0,0,0,0,0,0,0,0,0,0,0,0,0,0,0,0,0,0,0,0
"2169865",0,0,0,0,0,0,0,0,0,0,0,0,0,0,0,0,0,0,0,0,0,0,0,0
"2169866",0,0,0,0,0,0,0,0,0,0,0,0,0,0,0,0,0,0,0,0,0,0,0,0
"2169867",0,0,0,0,0,0,0,0,0,0,0,0,0,0,0,0,0,0,0,0,0,0,0,0
"2169876",0,0,0,0,0,0,0,0,0,0,0,0,0,0,0,0,0,0,0,0,0,0,0,0
"2169877",0,0,0,0,0,0,0,0,0,0,0,0,0,0,0,0,0,0,0,0,0,0,0,0
"2169878",0,0,0,0,0,0,0,0,0,0,0,0,0,0,0,0,0,0,0,0,0,0,0,0
"2169879",0,0,0,0,0,0,0,0,0,0,0,0,0,0,0,0,0,0,0,0,0,0,0,0
"2169880",0,0,0,0,0,0,0,0,0,0,0,0,0,0,0,0,0,0,0,0,0,0,0,0
"2169881",0,0,0,0,0,0,0,0,0,0,0,0,0,0,0,0,0,0,0,0,0,0,0,0
"2169885",0,0,0,0,0,0,0,0,0,0,0,0,0,0,0,0,0,0,0,0,0,0,0,0
"2169886",0,0,0,0,0,0,0,0,0,0,0,0,0,0,0,0,0,0,0,0,0,0,0,0
"2169893",0,0,0,0,0,0,0,0,0,0,0,0,0,0,0,0,0,0,0,0,0,0,0,0
"2169894",0,0,0,0,0,0,0,0,0,0,0,0,0,0,0,0,0,0,0,0,0,0,0,0
"2169904",0,0,0,0,0,0,0,0,0,0,0,0,0,0,0,0,0,0,0,0,0,0,0,0
"2169905",0,0,0,0,0,0,0,0,0,0,0,0,0,0,0,0,0,0,0,0,0,0,0,0
"2169920",0,0,0,0,0,0,0,0,0,0,0,0,0,0,0,0,0,0,0,0,0,0,0,0
"2169922",0,0,0,0,0,0,0,0,0,0,0,0,0,0,0,0,0,0,0,0,0,0,0,0
"2169923",0,0,0,0,0,0,0,0,0,0,0,0,0,0,0,0,0,0,0,0,0,0,0,0
"2169925",0,0,0,0,0,0,0,0,0,0,0,0,0,0,0,0,0,0,0,0,0,0,0,0
"2169926",0,0,0,0,0,0,0,0,0,0,0,0,0,0,0,0,0,0,0,0,0,0,0,0
"2169927",0,0,0,0,0,0,0,0,0,0,0,0,0,0,0,0,0,0,0,0,0,0,0,0
"2169936",0,0,0,0,0,0,0,0,0,0,0,0,0,0,0,0,0,0,0,0,0,0,0,0
"2169937",0,0,0,0,0,0,0,0,0,0,0,0,0,0,0,0,0,0,0,0,0,0,0,0
"2169960",0,0,0,0,0,0,0,0,0,0,0,0,0,0,0,0,0,0,0,0,0,0,0,0
"2169961",0,0,0,0,0,0,0,0,0,0,0,0,0,0,0,0,0,0,0,0,0,0,0,0
"2169965",0,0,0,0,0,0,0,0,0,0,0,0,0,0,0,0,0,0,0,0,0,0,0,0
"2169966",0,0,0,0,0,0,0,0,0,0,0,0,0,0,0,0,0,0,0,0,0,0,0,0
"2169970",0,0,0,0,0,0,0,0,0,0,0,0,0,0,0,0,0,0,0,0,0,0,0,0
"2169971",0,0,0,0,0,0,0,0,0,0,0,0,0,0,0,0,0,0,0,0,0,0,0,0
"2169974",0,0,0,0,0,0,0,0,0,0,0,0,0,0,0,0,0,0,0,0,0,0,0,0
"2169975",0,0,0,0,0,0,0,0,0,0,0,0,0,0,0,0,0,0,0,0,0,0,0,0
"2169976",0,0,0,0,0,0,0,0,0,0,0,0,0,0,0,0,0,0,0,0,0,0,0,0
"2169978",0,0,0,0,0,0,0,0,0,0,0,0,0,0,0,0,0,0,0,0,0,0,0,0
"2169979",0,0,0,0,0,0,0,0,0,0,0,0,0,0,0,0,0,0,0,0,0,0,0,0
"2169980",0,0,0,0,0,0,0,0,0,0,0,0,0,0,0,0,0,0,0,0,0,0,0,0
"2169981",0,0,0,0,0,0,0,0,0,0,0,0,0,0,0,0,0,0,0,0,0,0,0,0
"2169991",0,0,0,0,0,0,0,0,0,0,0,0,0,0,0,0,0,0,0,0,0,0,0,0
"2170003",0,0,0,0,0,0,0,0,0,0,0,0,0,0,0,0,0,0,0,0,0,0,0,0
"2170005",0,0,0,0,0,0,0,0,0,0,0,0,0,0,0,0,0,0,0,0,0,0,0,0
"2170007",0,0,0,0,0,0,0,0,0,0,0,0,0,0,0,0,0,0,0,0,0,0,0,0
"2170008",0,0,0,0,0,0,0,0,0,0,0,0,0,0,0,0,0,0,0,0,0,0,0,0
"2170041",0,0,0,0,0,0,0,0,0,0,0,0,0,0,0,0,0,0,0,0,0,0,0,0
"2170044",0,0,0,0,0,0,0,0,0,0,0,0,0,0,0,0,0,0,0,0,0,0,0,0
"2170045",0,0,0,0,0,0,0,0,0,0,0,0,0,0,0,0,0,0,0,0,0,0,0,0
"2170046",0,0,0,0,0,0,0,0,0,0,0,0,0,0,0,0,0,0,0,0,0,0,0,0
"2170047",0,0,0,0,0,0,0,0,0,0,0,0,0,0,0,0,0,0,0,0,0,0,0,0
"2170049",0,0,0,0,0,0,0,0,0,0,0,0,0,0,0,0,0,0,0,0,0,0,0,0
"2170050",0,0,0,0,0,0,0,0,0,0,0,0,0,0,0,0,0,0,0,0,0,0,0,0
"2170052",0,0,0,0,0,0,0,0,0,0,0,0,0,0,0,0,0,0,0,0,0,0,0,0
"2170053",0,0,0,0,0,0,0,0,0,0,0,0,0,0,0,0,0,0,0,0,0,0,0,0
"2170061",0,0,0,0,0,0,0,0,0,0,0,0,0,0,0,0,0,0,0,0,0,0,0,0
"2170098",0,0,0,0,0,0,0,0,0,0,0,0,0,0,0,0,0,0,0,0,0,0,0,0
"2170100",0,0,0,0,0,0,0,0,0,0,0,0,0,0,0,0,0,0,0,0,0,0,0,0
"2170103",0,0,0,0,0,0,0,0,0,0,0,0,0,0,0,0,0,0,0,0,0,0,0,0
"2170105",0,0,0,0,0,0,0,0,0,0,0,0,0,0,0,0,0,0,0,0,0,0,0,0
"2170106",0,0,0,0,0,0,0,0,0,0,0,0,0,0,0,0,0,0,0,0,0,0,0,0
"2170108",0,0,0,0,0,0,0,0,0,0,0,0,0,0,0,0,0,0,0,0,0,0,0,0
"2170109",0,0,0,0,0,0,0,0,0,0,0,0,0,0,0,0,0,0,0,0,0,0,0,0
"2170110",0,0,0,0,0,0,0,0,0,0,0,0,0,0,0,0,0,0,0,0,0,0,0,0
"2170114",0,0,0,0,0,0,0,0,0,0,0,0,0,0,0,0,0,0,0,0,0,0,0,0
"2170119",0,0,0,0,0,0,0,0,0,0,0,0,0,0,0,0,0,0,0,0,0,0,0,0
"2170121",0,0,0,0,0,0,0,0,0,0,0,0,0,0,0,0,0,0,0,0,0,0,0,0
"2170123",0,0,0,0,0,0,0,0,0,0,0,0,0,0,0,0,0,0,0,0,0,0,0,0
"2170124",0,0,0,0,0,0,0,0,0,0,0,0,0,0,0,0,0,0,0,0,0,0,0,0
"2170126",0,0,0,0,0,0,0,0,0,0,0,0,0,0,0,0,0,0,0,0,0,0,0,0
"2170132",0,0,0,0,0,0,0,0,0,0,0,0,0,0,0,0,0,0,0,0,0,0,0,0
"2170135",0,0,0,0,0,0,0,0,0,0,0,0,0,0,0,0,0,0,0,0,0,0,0,0
"2170139",0,0,0,0,0,0,0,0,0,0,0,0,0,0,0,0,0,0,0,0,0,0,0,0
"2170170",0,0,0,0,0,0,0,0,0,0,0,0,0,0,0,0,0,0,0,0,0,0,0,0
"2170194",0,0,0,0,0,0,0,0,0,0,0,0,0,0,0,0,0,0,0,0,0,0,0,0
"2170195",0,0,0,0,0,0,0,0,0,0,0,0,0,0,0,0,0,0,0,0,0,0,0,0
"2170198",0,0,0,0,0,0,0,0,0,0,0,0,0,0,0,0,0,0,0,0,0,0,0,0
"2170200",0,0,0,0,0,0,0,0,0,0,0,0,0,0,0,0,0,0,0,0,0,0,0,0
"2170201",0,0,0,0,0,0,0,0,0,0,0,0,0,0,0,0,0,0,0,0,0,0,0,0
"2170205",0,0,0,0,0,0,0,0,0,0,0,0,0,0,0,0,0,0,0,0,0,0,0,0
"2170206",0,0,0,0,0,0,0,0,0,0,0,0,0,0,0,0,0,0,0,0,0,0,0,0
"2170215",0,0,0,0,0,0,0,0,0,0,0,0,0,0,0,0,0,0,0,0,0,0,0,0
"2170217",0,0,0,0,0,0,0,0,0,0,0,0,0,0,0,0,0,0,0,0,0,0,0,0
"2170221",0,0,0,0,0,0,0,0,0,0,0,0,0,0,0,0,0,0,0,0,0,0,0,0
"2170222",0,0,0,0,0,0,0,0,0,0,0,0,0,0,0,0,0,0,0,0,0,0,0,0
"2170224",0,0,0,0,0,0,0,0,0,0,0,0,0,0,0,0,0,0,0,0,0,0,0,0
"2170233",0,0,0,0,0,0,0,0,0,0,0,0,0,0,0,0,0,0,0,0,0,0,0,0
"2170235",0,0,0,0,0,0,0,0,0,0,0,0,0,0,0,0,0,0,0,0,0,0,0,0
"2170240",0,0,0,0,0,0,0,0,0,0,0,0,0,0,0,0,0,0,0,0,0,0,0,0
"2170246",0,0,0,0,0,0,0,0,0,0,0,0,0,0,0,0,0,0,0,0,0,0,0,0
"2170248",0,0,0,0,0,0,0,0,0,0,0,0,0,0,0,0,0,0,0,0,0,0,0,0
"2170250",0,0,0,0,0,0,0,0,0,0,0,0,0,0,0,0,0,0,0,0,0,0,0,0
"2170251",0,0,0,0,0,0,0,0,0,0,0,0,0,0,0,0,0,0,0,0,0,0,0,0
"2170255",0,0,0,0,0,0,0,0,0,0,0,0,0,0,0,0,0,0,0,0,0,0,0,0
"2170403",0,0,0,0,0,0,0,0,0,0,0,0,0,0,0,0,0,0,0,0,0,0,0,0
"2170423",0,0,0,0,0,0,0,0,0,0,0,0,0,0,0,0,0,0,0,0,0,0,0,0
"2172548",0,0,0,0,0,0,0,0,0,0,0,0,0,0,0,0,0,0,0,0,0,0,0,0
"2174902",0,0,0,0,0,0,0,0,0,0,0,0,0,0,0,0,0,0,0,0,0,0,0,0
"2174956",0,0,0,0,0,0,0,0,0,0,0,0,0,0,0,0,0,0,0,0,0,0,0,0
"2175118",0,0,0,0,0,0,0,0,0,0,0,0,0,0,0,0,0,0,0,0,0,0,0,0
"2175329",0,0,0,0,0,0,0,0,0,0,0,0,0,0,0,0,0,0,0,0,0,0,0,0
"217615",0,0,0,0,0,0,0,0,0,0,0,0,0,0,0,0,0,0,0,0,0,0,0,0
"217686",0,0,0,0,0,0,0,0,0,0,0,0,0,0,0,0,0,0,0,0,0,0,0,0
"2182585",0,0,0,0,0,0,0,0,0,0,0,0,0,0,0,0,0,0,0,0,0,0,0,0
"2184051",0,0,0,0,0,0,0,0,0,0,0,0,0,0,0,0,0,0,0,0,0,0,0,0
"2184399",0,0,0,0,0,0,0,0,0,0,0,0,0,0,0,0,0,0,0,0,0,0,0,0
"2184469",0,0,0,0,0,0,0,0,0,0,0,0,0,0,0,0,0,0,0,0,0,0,0,0
"2185086",0,0,0,0,0,0,0,0,0,0,0,0,0,0,0,0,0,0,0,0,0,0,0,0
"2185281",0,0,0,0,0,0,0,0,0,0,0,0,0,0,0,0,0,0,0,0,0,0,0,0
"218667",0,0,0,0,0,0,0,0,0,0,0,0,0,0,0,0,0,0,0,0,0,0,0,0
"218849",0,0,0,0,0,0,0,0,0,0,0,0,0,0,0,0,0,0,0,0,0,0,0,0
"218923",0,0,0,0,0,0,0,0,0,0,0,0,0,0,0,0,0,0,0,0,0,0,0,0
"219174",0,0,0,0,0,0,0,0,0,0,0,0,0,0,0,0,0,0,0,0,0,0,0,0
"219299",0,0,0,0,0,0,0,0,0,0,0,0,0,0,0,0,0,0,0,0,0,0,0,0
"219584",0,0,0,0,0,0,0,0,0,0,0,0,0,0,0,0,0,0,0,0,0,0,0,0
"219596",0,0,0,0,0,0,0,0,0,0,0,0,0,0,0,0,0,0,0,0,0,0,0,0
"219744",0,0,0,0,0,0,0,0,0,0,0,0,0,0,0,0,0,0,0,0,0,0,0,0
"2198",0,0,0,0,0,0,0,0,0,0,0,0,0,0,0,0,0,0,0,0,0,0,0,0
"2200716",0,0,0,0,0,0,0,0,0,0,0,0,0,0,0,0,0,0,0,0,0,0,0,0
"2200955",0,0,0,0,0,0,0,0,0,0,0,0,0,0,0,0,0,0,0,0,0,0,0,0
"2201042",0,0,0,0,0,0,0,0,0,0,0,0,0,0,0,0,0,0,0,0,0,0,0,0
"2202146",0,0,0,0,0,0,0,0,0,0,0,0,0,0,0,0,0,0,0,0,0,0,0,0
"2202647",0,0,0,0,0,0,0,0,0,0,0,0,0,0,0,0,0,0,0,0,0,0,0,0
"2204155",0,0,0,0,0,0,0,0,0,0,0,0,0,0,0,0,0,0,0,0,0,0,0,0
"220608",0,0,0,0,0,0,0,0,0,0,0,0,0,0,0,0,0,0,0,0,0,0,0,0
"220812",0,0,0,0,0,0,0,0,0,0,0,0,0,0,0,0,0,0,0,0,0,0,0,0
"221054",0,0,0,0,0,0,0,0,0,0,0,0,0,0,0,0,0,0,0,0,0,0,0,0
"2211641",0,0,0,0,0,0,0,0,0,0,0,0,0,0,0,0,0,0,0,0,0,0,0,0
"2212477",0,0,0,0,0,0,0,0,0,0,0,0,0,0,0,0,0,0,0,0,0,0,0,0
"221262",0,0,0,0,0,0,0,0,0,0,0,0,0,0,0,0,0,0,0,0,0,0,0,0
"2213167",0,0,0,0,0,0,0,0,0,0,0,0,0,0,0,0,0,0,0,0,0,0,0,0
"2213168",0,0,0,0,0,0,0,0,0,0,0,0,0,0,0,0,0,0,0,0,0,0,0,0
"2217825",0,0,0,0,0,0,0,0,0,0,0,0,0,0,0,0,0,0,0,0,0,0,0,0
"2217830",0,0,0,0,0,0,0,0,0,0,0,0,0,0,0,0,0,0,0,0,0,0,0,0
"2218594",0,0,0,0,0,0,0,0,0,0,0,0,0,0,0,0,0,0,0,0,0,0,0,0
"2218617",0,0,0,0,0,0,0,0,0,0,0,0,0,0,0,0,0,0,0,0,0,0,0,0
"2218619",0,0,0,0,0,0,0,0,0,0,0,0,0,0,0,0,0,0,0,0,0,0,0,0
"2219092",0,0,0,0,0,0,0,0,0,0,0,0,0,0,0,0,0,0,0,0,0,0,0,0
"2219120",0,0,0,0,0,0,0,0,0,0,0,0,0,0,0,0,0,0,0,0,0,0,0,0
"2219133",0,0,0,0,0,0,0,0,0,0,0,0,0,0,0,0,0,0,0,0,0,0,0,0
"2219134",0,0,0,0,0,0,0,0,0,0,0,0,0,0,0,0,0,0,0,0,0,0,0,0
"2219137",0,0,0,0,0,0,0,0,0,0,0,0,0,0,0,0,0,0,0,0,0,0,0,0
"2219138",0,0,0,0,0,0,0,0,0,0,0,0,0,0,0,0,0,0,0,0,0,0,0,0
"2219139",0,0,0,0,0,0,0,0,0,0,0,0,0,0,0,0,0,0,0,0,0,0,0,0
"2219141",0,0,0,0,0,0,0,0,0,0,0,0,0,0,0,0,0,0,0,0,0,0,0,0
"2219143",0,0,0,0,0,0,0,0,0,0,0,0,0,0,0,0,0,0,0,0,0,0,0,0
"2219217",0,0,0,0,0,0,0,0,0,0,0,0,0,0,0,0,0,0,0,0,0,0,0,0
"2220002",0,0,0,0,0,0,0,0,0,0,0,0,0,0,0,0,0,0,0,0,0,0,0,0
"2220003",0,0,0,0,0,0,0,0,0,0,0,0,0,0,0,0,0,0,0,0,0,0,0,0
"222079",0,0,0,0,0,0,0,0,0,0,0,0,0,0,0,0,0,0,0,0,0,0,0,0
"222450",0,0,0,0,0,0,0,0,0,0,0,0,0,0,0,0,0,0,0,0,0,0,0,0
"222474",0,0,0,0,0,0,0,0,0,0,0,0,0,0,0,0,0,0,0,0,0,0,0,0
"222557",0,0,0,0,0,0,0,0,0,0,0,0,0,0,0,0,0,0,0,0,0,0,0,0
"2231056",0,0,0,0,0,0,0,0,0,0,0,0,0,0,0,0,0,0,0,0,0,0,0,0
"2231334",0,0,0,0,0,0,0,0,0,0,0,0,0,0,0,0,0,0,0,0,0,0,0,0
"2231706",0,0,0,0,0,0,0,0,0,0,0,0,0,0,0,0,0,0,0,0,0,0,0,0
"223252",0,0,0,0,0,0,0,0,0,0,0,0,0,0,0,0,0,0,0,0,0,0,0,0
"223260",0,0,0,0,0,0,0,0,0,0,0,0,0,0,0,0,0,0,0,0,0,0,0,0
"223262",0,0,0,0,0,0,0,0,0,0,0,0,0,0,0,0,0,0,0,0,0,0,0,0
"223264",0,0,0,0,0,0,0,0,0,0,0,0,0,0,0,0,0,0,0,0,0,0,0,0
"223282",0,0,0,0,0,0,0,0,0,0,0,0,0,0,0,0,0,0,0,0,0,0,0,0
"223284",0,0,0,0,0,0,0,0,0,0,0,0,0,0,0,0,0,0,0,0,0,0,0,0
"223287",0,0,0,0,0,0,0,0,0,0,0,0,0,0,0,0,0,0,0,0,0,0,0,0
"223301",0,0,0,0,0,0,0,0,0,0,0,0,0,0,0,0,0,0,0,0,0,0,0,0
"223303",0,0,0,0,0,0,0,0,0,0,0,0,0,0,0,0,0,0,0,0,0,0,0,0
"223305",0,0,0,0,0,0,0,0,0,0,0,0,0,0,0,0,0,0,0,0,0,0,0,0
"223307",0,0,0,0,0,0,0,0,0,0,0,0,0,0,0,0,0,0,0,0,0,0,0,0
"223308",0,0,0,0,0,0,0,0,0,0,0,0,0,0,0,0,0,0,0,0,0,0,0,0
"223313",0,0,0,0,0,0,0,0,0,0,0,0,0,0,0,0,0,0,0,0,0,0,0,0
"223314",0,0,0,0,0,0,0,0,0,0,0,0,0,0,0,0,0,0,0,0,0,0,0,0
"223317",0,0,0,0,0,0,0,0,0,0,0,0,0,0,0,0,0,0,0,0,0,0,0,0
"223321",0,0,0,0,0,0,0,0,0,0,0,0,0,0,0,0,0,0,0,0,0,0,0,0
"223323",0,0,0,0,0,0,0,0,0,0,0,0,0,0,0,0,0,0,0,0,0,0,0,0
"223324",0,0,0,0,0,0,0,0,0,0,0,0,0,0,0,0,0,0,0,0,0,0,0,0
"223332",0,0,0,0,0,0,0,0,0,0,0,0,0,0,0,0,0,0,0,0,0,0,0,0
"223337",0,0,0,0,0,0,0,0,0,0,0,0,0,0,0,0,0,0,0,0,0,0,0,0
"223342",0,0,0,0,0,0,0,0,0,0,0,0,0,0,0,0,0,0,0,0,0,0,0,0
"223345",0,0,0,0,0,0,0,0,0,0,0,0,0,0,0,0,0,0,0,0,0,0,0,0
"223346",0,0,0,0,0,0,0,0,0,0,0,0,0,0,0,0,0,0,0,0,0,0,0,0
"223347",0,0,0,0,0,0,0,0,0,0,0,0,0,0,0,0,0,0,0,0,0,0,0,0
"223352",0,0,0,0,0,0,0,0,0,0,0,0,0,0,0,0,0,0,0,0,0,0,0,0
"223356",0,0,0,0,0,0,0,0,0,0,0,0,0,0,0,0,0,0,0,0,0,0,0,0
"224578",0,0,0,0,0,0,0,0,0,0,0,0,0,0,0,0,0,0,0,0,0,0,0,0
"2250219",0,0,0,0,0,0,0,0,0,0,0,0,0,0,0,0,0,0,0,0,0,0,0,0
"2250452",0,0,0,0,0,0,0,0,0,0,0,0,0,0,0,0,0,0,0,0,0,0,0,0
"2259335",0,0,0,0,0,0,0,0,0,0,0,0,0,0,0,0,0,0,0,0,0,0,0,0
"2259792",0,0,0,0,0,0,0,0,0,0,0,0,0,0,0,0,0,0,0,0,0,0,0,0
"226584",0,0,0,0,0,0,0,0,0,0,0,0,0,0,0,0,0,0,0,0,0,0,0,0
"2267679",0,0,0,0,0,0,0,0,0,0,0,0,0,0,0,0,0,0,0,0,0,0,0,0
"2268",0,0,0,0,0,0,0,0,0,0,0,0,0,0,0,0,0,0,0,0,0,0,0,0
"2268125",0,0,0,0,0,0,0,0,0,0,0,0,0,0,0,0,0,0,0,0,0,0,0,0
"2273",0,0,0,0,0,0,0,0,0,0,0,0,0,0,0,0,0,0,0,0,0,0,0,0
"227507",0,0,0,0,0,0,0,0,0,0,0,0,0,0,0,0,0,0,0,0,0,0,0,0
"2282485",0,0,0,0,0,0,0,0,0,0,0,0,0,0,0,0,0,0,0,0,0,0,0,0
"2282643",0,0,0,0,0,0,0,0,0,0,0,0,0,0,0,0,0,0,0,0,0,0,0,0
"2282644",0,0,0,0,0,0,0,0,0,0,0,0,0,0,0,0,0,0,0,0,0,0,0,0
"2282645",0,0,0,0,0,0,0,0,0,0,0,0,0,0,0,0,0,0,0,0,0,0,0,0
"2282646",0,0,0,0,0,0,0,0,0,0,0,0,0,0,0,0,0,0,0,0,0,0,0,0
"2283028",0,0,0,0,0,0,0,0,0,0,0,0,0,0,0,0,0,0,0,0,0,0,0,0
"2283388",0,0,0,0,0,0,0,0,0,0,0,0,0,0,0,0,0,0,0,0,0,0,0,0
"2283800",0,0,0,0,0,0,0,0,0,0,0,0,0,0,0,0,0,0,0,0,0,0,0,0
"2284",0,0,0,0,0,0,0,0,0,0,0,0,0,0,0,0,0,0,0,0,0,0,0,0
"228578",0,0,0,0,0,0,0,0,0,0,0,0,0,0,0,0,0,0,0,0,0,0,0,0
"229030",0,0,0,0,0,0,0,0,0,0,0,0,0,0,0,0,0,0,0,0,0,0,0,0
"2292426",0,0,0,0,0,0,0,0,0,0,0,0,0,0,0,0,0,0,0,0,0,0,0,0
"2292642",0,0,0,0,0,0,0,0,0,0,0,0,0,0,0,0,0,0,0,0,0,0,0,0
"2292651",0,0,0,0,0,0,0,0,0,0,0,0,0,0,0,0,0,0,0,0,0,0,0,0
"2293280",0,0,0,0,0,0,0,0,0,0,0,0,0,0,0,0,0,0,0,0,0,0,0,0
"2293289",0,0,0,0,0,0,0,0,0,0,0,0,0,0,0,0,0,0,0,0,0,0,0,0
"2293290",0,0,0,0,0,0,0,0,0,0,0,0,0,0,0,0,0,0,0,0,0,0,0,0
"2293291",0,0,0,0,0,0,0,0,0,0,0,0,0,0,0,0,0,0,0,0,0,0,0,0
"2293292",0,0,0,0,0,0,0,0,0,0,0,0,0,0,0,0,0,0,0,0,0,0,0,0
"2293294",0,0,0,0,0,0,0,0,0,0,0,0,0,0,0,0,0,0,0,0,0,0,0,0
"2293295",0,0,0,0,0,0,0,0,0,0,0,0,0,0,0,0,0,0,0,0,0,0,0,0
"2293296",0,0,0,0,0,0,0,0,0,0,0,0,0,0,0,0,0,0,0,0,0,0,0,0
"2293300",0,0,0,0,0,0,0,0,0,0,0,0,0,0,0,0,0,0,0,0,0,0,0,0
"2293304",0,0,0,0,0,0,0,0,0,0,0,0,0,0,0,0,0,0,0,0,0,0,0,0
"2293309",0,0,0,0,0,0,0,0,0,0,0,0,0,0,0,0,0,0,0,0,0,0,0,0
"2293310",0,0,0,0,0,0,0,0,0,0,0,0,0,0,0,0,0,0,0,0,0,0,0,0
"2293720",0,0,0,0,0,0,0,0,0,0,0,0,0,0,0,0,0,0,0,0,0,0,0,0
"2294149",0,0,0,0,0,0,0,0,0,0,0,0,0,0,0,0,0,0,0,0,0,0,0,0
"2294150",0,0,0,0,0,0,0,0,0,0,0,0,0,0,0,0,0,0,0,0,0,0,0,0
"2294151",0,0,0,0,0,0,0,0,0,0,0,0,0,0,0,0,0,0,0,0,0,0,0,0
"2294152",0,0,0,0,0,0,0,0,0,0,0,0,0,0,0,0,0,0,0,0,0,0,0,0
"2294156",0,0,0,0,0,0,0,0,0,0,0,0,0,0,0,0,0,0,0,0,0,0,0,0
"230158",0,0,0,0,0,0,0,0,0,0,0,0,0,0,0,0,0,0,0,0,0,0,0,0
"2301720",0,0,0,0,0,0,0,0,0,0,0,0,0,0,0,0,0,0,0,0,0,0,0,0
"2301722",0,0,0,0,0,0,0,0,0,0,0,0,0,0,0,0,0,0,0,0,0,0,0,0
"2303160",0,0,0,0,0,0,0,0,0,0,0,0,0,0,0,0,0,0,0,0,0,0,0,0
"2303411",0,0,0,0,0,0,0,0,0,0,0,0,0,0,0,0,0,0,0,0,0,0,0,0
"2304056",0,0,0,0,0,0,0,0,0,0,0,0,0,0,0,0,0,0,0,0,0,0,0,0
"2304463",0,0,0,0,0,0,0,0,0,0,0,0,0,0,0,0,0,0,0,0,0,0,0,0
"2304477",0,0,0,0,0,0,0,0,0,0,0,0,0,0,0,0,0,0,0,0,0,0,0,0
"2304480",0,0,0,0,0,0,0,0,0,0,0,0,0,0,0,0,0,0,0,0,0,0,0,0
"2304510",0,0,0,0,0,0,0,0,0,0,0,0,0,0,0,0,0,0,0,0,0,0,0,0
"2304516",0,0,0,0,0,0,0,0,0,0,0,0,0,0,0,0,0,0,0,0,0,0,0,0
"2304617",0,0,0,0,0,0,0,0,0,0,0,0,0,0,0,0,0,0,0,0,0,0,0,0
"2304618",0,0,0,0,0,0,0,0,0,0,0,0,0,0,0,0,0,0,0,0,0,0,0,0
"2304620",0,0,0,0,0,0,0,0,0,0,0,0,0,0,0,0,0,0,0,0,0,0,0,0
"2304647",0,0,0,0,0,0,0,0,0,0,0,0,0,0,0,0,0,0,0,0,0,0,0,0
"2306623",0,0,0,0,0,0,0,0,0,0,0,0,0,0,0,0,0,0,0,0,0,0,0,0
"2306813",0,0,0,0,0,0,0,0,0,0,0,0,0,0,0,0,0,0,0,0,0,0,0,0
"231374",0,0,0,0,0,0,0,0,0,0,0,0,0,0,0,0,0,0,0,0,0,0,0,0
"2315478",0,0,0,0,0,0,0,0,0,0,0,0,0,0,0,0,0,0,0,0,0,0,0,0
"2315724",0,0,0,0,0,0,0,0,0,0,0,0,0,0,0,0,0,0,0,0,0,0,0,0
"2315803",0,0,0,0,0,0,0,0,0,0,0,0,0,0,0,0,0,0,0,0,0,0,0,0
"2315807",0,0,0,0,0,0,0,0,0,0,0,0,0,0,0,0,0,0,0,0,0,0,0,0
"2315809",0,0,0,0,0,0,0,0,0,0,0,0,0,0,0,0,0,0,0,0,0,0,0,0
"2315813",0,0,0,0,0,0,0,0,0,0,0,0,0,0,0,0,0,0,0,0,0,0,0,0
"2316740",0,0,0,0,0,0,0,0,0,0,0,0,0,0,0,0,0,0,0,0,0,0,0,0
"2320184",0,0,0,0,0,0,0,0,0,0,0,0,0,0,0,0,0,0,0,0,0,0,0,0
"2320522",0,0,0,0,0,0,0,0,0,0,0,0,0,0,0,0,0,0,0,0,0,0,0,0
"2321187",0,0,0,0,0,0,0,0,0,0,0,0,0,0,0,0,0,0,0,0,0,0,0,0
"232380",0,0,0,0,0,0,0,0,0,0,0,0,0,0,0,0,0,0,0,0,0,0,0,0
"233051",0,0,0,0,0,0,0,0,0,0,0,0,0,0,0,0,0,0,0,0,0,0,0,0
"2338394",0,0,0,0,0,0,0,0,0,0,0,0,0,0,0,0,0,0,0,0,0,0,0,0
"2340808",0,0,0,0,0,0,0,0,0,0,0,0,0,0,0,0,0,0,0,0,0,0,0,0
"235201",0,0,0,0,0,0,0,0,0,0,0,0,0,0,0,0,0,0,0,0,0,0,0,0
"2364201",0,0,0,0,0,0,0,0,0,0,0,0,0,0,0,0,0,0,0,0,0,0,0,0
"2364291",0,0,0,0,0,0,0,0,0,0,0,0,0,0,0,0,0,0,0,0,0,0,0,0
"2364644",0,0,0,0,0,0,0,0,0,0,0,0,0,0,0,0,0,0,0,0,0,0,0,0
"2364645",0,0,0,0,0,0,0,0,0,0,0,0,0,0,0,0,0,0,0,0,0,0,0,0
"2365005",0,0,0,0,0,0,0,0,0,0,0,0,0,0,0,0,0,0,0,0,0,0,0,0
"2365010",0,0,0,0,0,0,0,0,0,0,0,0,0,0,0,0,0,0,0,0,0,0,0,0
"2365012",0,0,0,0,0,0,0,0,0,0,0,0,0,0,0,0,0,0,0,0,0,0,0,0
"2365015",0,0,0,0,0,0,0,0,0,0,0,0,0,0,0,0,0,0,0,0,0,0,0,0
"2365016",0,0,0,0,0,0,0,0,0,0,0,0,0,0,0,0,0,0,0,0,0,0,0,0
"2365017",0,0,0,0,0,0,0,0,0,0,0,0,0,0,0,0,0,0,0,0,0,0,0,0
"2365021",0,0,0,0,0,0,0,0,0,0,0,0,0,0,0,0,0,0,0,0,0,0,0,0
"2365026",0,0,0,0,0,0,0,0,0,0,0,0,0,0,0,0,0,0,0,0,0,0,0,0
"2365027",0,0,0,0,0,0,0,0,0,0,0,0,0,0,0,0,0,0,0,0,0,0,0,0
"2365028",0,0,0,0,0,0,0,0,0,0,0,0,0,0,0,0,0,0,0,0,0,0,0,0
"2365030",0,0,0,0,0,0,0,0,0,0,0,0,0,0,0,0,0,0,0,0,0,0,0,0
"2365031",0,0,0,0,0,0,0,0,0,0,0,0,0,0,0,0,0,0,0,0,0,0,0,0
"2365032",0,0,0,0,0,0,0,0,0,0,0,0,0,0,0,0,0,0,0,0,0,0,0,0
"2365037",0,0,0,0,0,0,0,0,0,0,0,0,0,0,0,0,0,0,0,0,0,0,0,0
"2365038",0,0,0,0,0,0,0,0,0,0,0,0,0,0,0,0,0,0,0,0,0,0,0,0
"2365039",0,0,0,0,0,0,0,0,0,0,0,0,0,0,0,0,0,0,0,0,0,0,0,0
"2365041",0,0,0,0,0,0,0,0,0,0,0,0,0,0,0,0,0,0,0,0,0,0,0,0
"2365042",0,0,0,0,0,0,0,0,0,0,0,0,0,0,0,0,0,0,0,0,0,0,0,0
"2365043",0,0,0,0,0,0,0,0,0,0,0,0,0,0,0,0,0,0,0,0,0,0,0,0
"2365044",0,0,0,0,0,0,0,0,0,0,0,0,0,0,0,0,0,0,0,0,0,0,0,0
"2365045",0,0,0,0,0,0,0,0,0,0,0,0,0,0,0,0,0,0,0,0,0,0,0,0
"2365051",0,0,0,0,0,0,0,0,0,0,0,0,0,0,0,0,0,0,0,0,0,0,0,0
"2365055",0,0,0,0,0,0,0,0,0,0,0,0,0,0,0,0,0,0,0,0,0,0,0,0
"2365056",0,0,0,0,0,0,0,0,0,0,0,0,0,0,0,0,0,0,0,0,0,0,0,0
"237020",0,0,0,0,0,0,0,0,0,0,0,0,0,0,0,0,0,0,0,0,0,0,0,0
"237716",0,0,0,0,0,0,0,0,0,0,0,0,0,0,0,0,0,0,0,0,0,0,0,0
"239365",0,0,0,0,0,0,0,0,0,0,0,0,0,0,0,0,0,0,0,0,0,0,0,0
"240865",0,0,0,0,0,0,0,0,0,0,0,0,0,0,0,0,0,0,0,0,0,0,0,0
"241651",0,0,0,0,0,0,0,0,0,0,0,0,0,0,0,0,0,0,0,0,0,0,0,0
"2419628",0,0,0,0,0,0,0,0,0,0,0,0,0,0,0,0,0,0,0,0,0,0,0,0
"2419631",0,0,0,0,0,0,0,0,0,0,0,0,0,0,0,0,0,0,0,0,0,0,0,0
"2419632",0,0,0,0,0,0,0,0,0,0,0,0,0,0,0,0,0,0,0,0,0,0,0,0
"2419635",0,0,0,0,0,0,0,0,0,0,0,0,0,0,0,0,0,0,0,0,0,0,0,0
"2419636",0,0,0,0,0,0,0,0,0,0,0,0,0,0,0,0,0,0,0,0,0,0,0,0
"2419638",0,0,0,0,0,0,0,0,0,0,0,0,0,0,0,0,0,0,0,0,0,0,0,0
"2419640",0,0,0,0,0,0,0,0,0,0,0,0,0,0,0,0,0,0,0,0,0,0,0,0
"2419649",0,0,0,0,0,0,0,0,0,0,0,0,0,0,0,0,0,0,0,0,0,0,0,0
"2419660",0,0,0,0,0,0,0,0,0,0,0,0,0,0,0,0,0,0,0,0,0,0,0,0
"2419667",0,0,0,0,0,0,0,0,0,0,0,0,0,0,0,0,0,0,0,0,0,0,0,0
"2419747",0,0,0,0,0,0,0,0,0,0,0,0,0,0,0,0,0,0,0,0,0,0,0,0
"2419748",0,0,0,0,0,0,0,0,0,0,0,0,0,0,0,0,0,0,0,0,0,0,0,0
"2419804",0,0,0,0,0,0,0,0,0,0,0,0,0,0,0,0,0,0,0,0,0,0,0,0
"2419805",0,0,0,0,0,0,0,0,0,0,0,0,0,0,0,0,0,0,0,0,0,0,0,0
"2419940",0,0,0,0,0,0,0,0,0,0,0,0,0,0,0,0,0,0,0,0,0,0,0,0
"2420305",0,0,0,0,0,0,0,0,0,0,0,0,0,0,0,0,0,0,0,0,0,0,0,0
"2420308",0,0,0,0,0,0,0,0,0,0,0,0,0,0,0,0,0,0,0,0,0,0,0,0
"243563",0,0,0,0,0,0,0,0,0,0,0,0,0,0,0,0,0,0,0,0,0,0,0,0
"244050",0,0,0,0,0,0,0,0,0,0,0,0,0,0,0,0,0,0,0,0,0,0,0,0
"2448811",0,0,0,0,0,0,0,0,0,0,0,0,0,0,0,0,0,0,0,0,0,0,0,0
"245685",0,0,0,0,0,0,0,0,0,0,0,0,0,0,0,0,0,0,0,0,0,0,0,0
"246144",0,0,0,0,0,0,0,0,0,0,0,0,0,0,0,0,0,0,0,0,0,0,0,0
"246280",0,0,0,0,0,0,0,0,0,0,0,0,0,0,0,0,0,0,0,0,0,0,0,0
"2468",0,0,0,0,0,0,0,0,0,0,0,0,0,0,0,0,0,0,0,0,0,0,0,0
"2474",0,0,0,0,0,0,0,0,0,0,0,0,0,0,0,0,0,0,0,0,0,0,0,0
"2479372",0,0,0,0,0,0,0,0,0,0,0,0,0,0,0,0,0,0,0,0,0,0,0,0
"2480172",0,0,0,0,0,0,0,0,0,0,0,0,0,0,0,0,0,0,0,0,0,0,0,0
"2480175",0,0,0,0,0,0,0,0,0,0,0,0,0,0,0,0,0,0,0,0,0,0,0,0
"2480177",0,0,0,0,0,0,0,0,0,0,0,0,0,0,0,0,0,0,0,0,0,0,0,0
"2480178",0,0,0,0,0,0,0,0,0,0,0,0,0,0,0,0,0,0,0,0,0,0,0,0
"2480179",0,0,0,0,0,0,0,0,0,0,0,0,0,0,0,0,0,0,0,0,0,0,0,0
"2480188",0,0,0,0,0,0,0,0,0,0,0,0,0,0,0,0,0,0,0,0,0,0,0,0
"2480193",0,0,0,0,0,0,0,0,0,0,0,0,0,0,0,0,0,0,0,0,0,0,0,0
"2483307",0,0,0,0,0,0,0,0,0,0,0,0,0,0,0,0,0,0,0,0,0,0,0,0
"2483609",0,0,0,0,0,0,0,0,0,0,0,0,0,0,0,0,0,0,0,0,0,0,0,0
"2483878",0,0,0,0,0,0,0,0,0,0,0,0,0,0,0,0,0,0,0,0,0,0,0,0
"2486665",0,0,0,0,0,0,0,0,0,0,0,0,0,0,0,0,0,0,0,0,0,0,0,0
"2488596",0,0,0,0,0,0,0,0,0,0,0,0,0,0,0,0,0,0,0,0,0,0,0,0
"2490814",0,0,0,0,0,0,0,0,0,0,0,0,0,0,0,0,0,0,0,0,0,0,0,0
"2490816",0,0,0,0,0,0,0,0,0,0,0,0,0,0,0,0,0,0,0,0,0,0,0,0
"2491019",0,0,0,0,0,0,0,0,0,0,0,0,0,0,0,0,0,0,0,0,0,0,0,0
"249184",0,0,0,0,0,0,0,0,0,0,0,0,0,0,0,0,0,0,0,0,0,0,0,0
"2492466",0,0,0,0,0,0,0,0,0,0,0,0,0,0,0,0,0,0,0,0,0,0,0,0
"2492468",0,0,0,0,0,0,0,0,0,0,0,0,0,0,0,0,0,0,0,0,0,0,0,0
"2493107",0,0,0,0,0,0,0,0,0,0,0,0,0,0,0,0,0,0,0,0,0,0,0,0
"2494552",0,0,0,0,0,0,0,0,0,0,0,0,0,0,0,0,0,0,0,0,0,0,0,0
"249583",0,0,0,0,0,0,0,0,0,0,0,0,0,0,0,0,0,0,0,0,0,0,0,0
"249584",0,0,0,0,0,0,0,0,0,0,0,0,0,0,0,0,0,0,0,0,0,0,0,0
"2496634",0,0,0,0,0,0,0,0,0,0,0,0,0,0,0,0,0,0,0,0,0,0,0,0
"2499621",0,0,0,0,0,0,0,0,0,0,0,0,0,0,0,0,0,0,0,0,0,0,0,0
"2499622",0,0,0,0,0,0,0,0,0,0,0,0,0,0,0,0,0,0,0,0,0,0,0,0
"2499677",0,0,0,0,0,0,0,0,0,0,0,0,0,0,0,0,0,0,0,0,0,0,0,0
"2499680",0,0,0,0,0,0,0,0,0,0,0,0,0,0,0,0,0,0,0,0,0,0,0,0
"2501272",0,0,0,0,0,0,0,0,0,0,0,0,0,0,0,0,0,0,0,0,0,0,0,0
"2501923",0,0,0,0,0,0,0,0,0,0,0,0,0,0,0,0,0,0,0,0,0,0,0,0
"2501926",0,0,0,0,0,0,0,0,0,0,0,0,0,0,0,0,0,0,0,0,0,0,0,0
"2501927",0,0,0,0,0,0,0,0,0,0,0,0,0,0,0,0,0,0,0,0,0,0,0,0
"2501928",0,0,0,0,0,0,0,0,0,0,0,0,0,0,0,0,0,0,0,0,0,0,0,0
"2501933",0,0,0,0,0,0,0,0,0,0,0,0,0,0,0,0,0,0,0,0,0,0,0,0
"2501935",0,0,0,0,0,0,0,0,0,0,0,0,0,0,0,0,0,0,0,0,0,0,0,0
"2501936",0,0,0,0,0,0,0,0,0,0,0,0,0,0,0,0,0,0,0,0,0,0,0,0
"2501937",0,0,0,0,0,0,0,0,0,0,0,0,0,0,0,0,0,0,0,0,0,0,0,0
"2501938",0,0,0,0,0,0,0,0,0,0,0,0,0,0,0,0,0,0,0,0,0,0,0,0
"2501942",0,0,0,0,0,0,0,0,0,0,0,0,0,0,0,0,0,0,0,0,0,0,0,0
"2501943",0,0,0,0,0,0,0,0,0,0,0,0,0,0,0,0,0,0,0,0,0,0,0,0
"2501944",0,0,0,0,0,0,0,0,0,0,0,0,0,0,0,0,0,0,0,0,0,0,0,0
"2501945",0,0,0,0,0,0,0,0,0,0,0,0,0,0,0,0,0,0,0,0,0,0,0,0
"2501946",0,0,0,0,0,0,0,0,0,0,0,0,0,0,0,0,0,0,0,0,0,0,0,0
"2501950",0,0,0,0,0,0,0,0,0,0,0,0,0,0,0,0,0,0,0,0,0,0,0,0
"2501955",0,0,0,0,0,0,0,0,0,0,0,0,0,0,0,0,0,0,0,0,0,0,0,0
"2501957",0,0,0,0,0,0,0,0,0,0,0,0,0,0,0,0,0,0,0,0,0,0,0,0
"2501958",0,0,0,0,0,0,0,0,0,0,0,0,0,0,0,0,0,0,0,0,0,0,0,0
"2501961",0,0,0,0,0,0,0,0,0,0,0,0,0,0,0,0,0,0,0,0,0,0,0,0
"2501999",0,0,0,0,0,0,0,0,0,0,0,0,0,0,0,0,0,0,0,0,0,0,0,0
"2502000",0,0,0,0,0,0,0,0,0,0,0,0,0,0,0,0,0,0,0,0,0,0,0,0
"2507301",0,0,0,0,0,0,0,0,0,0,0,0,0,0,0,0,0,0,0,0,0,0,0,0
"2507303",0,0,0,0,0,0,0,0,0,0,0,0,0,0,0,0,0,0,0,0,0,0,0,0
"2507320",0,0,0,0,0,0,0,0,0,0,0,0,0,0,0,0,0,0,0,0,0,0,0,0
"2507500",0,0,0,0,0,0,0,0,0,0,0,0,0,0,0,0,0,0,0,0,0,0,0,0
"2507501",0,0,0,0,0,0,0,0,0,0,0,0,0,0,0,0,0,0,0,0,0,0,0,0
"2507502",0,0,0,0,0,0,0,0,0,0,0,0,0,0,0,0,0,0,0,0,0,0,0,0
"2507504",0,0,0,0,0,0,0,0,0,0,0,0,0,0,0,0,0,0,0,0,0,0,0,0
"2507505",0,0,0,0,0,0,0,0,0,0,0,0,0,0,0,0,0,0,0,0,0,0,0,0
"2507689",0,0,0,0,0,0,0,0,0,0,0,0,0,0,0,0,0,0,0,0,0,0,0,0
"2508186",0,0,0,0,0,0,0,0,0,0,0,0,0,0,0,0,0,0,0,0,0,0,0,0
"2508226",0,0,0,0,0,0,0,0,0,0,0,0,0,0,0,0,0,0,0,0,0,0,0,0
"2508233",0,0,0,0,0,0,0,0,0,0,0,0,0,0,0,0,0,0,0,0,0,0,0,0
"2508237",0,0,0,0,0,0,0,0,0,0,0,0,0,0,0,0,0,0,0,0,0,0,0,0
"2508251",0,0,0,0,0,0,0,0,0,0,0,0,0,0,0,0,0,0,0,0,0,0,0,0
"2508254",0,0,0,0,0,0,0,0,0,0,0,0,0,0,0,0,0,0,0,0,0,0,0,0
"2508255",0,0,0,0,0,0,0,0,0,0,0,0,0,0,0,0,0,0,0,0,0,0,0,0
"2508259",0,0,0,0,0,0,0,0,0,0,0,0,0,0,0,0,0,0,0,0,0,0,0,0
"2509152",0,0,0,0,0,0,0,0,0,0,0,0,0,0,0,0,0,0,0,0,0,0,0,0
"2509286",0,0,0,0,0,0,0,0,0,0,0,0,0,0,0,0,0,0,0,0,0,0,0,0
"2509379",0,0,0,0,0,0,0,0,0,0,0,0,0,0,0,0,0,0,0,0,0,0,0,0
"2509382",0,0,0,0,0,0,0,0,0,0,0,0,0,0,0,0,0,0,0,0,0,0,0,0
"2509383",0,0,0,0,0,0,0,0,0,0,0,0,0,0,0,0,0,0,0,0,0,0,0,0
"2509748",0,0,0,0,0,0,0,0,0,0,0,0,0,0,0,0,0,0,0,0,0,0,0,0
"2509781",0,0,0,0,0,0,0,0,0,0,0,0,0,0,0,0,0,0,0,0,0,0,0,0
"2517212",0,0,0,0,0,0,0,0,0,0,0,0,0,0,0,0,0,0,0,0,0,0,0,0
"2518373",0,0,0,0,0,0,0,0,0,0,0,0,0,0,0,0,0,0,0,0,0,0,0,0
"2528965",0,0,0,0,0,0,0,0,0,0,0,0,0,0,0,0,0,0,0,0,0,0,0,0
"2530028",0,0,0,0,0,0,0,0,0,0,0,0,0,0,0,0,0,0,0,0,0,0,0,0
"253629",0,0,0,0,0,0,0,0,0,0,0,0,0,0,0,0,0,0,0,0,0,0,0,0
"253700",0,0,0,0,0,0,0,0,0,0,0,0,0,0,0,0,0,0,0,0,0,0,0,0
"253701",0,0,0,0,0,0,0,0,0,0,0,0,0,0,0,0,0,0,0,0,0,0,0,0
"253702",0,0,0,0,0,0,0,0,0,0,0,0,0,0,0,0,0,0,0,0,0,0,0,0
"2544873",0,0,0,0,0,0,0,0,0,0,0,0,0,0,0,0,0,0,0,0,0,0,0,0
"2544984",0,0,0,0,0,0,0,0,0,0,0,0,0,0,0,0,0,0,0,0,0,0,0,0
"2546034",0,0,0,0,0,0,0,0,0,0,0,0,0,0,0,0,0,0,0,0,0,0,0,0
"2547312",0,0,0,0,0,0,0,0,0,0,0,0,0,0,0,0,0,0,0,0,0,0,0,0
"2547432",0,0,0,0,0,0,0,0,0,0,0,0,0,0,0,0,0,0,0,0,0,0,0,0
"255238",0,0,0,0,0,0,0,0,0,0,0,0,0,0,0,0,0,0,0,0,0,0,0,0
"255255",0,0,0,0,0,0,0,0,0,0,0,0,0,0,0,0,0,0,0,0,0,0,0,0
"2557875",0,0,0,0,0,0,0,0,0,0,0,0,0,0,0,0,0,0,0,0,0,0,0,0
"2558055",0,0,0,0,0,0,0,0,0,0,0,0,0,0,0,0,0,0,0,0,0,0,0,0
"2558066",0,0,0,0,0,0,0,0,0,0,0,0,0,0,0,0,0,0,0,0,0,0,0,0
"2558458",0,0,0,0,0,0,0,0,0,0,0,0,0,0,0,0,0,0,0,0,0,0,0,0
"2560065",0,0,0,0,0,0,0,0,0,0,0,0,0,0,0,0,0,0,0,0,0,0,0,0
"2560092",0,0,0,0,0,0,0,0,0,0,0,0,0,0,0,0,0,0,0,0,0,0,0,0
"2560099",0,0,0,0,0,0,0,0,0,0,0,0,0,0,0,0,0,0,0,0,0,0,0,0
"2560102",0,0,0,0,0,0,0,0,0,0,0,0,0,0,0,0,0,0,0,0,0,0,0,0
"2560149",0,0,0,0,0,0,0,0,0,0,0,0,0,0,0,0,0,0,0,0,0,0,0,0
"2560172",0,0,0,0,0,0,0,0,0,0,0,0,0,0,0,0,0,0,0,0,0,0,0,0
"2560176",0,0,0,0,0,0,0,0,0,0,0,0,0,0,0,0,0,0,0,0,0,0,0,0
"2560196",0,0,0,0,0,0,0,0,0,0,0,0,0,0,0,0,0,0,0,0,0,0,0,0
"2560226",0,0,0,0,0,0,0,0,0,0,0,0,0,0,0,0,0,0,0,0,0,0,0,0
"2560233",0,0,0,0,0,0,0,0,0,0,0,0,0,0,0,0,0,0,0,0,0,0,0,0
"2560238",0,0,0,0,0,0,0,0,0,0,0,0,0,0,0,0,0,0,0,0,0,0,0,0
"2560245",0,0,0,0,0,0,0,0,0,0,0,0,0,0,0,0,0,0,0,0,0,0,0,0
"2560248",0,0,0,0,0,0,0,0,0,0,0,0,0,0,0,0,0,0,0,0,0,0,0,0
"2560259",0,0,0,0,0,0,0,0,0,0,0,0,0,0,0,0,0,0,0,0,0,0,0,0
"2560262",0,0,0,0,0,0,0,0,0,0,0,0,0,0,0,0,0,0,0,0,0,0,0,0
"2560263",0,0,0,0,0,0,0,0,0,0,0,0,0,0,0,0,0,0,0,0,0,0,0,0
"2560274",0,0,0,0,0,0,0,0,0,0,0,0,0,0,0,0,0,0,0,0,0,0,0,0
"2560275",0,0,0,0,0,0,0,0,0,0,0,0,0,0,0,0,0,0,0,0,0,0,0,0
"2560276",0,0,0,0,0,0,0,0,0,0,0,0,0,0,0,0,0,0,0,0,0,0,0,0
"2560279",0,0,0,0,0,0,0,0,0,0,0,0,0,0,0,0,0,0,0,0,0,0,0,0
"2560280",0,0,0,0,0,0,0,0,0,0,0,0,0,0,0,0,0,0,0,0,0,0,0,0
"2560281",0,0,0,0,0,0,0,0,0,0,0,0,0,0,0,0,0,0,0,0,0,0,0,0
"2560285",0,0,0,0,0,0,0,0,0,0,0,0,0,0,0,0,0,0,0,0,0,0,0,0
"2560287",0,0,0,0,0,0,0,0,0,0,0,0,0,0,0,0,0,0,0,0,0,0,0,0
"2560288",0,0,0,0,0,0,0,0,0,0,0,0,0,0,0,0,0,0,0,0,0,0,0,0
"2560291",0,0,0,0,0,0,0,0,0,0,0,0,0,0,0,0,0,0,0,0,0,0,0,0
"2560293",0,0,0,0,0,0,0,0,0,0,0,0,0,0,0,0,0,0,0,0,0,0,0,0
"2560294",0,0,0,0,0,0,0,0,0,0,0,0,0,0,0,0,0,0,0,0,0,0,0,0
"2560296",0,0,0,0,0,0,0,0,0,0,0,0,0,0,0,0,0,0,0,0,0,0,0,0
"2560308",0,0,0,0,0,0,0,0,0,0,0,0,0,0,0,0,0,0,0,0,0,0,0,0
"2560330",0,0,0,0,0,0,0,0,0,0,0,0,0,0,0,0,0,0,0,0,0,0,0,0
"2560331",0,0,0,0,0,0,0,0,0,0,0,0,0,0,0,0,0,0,0,0,0,0,0,0
"2560340",0,0,0,0,0,0,0,0,0,0,0,0,0,0,0,0,0,0,0,0,0,0,0,0
"2560343",0,0,0,0,0,0,0,0,0,0,0,0,0,0,0,0,0,0,0,0,0,0,0,0
"2560350",0,0,0,0,0,0,0,0,0,0,0,0,0,0,0,0,0,0,0,0,0,0,0,0
"2560354",0,0,0,0,0,0,0,0,0,0,0,0,0,0,0,0,0,0,0,0,0,0,0,0
"2560355",0,0,0,0,0,0,0,0,0,0,0,0,0,0,0,0,0,0,0,0,0,0,0,0
"2560366",0,0,0,0,0,0,0,0,0,0,0,0,0,0,0,0,0,0,0,0,0,0,0,0
"2560367",0,0,0,0,0,0,0,0,0,0,0,0,0,0,0,0,0,0,0,0,0,0,0,0
"2560376",0,0,0,0,0,0,0,0,0,0,0,0,0,0,0,0,0,0,0,0,0,0,0,0
"2560377",0,0,0,0,0,0,0,0,0,0,0,0,0,0,0,0,0,0,0,0,0,0,0,0
"2560379",0,0,0,0,0,0,0,0,0,0,0,0,0,0,0,0,0,0,0,0,0,0,0,0
"2560381",0,0,0,0,0,0,0,0,0,0,0,0,0,0,0,0,0,0,0,0,0,0,0,0
"2560386",0,0,0,0,0,0,0,0,0,0,0,0,0,0,0,0,0,0,0,0,0,0,0,0
"2560389",0,0,0,0,0,0,0,0,0,0,0,0,0,0,0,0,0,0,0,0,0,0,0,0
"2560393",0,0,0,0,0,0,0,0,0,0,0,0,0,0,0,0,0,0,0,0,0,0,0,0
"2560405",0,0,0,0,0,0,0,0,0,0,0,0,0,0,0,0,0,0,0,0,0,0,0,0
"2560415",0,0,0,0,0,0,0,0,0,0,0,0,0,0,0,0,0,0,0,0,0,0,0,0
"2560416",0,0,0,0,0,0,0,0,0,0,0,0,0,0,0,0,0,0,0,0,0,0,0,0
"2560417",0,0,0,0,0,0,0,0,0,0,0,0,0,0,0,0,0,0,0,0,0,0,0,0
"2560418",0,0,0,0,0,0,0,0,0,0,0,0,0,0,0,0,0,0,0,0,0,0,0,0
"2560420",0,0,0,0,0,0,0,0,0,0,0,0,0,0,0,0,0,0,0,0,0,0,0,0
"2560421",0,0,0,0,0,0,0,0,0,0,0,0,0,0,0,0,0,0,0,0,0,0,0,0
"2560423",0,0,0,0,0,0,0,0,0,0,0,0,0,0,0,0,0,0,0,0,0,0,0,0
"2560424",0,0,0,0,0,0,0,0,0,0,0,0,0,0,0,0,0,0,0,0,0,0,0,0
"2560425",0,0,0,0,0,0,0,0,0,0,0,0,0,0,0,0,0,0,0,0,0,0,0,0
"2560426",0,0,0,0,0,0,0,0,0,0,0,0,0,0,0,0,0,0,0,0,0,0,0,0
"2560427",0,0,0,0,0,0,0,0,0,0,0,0,0,0,0,0,0,0,0,0,0,0,0,0
"2560428",0,0,0,0,0,0,0,0,0,0,0,0,0,0,0,0,0,0,0,0,0,0,0,0
"2560429",0,0,0,0,0,0,0,0,0,0,0,0,0,0,0,0,0,0,0,0,0,0,0,0
"2560430",0,0,0,0,0,0,0,0,0,0,0,0,0,0,0,0,0,0,0,0,0,0,0,0
"2560431",0,0,0,0,0,0,0,0,0,0,0,0,0,0,0,0,0,0,0,0,0,0,0,0
"2560437",0,0,0,0,0,0,0,0,0,0,0,0,0,0,0,0,0,0,0,0,0,0,0,0
"2560438",0,0,0,0,0,0,0,0,0,0,0,0,0,0,0,0,0,0,0,0,0,0,0,0
"2560445",0,0,0,0,0,0,0,0,0,0,0,0,0,0,0,0,0,0,0,0,0,0,0,0
"2560446",0,0,0,0,0,0,0,0,0,0,0,0,0,0,0,0,0,0,0,0,0,0,0,0
"2560449",0,0,0,0,0,0,0,0,0,0,0,0,0,0,0,0,0,0,0,0,0,0,0,0
"2560453",0,0,0,0,0,0,0,0,0,0,0,0,0,0,0,0,0,0,0,0,0,0,0,0
"2560455",0,0,0,0,0,0,0,0,0,0,0,0,0,0,0,0,0,0,0,0,0,0,0,0
"2560460",0,0,0,0,0,0,0,0,0,0,0,0,0,0,0,0,0,0,0,0,0,0,0,0
"2560466",0,0,0,0,0,0,0,0,0,0,0,0,0,0,0,0,0,0,0,0,0,0,0,0
"2560469",0,0,0,0,0,0,0,0,0,0,0,0,0,0,0,0,0,0,0,0,0,0,0,0
"2560470",0,0,0,0,0,0,0,0,0,0,0,0,0,0,0,0,0,0,0,0,0,0,0,0
"2560471",0,0,0,0,0,0,0,0,0,0,0,0,0,0,0,0,0,0,0,0,0,0,0,0
"2560472",0,0,0,0,0,0,0,0,0,0,0,0,0,0,0,0,0,0,0,0,0,0,0,0
"2560475",0,0,0,0,0,0,0,0,0,0,0,0,0,0,0,0,0,0,0,0,0,0,0,0
"2560478",0,0,0,0,0,0,0,0,0,0,0,0,0,0,0,0,0,0,0,0,0,0,0,0
"2560515",0,0,0,0,0,0,0,0,0,0,0,0,0,0,0,0,0,0,0,0,0,0,0,0
"2560531",0,0,0,0,0,0,0,0,0,0,0,0,0,0,0,0,0,0,0,0,0,0,0,0
"2560534",0,0,0,0,0,0,0,0,0,0,0,0,0,0,0,0,0,0,0,0,0,0,0,0
"2560535",0,0,0,0,0,0,0,0,0,0,0,0,0,0,0,0,0,0,0,0,0,0,0,0
"2560540",0,0,0,0,0,0,0,0,0,0,0,0,0,0,0,0,0,0,0,0,0,0,0,0
"2560542",0,0,0,0,0,0,0,0,0,0,0,0,0,0,0,0,0,0,0,0,0,0,0,0
"2560543",0,0,0,0,0,0,0,0,0,0,0,0,0,0,0,0,0,0,0,0,0,0,0,0
"2560544",0,0,0,0,0,0,0,0,0,0,0,0,0,0,0,0,0,0,0,0,0,0,0,0
"2560548",0,0,0,0,0,0,0,0,0,0,0,0,0,0,0,0,0,0,0,0,0,0,0,0
"2560551",0,0,0,0,0,0,0,0,0,0,0,0,0,0,0,0,0,0,0,0,0,0,0,0
"2560552",0,0,0,0,0,0,0,0,0,0,0,0,0,0,0,0,0,0,0,0,0,0,0,0
"2560554",0,0,0,0,0,0,0,0,0,0,0,0,0,0,0,0,0,0,0,0,0,0,0,0
"2560555",0,0,0,0,0,0,0,0,0,0,0,0,0,0,0,0,0,0,0,0,0,0,0,0
"2560557",0,0,0,0,0,0,0,0,0,0,0,0,0,0,0,0,0,0,0,0,0,0,0,0
"2560561",0,0,0,0,0,0,0,0,0,0,0,0,0,0,0,0,0,0,0,0,0,0,0,0
"2560574",0,0,0,0,0,0,0,0,0,0,0,0,0,0,0,0,0,0,0,0,0,0,0,0
"2560579",0,0,0,0,0,0,0,0,0,0,0,0,0,0,0,0,0,0,0,0,0,0,0,0
"2560598",0,0,0,0,0,0,0,0,0,0,0,0,0,0,0,0,0,0,0,0,0,0,0,0
"2560612",0,0,0,0,0,0,0,0,0,0,0,0,0,0,0,0,0,0,0,0,0,0,0,0
"2560618",0,0,0,0,0,0,0,0,0,0,0,0,0,0,0,0,0,0,0,0,0,0,0,0
"2560620",0,0,0,0,0,0,0,0,0,0,0,0,0,0,0,0,0,0,0,0,0,0,0,0
"2560621",0,0,0,0,0,0,0,0,0,0,0,0,0,0,0,0,0,0,0,0,0,0,0,0
"2560622",0,0,0,0,0,0,0,0,0,0,0,0,0,0,0,0,0,0,0,0,0,0,0,0
"2560632",0,0,0,0,0,0,0,0,0,0,0,0,0,0,0,0,0,0,0,0,0,0,0,0
"2560633",0,0,0,0,0,0,0,0,0,0,0,0,0,0,0,0,0,0,0,0,0,0,0,0
"2560634",0,0,0,0,0,0,0,0,0,0,0,0,0,0,0,0,0,0,0,0,0,0,0,0
"2560640",0,0,0,0,0,0,0,0,0,0,0,0,0,0,0,0,0,0,0,0,0,0,0,0
"2560648",0,0,0,0,0,0,0,0,0,0,0,0,0,0,0,0,0,0,0,0,0,0,0,0
"2560649",0,0,0,0,0,0,0,0,0,0,0,0,0,0,0,0,0,0,0,0,0,0,0,0
"2560653",0,0,0,0,0,0,0,0,0,0,0,0,0,0,0,0,0,0,0,0,0,0,0,0
"2560654",0,0,0,0,0,0,0,0,0,0,0,0,0,0,0,0,0,0,0,0,0,0,0,0
"2560660",0,0,0,0,0,0,0,0,0,0,0,0,0,0,0,0,0,0,0,0,0,0,0,0
"2560662",0,0,0,0,0,0,0,0,0,0,0,0,0,0,0,0,0,0,0,0,0,0,0,0
"2560666",0,0,0,0,0,0,0,0,0,0,0,0,0,0,0,0,0,0,0,0,0,0,0,0
"2560667",0,0,0,0,0,0,0,0,0,0,0,0,0,0,0,0,0,0,0,0,0,0,0,0
"2560668",0,0,0,0,0,0,0,0,0,0,0,0,0,0,0,0,0,0,0,0,0,0,0,0
"2560672",0,0,0,0,0,0,0,0,0,0,0,0,0,0,0,0,0,0,0,0,0,0,0,0
"2560673",0,0,0,0,0,0,0,0,0,0,0,0,0,0,0,0,0,0,0,0,0,0,0,0
"2560674",0,0,0,0,0,0,0,0,0,0,0,0,0,0,0,0,0,0,0,0,0,0,0,0
"2560677",0,0,0,0,0,0,0,0,0,0,0,0,0,0,0,0,0,0,0,0,0,0,0,0
"2560695",0,0,0,0,0,0,0,0,0,0,0,0,0,0,0,0,0,0,0,0,0,0,0,0
"2560697",0,0,0,0,0,0,0,0,0,0,0,0,0,0,0,0,0,0,0,0,0,0,0,0
"2560699",0,0,0,0,0,0,0,0,0,0,0,0,0,0,0,0,0,0,0,0,0,0,0,0
"2560701",0,0,0,0,0,0,0,0,0,0,0,0,0,0,0,0,0,0,0,0,0,0,0,0
"2560702",0,0,0,0,0,0,0,0,0,0,0,0,0,0,0,0,0,0,0,0,0,0,0,0
"2560704",0,0,0,0,0,0,0,0,0,0,0,0,0,0,0,0,0,0,0,0,0,0,0,0
"2560722",0,0,0,0,0,0,0,0,0,0,0,0,0,0,0,0,0,0,0,0,0,0,0,0
"2560723",0,0,0,0,0,0,0,0,0,0,0,0,0,0,0,0,0,0,0,0,0,0,0,0
"2560724",0,0,0,0,0,0,0,0,0,0,0,0,0,0,0,0,0,0,0,0,0,0,0,0
"2560729",0,0,0,0,0,0,0,0,0,0,0,0,0,0,0,0,0,0,0,0,0,0,0,0
"2560731",0,0,0,0,0,0,0,0,0,0,0,0,0,0,0,0,0,0,0,0,0,0,0,0
"2560732",0,0,0,0,0,0,0,0,0,0,0,0,0,0,0,0,0,0,0,0,0,0,0,0
"2560733",0,0,0,0,0,0,0,0,0,0,0,0,0,0,0,0,0,0,0,0,0,0,0,0
"2560734",0,0,0,0,0,0,0,0,0,0,0,0,0,0,0,0,0,0,0,0,0,0,0,0
"2560735",0,0,0,0,0,0,0,0,0,0,0,0,0,0,0,0,0,0,0,0,0,0,0,0
"2560736",0,0,0,0,0,0,0,0,0,0,0,0,0,0,0,0,0,0,0,0,0,0,0,0
"2560738",0,0,0,0,0,0,0,0,0,0,0,0,0,0,0,0,0,0,0,0,0,0,0,0
"2560739",0,0,0,0,0,0,0,0,0,0,0,0,0,0,0,0,0,0,0,0,0,0,0,0
"2560744",0,0,0,0,0,0,0,0,0,0,0,0,0,0,0,0,0,0,0,0,0,0,0,0
"2560745",0,0,0,0,0,0,0,0,0,0,0,0,0,0,0,0,0,0,0,0,0,0,0,0
"2560747",0,0,0,0,0,0,0,0,0,0,0,0,0,0,0,0,0,0,0,0,0,0,0,0
"2560748",0,0,0,0,0,0,0,0,0,0,0,0,0,0,0,0,0,0,0,0,0,0,0,0
"2560753",0,0,0,0,0,0,0,0,0,0,0,0,0,0,0,0,0,0,0,0,0,0,0,0
"2560755",0,0,0,0,0,0,0,0,0,0,0,0,0,0,0,0,0,0,0,0,0,0,0,0
"2560758",0,0,0,0,0,0,0,0,0,0,0,0,0,0,0,0,0,0,0,0,0,0,0,0
"2560759",0,0,0,0,0,0,0,0,0,0,0,0,0,0,0,0,0,0,0,0,0,0,0,0
"2560760",0,0,0,0,0,0,0,0,0,0,0,0,0,0,0,0,0,0,0,0,0,0,0,0
"2560763",0,0,0,0,0,0,0,0,0,0,0,0,0,0,0,0,0,0,0,0,0,0,0,0
"2560765",0,0,0,0,0,0,0,0,0,0,0,0,0,0,0,0,0,0,0,0,0,0,0,0
"2560774",0,0,0,0,0,0,0,0,0,0,0,0,0,0,0,0,0,0,0,0,0,0,0,0
"2560775",0,0,0,0,0,0,0,0,0,0,0,0,0,0,0,0,0,0,0,0,0,0,0,0
"2560781",0,0,0,0,0,0,0,0,0,0,0,0,0,0,0,0,0,0,0,0,0,0,0,0
"2560804",0,0,0,0,0,0,0,0,0,0,0,0,0,0,0,0,0,0,0,0,0,0,0,0
"2560809",0,0,0,0,0,0,0,0,0,0,0,0,0,0,0,0,0,0,0,0,0,0,0,0
"2560811",0,0,0,0,0,0,0,0,0,0,0,0,0,0,0,0,0,0,0,0,0,0,0,0
"2560812",0,0,0,0,0,0,0,0,0,0,0,0,0,0,0,0,0,0,0,0,0,0,0,0
"2560814",0,0,0,0,0,0,0,0,0,0,0,0,0,0,0,0,0,0,0,0,0,0,0,0
"2560822",0,0,0,0,0,0,0,0,0,0,0,0,0,0,0,0,0,0,0,0,0,0,0,0
"2560829",0,0,0,0,0,0,0,0,0,0,0,0,0,0,0,0,0,0,0,0,0,0,0,0
"2560839",0,0,0,0,0,0,0,0,0,0,0,0,0,0,0,0,0,0,0,0,0,0,0,0
"2560843",0,0,0,0,0,0,0,0,0,0,0,0,0,0,0,0,0,0,0,0,0,0,0,0
"2560845",0,0,0,0,0,0,0,0,0,0,0,0,0,0,0,0,0,0,0,0,0,0,0,0
"2562807",0,0,0,0,0,0,0,0,0,0,0,0,0,0,0,0,0,0,0,0,0,0,0,0
"256325",0,0,0,0,0,0,0,0,0,0,0,0,0,0,0,0,0,0,0,0,0,0,0,0
"2563665",0,0,0,0,0,0,0,0,0,0,0,0,0,0,0,0,0,0,0,0,0,0,0,0
"2563667",0,0,0,0,0,0,0,0,0,0,0,0,0,0,0,0,0,0,0,0,0,0,0,0
"2563670",0,0,0,0,0,0,0,0,0,0,0,0,0,0,0,0,0,0,0,0,0,0,0,0
"2563671",0,0,0,0,0,0,0,0,0,0,0,0,0,0,0,0,0,0,0,0,0,0,0,0
"2565557",0,0,0,0,0,0,0,0,0,0,0,0,0,0,0,0,0,0,0,0,0,0,0,0
"2565596",0,0,0,0,0,0,0,0,0,0,0,0,0,0,0,0,0,0,0,0,0,0,0,0
"2569569",0,0,0,0,0,0,0,0,0,0,0,0,0,0,0,0,0,0,0,0,0,0,0,0
"2571",0,0,0,0,0,0,0,0,0,0,0,0,0,0,0,0,0,0,0,0,0,0,0,0
"2571287",0,0,0,0,0,0,0,0,0,0,0,0,0,0,0,0,0,0,0,0,0,0,0,0
"2572050",0,0,0,0,0,0,0,0,0,0,0,0,0,0,0,0,0,0,0,0,0,0,0,0
"2572069",0,0,0,0,0,0,0,0,0,0,0,0,0,0,0,0,0,0,0,0,0,0,0,0
"2572074",0,0,0,0,0,0,0,0,0,0,0,0,0,0,0,0,0,0,0,0,0,0,0,0
"2572082",0,0,0,0,0,0,0,0,0,0,0,0,0,0,0,0,0,0,0,0,0,0,0,0
"2572083",0,0,0,0,0,0,0,0,0,0,0,0,0,0,0,0,0,0,0,0,0,0,0,0
"2572084",0,0,0,0,0,0,0,0,0,0,0,0,0,0,0,0,0,0,0,0,0,0,0,0
"2572085",0,0,0,0,0,0,0,0,0,0,0,0,0,0,0,0,0,0,0,0,0,0,0,0
"2575357",0,0,0,0,0,0,0,0,0,0,0,0,0,0,0,0,0,0,0,0,0,0,0,0
"2575832",0,0,0,0,0,0,0,0,0,0,0,0,0,0,0,0,0,0,0,0,0,0,0,0
"2582827",0,0,0,0,0,0,0,0,0,0,0,0,0,0,0,0,0,0,0,0,0,0,0,0
"2583590",0,0,0,0,0,0,0,0,0,0,0,0,0,0,0,0,0,0,0,0,0,0,0,0
"2585772",0,0,0,0,0,0,0,0,0,0,0,0,0,0,0,0,0,0,0,0,0,0,0,0
"2586199",0,0,0,0,0,0,0,0,0,0,0,0,0,0,0,0,0,0,0,0,0,0,0,0
"2586645",0,0,0,0,0,0,0,0,0,0,0,0,0,0,0,0,0,0,0,0,0,0,0,0
"2587225",0,0,0,0,0,0,0,0,0,0,0,0,0,0,0,0,0,0,0,0,0,0,0,0
"2587564",0,0,0,0,0,0,0,0,0,0,0,0,0,0,0,0,0,0,0,0,0,0,0,0
"2587565",0,0,0,0,0,0,0,0,0,0,0,0,0,0,0,0,0,0,0,0,0,0,0,0
"2587857",0,0,0,0,0,0,0,0,0,0,0,0,0,0,0,0,0,0,0,0,0,0,0,0
"2587859",0,0,0,0,0,0,0,0,0,0,0,0,0,0,0,0,0,0,0,0,0,0,0,0
"2587864",0,0,0,0,0,0,0,0,0,0,0,0,0,0,0,0,0,0,0,0,0,0,0,0
"2587866",0,0,0,0,0,0,0,0,0,0,0,0,0,0,0,0,0,0,0,0,0,0,0,0
"2587867",0,0,0,0,0,0,0,0,0,0,0,0,0,0,0,0,0,0,0,0,0,0,0,0
"2589659",0,0,0,0,0,0,0,0,0,0,0,0,0,0,0,0,0,0,0,0,0,0,0,0
"2589991",0,0,0,0,0,0,0,0,0,0,0,0,0,0,0,0,0,0,0,0,0,0,0,0
"2589992",0,0,0,0,0,0,0,0,0,0,0,0,0,0,0,0,0,0,0,0,0,0,0,0
"2591069",0,0,0,0,0,0,0,0,0,0,0,0,0,0,0,0,0,0,0,0,0,0,0,0
"2591696",0,0,0,0,0,0,0,0,0,0,0,0,0,0,0,0,0,0,0,0,0,0,0,0
"2592163",0,0,0,0,0,0,0,0,0,0,0,0,0,0,0,0,0,0,0,0,0,0,0,0
"2592216",0,0,0,0,0,0,0,0,0,0,0,0,0,0,0,0,0,0,0,0,0,0,0,0
"2593324",0,0,0,0,0,0,0,0,0,0,0,0,0,0,0,0,0,0,0,0,0,0,0,0
"2593331",0,0,0,0,0,0,0,0,0,0,0,0,0,0,0,0,0,0,0,0,0,0,0,0
"2593656",0,0,0,0,0,0,0,0,0,0,0,0,0,0,0,0,0,0,0,0,0,0,0,0
"2593930",0,0,0,0,0,0,0,0,0,0,0,0,0,0,0,0,0,0,0,0,0,0,0,0
"2596827",0,0,0,0,0,0,0,0,0,0,0,0,0,0,0,0,0,0,0,0,0,0,0,0
"2596881",0,0,0,0,0,0,0,0,0,0,0,0,0,0,0,0,0,0,0,0,0,0,0,0
"2596899",0,0,0,0,0,0,0,0,0,0,0,0,0,0,0,0,0,0,0,0,0,0,0,0
"2596902",0,0,0,0,0,0,0,0,0,0,0,0,0,0,0,0,0,0,0,0,0,0,0,0
"2597809",0,0,0,0,0,0,0,0,0,0,0,0,0,0,0,0,0,0,0,0,0,0,0,0
"259901",0,0,0,0,0,0,0,0,0,0,0,0,0,0,0,0,0,0,0,0,0,0,0,0
"2599343",0,0,0,0,0,0,0,0,0,0,0,0,0,0,0,0,0,0,0,0,0,0,0,0
"2599622",0,0,0,0,0,0,0,0,0,0,0,0,0,0,0,0,0,0,0,0,0,0,0,0
"2600161",0,0,0,0,0,0,0,0,0,0,0,0,0,0,0,0,0,0,0,0,0,0,0,0
"2600347",0,0,0,0,0,0,0,0,0,0,0,0,0,0,0,0,0,0,0,0,0,0,0,0
"260121",0,0,0,0,0,0,0,0,0,0,0,0,0,0,0,0,0,0,0,0,0,0,0,0
"2601256",0,0,0,0,0,0,0,0,0,0,0,0,0,0,0,0,0,0,0,0,0,0,0,0
"2601269",0,0,0,0,0,0,0,0,0,0,0,0,0,0,0,0,0,0,0,0,0,0,0,0
"2601608",0,0,0,0,0,0,0,0,0,0,0,0,0,0,0,0,0,0,0,0,0,0,0,0
"2601630",0,0,0,0,0,0,0,0,0,0,0,0,0,0,0,0,0,0,0,0,0,0,0,0
"2601652",0,0,0,0,0,0,0,0,0,0,0,0,0,0,0,0,0,0,0,0,0,0,0,0
"2603244",0,0,0,0,0,0,0,0,0,0,0,0,0,0,0,0,0,0,0,0,0,0,0,0
"2603245",0,0,0,0,0,0,0,0,0,0,0,0,0,0,0,0,0,0,0,0,0,0,0,0
"2603316",0,0,0,0,0,0,0,0,0,0,0,0,0,0,0,0,0,0,0,0,0,0,0,0
"2603322",0,0,0,0,0,0,0,0,0,0,0,0,0,0,0,0,0,0,0,0,0,0,0,0
"2603436",0,0,0,0,0,0,0,0,0,0,0,0,0,0,0,0,0,0,0,0,0,0,0,0
"260374",0,0,0,0,0,0,0,0,0,0,0,0,0,0,0,0,0,0,0,0,0,0,0,0
"260375",0,0,0,0,0,0,0,0,0,0,0,0,0,0,0,0,0,0,0,0,0,0,0,0
"260378",0,0,0,0,0,0,0,0,0,0,0,0,0,0,0,0,0,0,0,0,0,0,0,0
"260379",0,0,0,0,0,0,0,0,0,0,0,0,0,0,0,0,0,0,0,0,0,0,0,0
"2603849",0,0,0,0,0,0,0,0,0,0,0,0,0,0,0,0,0,0,0,0,0,0,0,0
"2604334",0,0,0,0,0,0,0,0,0,0,0,0,0,0,0,0,0,0,0,0,0,0,0,0
"2608085",0,0,0,0,0,0,0,0,0,0,0,0,0,0,0,0,0,0,0,0,0,0,0,0
"2608320",0,0,0,0,0,0,0,0,0,0,0,0,0,0,0,0,0,0,0,0,0,0,0,0
"2608978",0,0,0,0,0,0,0,0,0,0,0,0,0,0,0,0,0,0,0,0,0,0,0,0
"2609058",0,0,0,0,0,0,0,0,0,0,0,0,0,0,0,0,0,0,0,0,0,0,0,0
"260908",0,0,0,0,0,0,0,0,0,0,0,0,0,0,0,0,0,0,0,0,0,0,0,0
"260909",0,0,0,0,0,0,0,0,0,0,0,0,0,0,0,0,0,0,0,0,0,0,0,0
"260915",0,0,0,0,0,0,0,0,0,0,0,0,0,0,0,0,0,0,0,0,0,0,0,0
"260917",0,0,0,0,0,0,0,0,0,0,0,0,0,0,0,0,0,0,0,0,0,0,0,0
"2609813",0,0,0,0,0,0,0,0,0,0,0,0,0,0,0,0,0,0,0,0,0,0,0,0
"261164",0,0,0,0,0,0,0,0,0,0,0,0,0,0,0,0,0,0,0,0,0,0,0,0
"2613793",0,0,0,0,0,0,0,0,0,0,0,0,0,0,0,0,0,0,0,0,0,0,0,0
"262078",0,0,0,0,0,0,0,0,0,0,0,0,0,0,0,0,0,0,0,0,0,0,0,0
"263001",0,0,0,0,0,0,0,0,0,0,0,0,0,0,0,0,0,0,0,0,0,0,0,0
"263004",0,0,0,0,0,0,0,0,0,0,0,0,0,0,0,0,0,0,0,0,0,0,0,0
"263793",0,0,0,0,0,0,0,0,0,0,0,0,0,0,0,0,0,0,0,0,0,0,0,0
"2651595",0,0,0,0,0,0,0,0,0,0,0,0,0,0,0,0,0,0,0,0,0,0,0,0
"2653507",0,0,0,0,0,0,0,0,0,0,0,0,0,0,0,0,0,0,0,0,0,0,0,0
"2653508",0,0,0,0,0,0,0,0,0,0,0,0,0,0,0,0,0,0,0,0,0,0,0,0
"2653709",0,0,0,0,0,0,0,0,0,0,0,0,0,0,0,0,0,0,0,0,0,0,0,0
"2655",0,0,0,0,0,0,0,0,0,0,0,0,0,0,0,0,0,0,0,0,0,0,0,0
"2656740",0,0,0,0,0,0,0,0,0,0,0,0,0,0,0,0,0,0,0,0,0,0,0,0
"265877",0,0,0,0,0,0,0,0,0,0,0,0,0,0,0,0,0,0,0,0,0,0,0,0
"2660749",0,0,0,0,0,0,0,0,0,0,0,0,0,0,0,0,0,0,0,0,0,0,0,0
"2660760",0,0,0,0,0,0,0,0,0,0,0,0,0,0,0,0,0,0,0,0,0,0,0,0
"2661817",0,0,0,0,0,0,0,0,0,0,0,0,0,0,0,0,0,0,0,0,0,0,0,0
"2662277",0,0,0,0,0,0,0,0,0,0,0,0,0,0,0,0,0,0,0,0,0,0,0,0
"2662283",0,0,0,0,0,0,0,0,0,0,0,0,0,0,0,0,0,0,0,0,0,0,0,0
"2663234",0,0,0,0,0,0,0,0,0,0,0,0,0,0,0,0,0,0,0,0,0,0,0,0
"2664131",0,0,0,0,0,0,0,0,0,0,0,0,0,0,0,0,0,0,0,0,0,0,0,0
"2664236",0,0,0,0,0,0,0,0,0,0,0,0,0,0,0,0,0,0,0,0,0,0,0,0
"2664558",0,0,0,0,0,0,0,0,0,0,0,0,0,0,0,0,0,0,0,0,0,0,0,0
"2664940",0,0,0,0,0,0,0,0,0,0,0,0,0,0,0,0,0,0,0,0,0,0,0,0
"2664941",0,0,0,0,0,0,0,0,0,0,0,0,0,0,0,0,0,0,0,0,0,0,0,0
"2664942",0,0,0,0,0,0,0,0,0,0,0,0,0,0,0,0,0,0,0,0,0,0,0,0
"266799",0,0,0,0,0,0,0,0,0,0,0,0,0,0,0,0,0,0,0,0,0,0,0,0
"2672571",0,0,0,0,0,0,0,0,0,0,0,0,0,0,0,0,0,0,0,0,0,0,0,0
"267285",0,0,0,0,0,0,0,0,0,0,0,0,0,0,0,0,0,0,0,0,0,0,0,0
"2676436",0,0,0,0,0,0,0,0,0,0,0,0,0,0,0,0,0,0,0,0,0,0,0,0
"2678528",0,0,0,0,0,0,0,0,0,0,0,0,0,0,0,0,0,0,0,0,0,0,0,0
"267970",0,0,0,0,0,0,0,0,0,0,0,0,0,0,0,0,0,0,0,0,0,0,0,0
"2682577",0,0,0,0,0,0,0,0,0,0,0,0,0,0,0,0,0,0,0,0,0,0,0,0
"2683823",0,0,0,0,0,0,0,0,0,0,0,0,0,0,0,0,0,0,0,0,0,0,0,0
"2686238",0,0,0,0,0,0,0,0,0,0,0,0,0,0,0,0,0,0,0,0,0,0,0,0
"2689370",0,0,0,0,0,0,0,0,0,0,0,0,0,0,0,0,0,0,0,0,0,0,0,0
"2690380",0,0,0,0,0,0,0,0,0,0,0,0,0,0,0,0,0,0,0,0,0,0,0,0
"269145",0,0,0,0,0,0,0,0,0,0,0,0,0,0,0,0,0,0,0,0,0,0,0,0
"269213",0,0,0,0,0,0,0,0,0,0,0,0,0,0,0,0,0,0,0,0,0,0,0,0
"269277",0,0,0,0,0,0,0,0,0,0,0,0,0,0,0,0,0,0,0,0,0,0,0,0
"2696355",0,0,0,0,0,0,0,0,0,0,0,0,0,0,0,0,0,0,0,0,0,0,0,0
"2696416",0,0,0,0,0,0,0,0,0,0,0,0,0,0,0,0,0,0,0,0,0,0,0,0
"2699468",0,0,0,0,0,0,0,0,0,0,0,0,0,0,0,0,0,0,0,0,0,0,0,0
"270117",0,0,0,0,0,0,0,0,0,0,0,0,0,0,0,0,0,0,0,0,0,0,0,0
"270146",0,0,0,0,0,0,0,0,0,0,0,0,0,0,0,0,0,0,0,0,0,0,0,0
"2703869",0,0,0,0,0,0,0,0,0,0,0,0,0,0,0,0,0,0,0,0,0,0,0,0
"2704172",0,0,0,0,0,0,0,0,0,0,0,0,0,0,0,0,0,0,0,0,0,0,0,0
"270478",0,0,0,0,0,0,0,0,0,0,0,0,0,0,0,0,0,0,0,0,0,0,0,0
"2705123",0,0,0,0,0,0,0,0,0,0,0,0,0,0,0,0,0,0,0,0,0,0,0,0
"2706523",0,0,0,0,0,0,0,0,0,0,0,0,0,0,0,0,0,0,0,0,0,0,0,0
"270673",0,0,0,0,0,0,0,0,0,0,0,0,0,0,0,0,0,0,0,0,0,0,0,0
"2708350",0,0,0,0,0,0,0,0,0,0,0,0,0,0,0,0,0,0,0,0,0,0,0,0
"2709781",0,0,0,0,0,0,0,0,0,0,0,0,0,0,0,0,0,0,0,0,0,0,0,0
"2711185",0,0,0,0,0,0,0,0,0,0,0,0,0,0,0,0,0,0,0,0,0,0,0,0
"2712025",0,0,0,0,0,0,0,0,0,0,0,0,0,0,0,0,0,0,0,0,0,0,0,0
"2712833",0,0,0,0,0,0,0,0,0,0,0,0,0,0,0,0,0,0,0,0,0,0,0,0
"2712846",0,0,0,0,0,0,0,0,0,0,0,0,0,0,0,0,0,0,0,0,0,0,0,0
"2712971",0,0,0,0,0,0,0,0,0,0,0,0,0,0,0,0,0,0,0,0,0,0,0,0
"2713283",0,0,0,0,0,0,0,0,0,0,0,0,0,0,0,0,0,0,0,0,0,0,0,0
"2713289",0,0,0,0,0,0,0,0,0,0,0,0,0,0,0,0,0,0,0,0,0,0,0,0
"2713291",0,0,0,0,0,0,0,0,0,0,0,0,0,0,0,0,0,0,0,0,0,0,0,0
"2713293",0,0,0,0,0,0,0,0,0,0,0,0,0,0,0,0,0,0,0,0,0,0,0,0
"2713302",0,0,0,0,0,0,0,0,0,0,0,0,0,0,0,0,0,0,0,0,0,0,0,0
"2713312",0,0,0,0,0,0,0,0,0,0,0,0,0,0,0,0,0,0,0,0,0,0,0,0
"2713320",0,0,0,0,0,0,0,0,0,0,0,0,0,0,0,0,0,0,0,0,0,0,0,0
"2713326",0,0,0,0,0,0,0,0,0,0,0,0,0,0,0,0,0,0,0,0,0,0,0,0
"2714177",0,0,0,0,0,0,0,0,0,0,0,0,0,0,0,0,0,0,0,0,0,0,0,0
"2715094",0,0,0,0,0,0,0,0,0,0,0,0,0,0,0,0,0,0,0,0,0,0,0,0
"2719194",0,0,0,0,0,0,0,0,0,0,0,0,0,0,0,0,0,0,0,0,0,0,0,0
"2719198",0,0,0,0,0,0,0,0,0,0,0,0,0,0,0,0,0,0,0,0,0,0,0,0
"2720886",0,0,0,0,0,0,0,0,0,0,0,0,0,0,0,0,0,0,0,0,0,0,0,0
"2721748",0,0,0,0,0,0,0,0,0,0,0,0,0,0,0,0,0,0,0,0,0,0,0,0
"2723896",0,0,0,0,0,0,0,0,0,0,0,0,0,0,0,0,0,0,0,0,0,0,0,0
"2725417",0,0,0,0,0,0,0,0,0,0,0,0,0,0,0,0,0,0,0,0,0,0,0,0
"272636",0,0,0,0,0,0,0,0,0,0,0,0,0,0,0,0,0,0,0,0,0,0,0,0
"272751",0,0,0,0,0,0,0,0,0,0,0,0,0,0,0,0,0,0,0,0,0,0,0,0
"2730579",0,0,0,0,0,0,0,0,0,0,0,0,0,0,0,0,0,0,0,0,0,0,0,0
"2731625",0,0,0,0,0,0,0,0,0,0,0,0,0,0,0,0,0,0,0,0,0,0,0,0
"2731674",0,0,0,0,0,0,0,0,0,0,0,0,0,0,0,0,0,0,0,0,0,0,0,0
"2731675",0,0,0,0,0,0,0,0,0,0,0,0,0,0,0,0,0,0,0,0,0,0,0,0
"2731691",0,0,0,0,0,0,0,0,0,0,0,0,0,0,0,0,0,0,0,0,0,0,0,0
"2731932",0,0,0,0,0,0,0,0,0,0,0,0,0,0,0,0,0,0,0,0,0,0,0,0
"2731935",0,0,0,0,0,0,0,0,0,0,0,0,0,0,0,0,0,0,0,0,0,0,0,0
"2731941",0,0,0,0,0,0,0,0,0,0,0,0,0,0,0,0,0,0,0,0,0,0,0,0
"2731958",0,0,0,0,0,0,0,0,0,0,0,0,0,0,0,0,0,0,0,0,0,0,0,0
"2731966",0,0,0,0,0,0,0,0,0,0,0,0,0,0,0,0,0,0,0,0,0,0,0,0
"2731981",0,0,0,0,0,0,0,0,0,0,0,0,0,0,0,0,0,0,0,0,0,0,0,0
"2732019",0,0,0,0,0,0,0,0,0,0,0,0,0,0,0,0,0,0,0,0,0,0,0,0
"2732020",0,0,0,0,0,0,0,0,0,0,0,0,0,0,0,0,0,0,0,0,0,0,0,0
"2732021",0,0,0,0,0,0,0,0,0,0,0,0,0,0,0,0,0,0,0,0,0,0,0,0
"2732022",0,0,0,0,0,0,0,0,0,0,0,0,0,0,0,0,0,0,0,0,0,0,0,0
"2732023",0,0,0,0,0,0,0,0,0,0,0,0,0,0,0,0,0,0,0,0,0,0,0,0
"2732028",0,0,0,0,0,0,0,0,0,0,0,0,0,0,0,0,0,0,0,0,0,0,0,0
"2732029",0,0,0,0,0,0,0,0,0,0,0,0,0,0,0,0,0,0,0,0,0,0,0,0
"2732031",0,0,0,0,0,0,0,0,0,0,0,0,0,0,0,0,0,0,0,0,0,0,0,0
"2732033",0,0,0,0,0,0,0,0,0,0,0,0,0,0,0,0,0,0,0,0,0,0,0,0
"2732035",0,0,0,0,0,0,0,0,0,0,0,0,0,0,0,0,0,0,0,0,0,0,0,0
"2732062",0,0,0,0,0,0,0,0,0,0,0,0,0,0,0,0,0,0,0,0,0,0,0,0
"2732254",0,0,0,0,0,0,0,0,0,0,0,0,0,0,0,0,0,0,0,0,0,0,0,0
"2732554",0,0,0,0,0,0,0,0,0,0,0,0,0,0,0,0,0,0,0,0,0,0,0,0
"2732555",0,0,0,0,0,0,0,0,0,0,0,0,0,0,0,0,0,0,0,0,0,0,0,0
"2732592",0,0,0,0,0,0,0,0,0,0,0,0,0,0,0,0,0,0,0,0,0,0,0,0
"2732595",0,0,0,0,0,0,0,0,0,0,0,0,0,0,0,0,0,0,0,0,0,0,0,0
"2732596",0,0,0,0,0,0,0,0,0,0,0,0,0,0,0,0,0,0,0,0,0,0,0,0
"2732597",0,0,0,0,0,0,0,0,0,0,0,0,0,0,0,0,0,0,0,0,0,0,0,0
"2732598",0,0,0,0,0,0,0,0,0,0,0,0,0,0,0,0,0,0,0,0,0,0,0,0
"2732599",0,0,0,0,0,0,0,0,0,0,0,0,0,0,0,0,0,0,0,0,0,0,0,0
"2732600",0,0,0,0,0,0,0,0,0,0,0,0,0,0,0,0,0,0,0,0,0,0,0,0
"2732601",0,0,0,0,0,0,0,0,0,0,0,0,0,0,0,0,0,0,0,0,0,0,0,0
"2732603",0,0,0,0,0,0,0,0,0,0,0,0,0,0,0,0,0,0,0,0,0,0,0,0
"2732604",0,0,0,0,0,0,0,0,0,0,0,0,0,0,0,0,0,0,0,0,0,0,0,0
"2732605",0,0,0,0,0,0,0,0,0,0,0,0,0,0,0,0,0,0,0,0,0,0,0,0
"2732655",0,0,0,0,0,0,0,0,0,0,0,0,0,0,0,0,0,0,0,0,0,0,0,0
"2732679",0,0,0,0,0,0,0,0,0,0,0,0,0,0,0,0,0,0,0,0,0,0,0,0
"2732689",0,0,0,0,0,0,0,0,0,0,0,0,0,0,0,0,0,0,0,0,0,0,0,0
"2732699",0,0,0,0,0,0,0,0,0,0,0,0,0,0,0,0,0,0,0,0,0,0,0,0
"2732701",0,0,0,0,0,0,0,0,0,0,0,0,0,0,0,0,0,0,0,0,0,0,0,0
"2732704",0,0,0,0,0,0,0,0,0,0,0,0,0,0,0,0,0,0,0,0,0,0,0,0
"2732705",0,0,0,0,0,0,0,0,0,0,0,0,0,0,0,0,0,0,0,0,0,0,0,0
"2732708",0,0,0,0,0,0,0,0,0,0,0,0,0,0,0,0,0,0,0,0,0,0,0,0
"2732710",0,0,0,0,0,0,0,0,0,0,0,0,0,0,0,0,0,0,0,0,0,0,0,0
"2732713",0,0,0,0,0,0,0,0,0,0,0,0,0,0,0,0,0,0,0,0,0,0,0,0
"2732714",0,0,0,0,0,0,0,0,0,0,0,0,0,0,0,0,0,0,0,0,0,0,0,0
"2732762",0,0,0,0,0,0,0,0,0,0,0,0,0,0,0,0,0,0,0,0,0,0,0,0
"2732763",0,0,0,0,0,0,0,0,0,0,0,0,0,0,0,0,0,0,0,0,0,0,0,0
"2732776",0,0,0,0,0,0,0,0,0,0,0,0,0,0,0,0,0,0,0,0,0,0,0,0
"2732778",0,0,0,0,0,0,0,0,0,0,0,0,0,0,0,0,0,0,0,0,0,0,0,0
"2732779",0,0,0,0,0,0,0,0,0,0,0,0,0,0,0,0,0,0,0,0,0,0,0,0
"2732781",0,0,0,0,0,0,0,0,0,0,0,0,0,0,0,0,0,0,0,0,0,0,0,0
"2732782",0,0,0,0,0,0,0,0,0,0,0,0,0,0,0,0,0,0,0,0,0,0,0,0
"2732783",0,0,0,0,0,0,0,0,0,0,0,0,0,0,0,0,0,0,0,0,0,0,0,0
"2732784",0,0,0,0,0,0,0,0,0,0,0,0,0,0,0,0,0,0,0,0,0,0,0,0
"2732786",0,0,0,0,0,0,0,0,0,0,0,0,0,0,0,0,0,0,0,0,0,0,0,0
"2732787",0,0,0,0,0,0,0,0,0,0,0,0,0,0,0,0,0,0,0,0,0,0,0,0
"2732788",0,0,0,0,0,0,0,0,0,0,0,0,0,0,0,0,0,0,0,0,0,0,0,0
"2732789",0,0,0,0,0,0,0,0,0,0,0,0,0,0,0,0,0,0,0,0,0,0,0,0
"2732877",0,0,0,0,0,0,0,0,0,0,0,0,0,0,0,0,0,0,0,0,0,0,0,0
"2732913",0,0,0,0,0,0,0,0,0,0,0,0,0,0,0,0,0,0,0,0,0,0,0,0
"2732916",0,0,0,0,0,0,0,0,0,0,0,0,0,0,0,0,0,0,0,0,0,0,0,0
"2732917",0,0,0,0,0,0,0,0,0,0,0,0,0,0,0,0,0,0,0,0,0,0,0,0
"2732918",0,0,0,0,0,0,0,0,0,0,0,0,0,0,0,0,0,0,0,0,0,0,0,0
"2732926",0,0,0,0,0,0,0,0,0,0,0,0,0,0,0,0,0,0,0,0,0,0,0,0
"2732962",0,0,0,0,0,0,0,0,0,0,0,0,0,0,0,0,0,0,0,0,0,0,0,0
"2732963",0,0,0,0,0,0,0,0,0,0,0,0,0,0,0,0,0,0,0,0,0,0,0,0
"2732965",0,0,0,0,0,0,0,0,0,0,0,0,0,0,0,0,0,0,0,0,0,0,0,0
"2733102",0,0,0,0,0,0,0,0,0,0,0,0,0,0,0,0,0,0,0,0,0,0,0,0
"2733112",0,0,0,0,0,0,0,0,0,0,0,0,0,0,0,0,0,0,0,0,0,0,0,0
"2733122",0,0,0,0,0,0,0,0,0,0,0,0,0,0,0,0,0,0,0,0,0,0,0,0
"2733127",0,0,0,0,0,0,0,0,0,0,0,0,0,0,0,0,0,0,0,0,0,0,0,0
"2733142",0,0,0,0,0,0,0,0,0,0,0,0,0,0,0,0,0,0,0,0,0,0,0,0
"2733150",0,0,0,0,0,0,0,0,0,0,0,0,0,0,0,0,0,0,0,0,0,0,0,0
"2733174",0,0,0,0,0,0,0,0,0,0,0,0,0,0,0,0,0,0,0,0,0,0,0,0
"2733175",0,0,0,0,0,0,0,0,0,0,0,0,0,0,0,0,0,0,0,0,0,0,0,0
"2733203",0,0,0,0,0,0,0,0,0,0,0,0,0,0,0,0,0,0,0,0,0,0,0,0
"2733315",0,0,0,0,0,0,0,0,0,0,0,0,0,0,0,0,0,0,0,0,0,0,0,0
"2733317",0,0,0,0,0,0,0,0,0,0,0,0,0,0,0,0,0,0,0,0,0,0,0,0
"2733318",0,0,0,0,0,0,0,0,0,0,0,0,0,0,0,0,0,0,0,0,0,0,0,0
"2733319",0,0,0,0,0,0,0,0,0,0,0,0,0,0,0,0,0,0,0,0,0,0,0,0
"2733320",0,0,0,0,0,0,0,0,0,0,0,0,0,0,0,0,0,0,0,0,0,0,0,0
"2733321",0,0,0,0,0,0,0,0,0,0,0,0,0,0,0,0,0,0,0,0,0,0,0,0
"2733325",0,0,0,0,0,0,0,0,0,0,0,0,0,0,0,0,0,0,0,0,0,0,0,0
"2733328",0,0,0,0,0,0,0,0,0,0,0,0,0,0,0,0,0,0,0,0,0,0,0,0
"2733335",0,0,0,0,0,0,0,0,0,0,0,0,0,0,0,0,0,0,0,0,0,0,0,0
"2733337",0,0,0,0,0,0,0,0,0,0,0,0,0,0,0,0,0,0,0,0,0,0,0,0
"2733338",0,0,0,0,0,0,0,0,0,0,0,0,0,0,0,0,0,0,0,0,0,0,0,0
"2733339",0,0,0,0,0,0,0,0,0,0,0,0,0,0,0,0,0,0,0,0,0,0,0,0
"2733340",0,0,0,0,0,0,0,0,0,0,0,0,0,0,0,0,0,0,0,0,0,0,0,0
"2733343",0,0,0,0,0,0,0,0,0,0,0,0,0,0,0,0,0,0,0,0,0,0,0,0
"2733345",0,0,0,0,0,0,0,0,0,0,0,0,0,0,0,0,0,0,0,0,0,0,0,0
"2733349",0,0,0,0,0,0,0,0,0,0,0,0,0,0,0,0,0,0,0,0,0,0,0,0
"2733358",0,0,0,0,0,0,0,0,0,0,0,0,0,0,0,0,0,0,0,0,0,0,0,0
"2733359",0,0,0,0,0,0,0,0,0,0,0,0,0,0,0,0,0,0,0,0,0,0,0,0
"2733360",0,0,0,0,0,0,0,0,0,0,0,0,0,0,0,0,0,0,0,0,0,0,0,0
"2733374",0,0,0,0,0,0,0,0,0,0,0,0,0,0,0,0,0,0,0,0,0,0,0,0
"2733376",0,0,0,0,0,0,0,0,0,0,0,0,0,0,0,0,0,0,0,0,0,0,0,0
"2733574",0,0,0,0,0,0,0,0,0,0,0,0,0,0,0,0,0,0,0,0,0,0,0,0
"2733575",0,0,0,0,0,0,0,0,0,0,0,0,0,0,0,0,0,0,0,0,0,0,0,0
"2733576",0,0,0,0,0,0,0,0,0,0,0,0,0,0,0,0,0,0,0,0,0,0,0,0
"2733577",0,0,0,0,0,0,0,0,0,0,0,0,0,0,0,0,0,0,0,0,0,0,0,0
"2733583",0,0,0,0,0,0,0,0,0,0,0,0,0,0,0,0,0,0,0,0,0,0,0,0
"2733585",0,0,0,0,0,0,0,0,0,0,0,0,0,0,0,0,0,0,0,0,0,0,0,0
"2733586",0,0,0,0,0,0,0,0,0,0,0,0,0,0,0,0,0,0,0,0,0,0,0,0
"2733588",0,0,0,0,0,0,0,0,0,0,0,0,0,0,0,0,0,0,0,0,0,0,0,0
"2733603",0,0,0,0,0,0,0,0,0,0,0,0,0,0,0,0,0,0,0,0,0,0,0,0
"2733605",0,0,0,0,0,0,0,0,0,0,0,0,0,0,0,0,0,0,0,0,0,0,0,0
"2733609",0,0,0,0,0,0,0,0,0,0,0,0,0,0,0,0,0,0,0,0,0,0,0,0
"2733611",0,0,0,0,0,0,0,0,0,0,0,0,0,0,0,0,0,0,0,0,0,0,0,0
"2733612",0,0,0,0,0,0,0,0,0,0,0,0,0,0,0,0,0,0,0,0,0,0,0,0
"2733613",0,0,0,0,0,0,0,0,0,0,0,0,0,0,0,0,0,0,0,0,0,0,0,0
"2733614",0,0,0,0,0,0,0,0,0,0,0,0,0,0,0,0,0,0,0,0,0,0,0,0
"2733620",0,0,0,0,0,0,0,0,0,0,0,0,0,0,0,0,0,0,0,0,0,0,0,0
"2733621",0,0,0,0,0,0,0,0,0,0,0,0,0,0,0,0,0,0,0,0,0,0,0,0
"2733622",0,0,0,0,0,0,0,0,0,0,0,0,0,0,0,0,0,0,0,0,0,0,0,0
"2733625",0,0,0,0,0,0,0,0,0,0,0,0,0,0,0,0,0,0,0,0,0,0,0,0
"2733628",0,0,0,0,0,0,0,0,0,0,0,0,0,0,0,0,0,0,0,0,0,0,0,0
"2733631",0,0,0,0,0,0,0,0,0,0,0,0,0,0,0,0,0,0,0,0,0,0,0,0
"2733633",0,0,0,0,0,0,0,0,0,0,0,0,0,0,0,0,0,0,0,0,0,0,0,0
"2733636",0,0,0,0,0,0,0,0,0,0,0,0,0,0,0,0,0,0,0,0,0,0,0,0
"2733637",0,0,0,0,0,0,0,0,0,0,0,0,0,0,0,0,0,0,0,0,0,0,0,0
"2733641",0,0,0,0,0,0,0,0,0,0,0,0,0,0,0,0,0,0,0,0,0,0,0,0
"2733644",0,0,0,0,0,0,0,0,0,0,0,0,0,0,0,0,0,0,0,0,0,0,0,0
"2733645",0,0,0,0,0,0,0,0,0,0,0,0,0,0,0,0,0,0,0,0,0,0,0,0
"2733646",0,0,0,0,0,0,0,0,0,0,0,0,0,0,0,0,0,0,0,0,0,0,0,0
"2733647",0,0,0,0,0,0,0,0,0,0,0,0,0,0,0,0,0,0,0,0,0,0,0,0
"2733648",0,0,0,0,0,0,0,0,0,0,0,0,0,0,0,0,0,0,0,0,0,0,0,0
"2733650",0,0,0,0,0,0,0,0,0,0,0,0,0,0,0,0,0,0,0,0,0,0,0,0
"2733652",0,0,0,0,0,0,0,0,0,0,0,0,0,0,0,0,0,0,0,0,0,0,0,0
"2733653",0,0,0,0,0,0,0,0,0,0,0,0,0,0,0,0,0,0,0,0,0,0,0,0
"2733654",0,0,0,0,0,0,0,0,0,0,0,0,0,0,0,0,0,0,0,0,0,0,0,0
"2733666",0,0,0,0,0,0,0,0,0,0,0,0,0,0,0,0,0,0,0,0,0,0,0,0
"2733669",0,0,0,0,0,0,0,0,0,0,0,0,0,0,0,0,0,0,0,0,0,0,0,0
"2733673",0,0,0,0,0,0,0,0,0,0,0,0,0,0,0,0,0,0,0,0,0,0,0,0
"2733674",0,0,0,0,0,0,0,0,0,0,0,0,0,0,0,0,0,0,0,0,0,0,0,0
"2733680",0,0,0,0,0,0,0,0,0,0,0,0,0,0,0,0,0,0,0,0,0,0,0,0
"2733681",0,0,0,0,0,0,0,0,0,0,0,0,0,0,0,0,0,0,0,0,0,0,0,0
"2733684",0,0,0,0,0,0,0,0,0,0,0,0,0,0,0,0,0,0,0,0,0,0,0,0
"2733685",0,0,0,0,0,0,0,0,0,0,0,0,0,0,0,0,0,0,0,0,0,0,0,0
"2733870",0,0,0,0,0,0,0,0,0,0,0,0,0,0,0,0,0,0,0,0,0,0,0,0
"2733871",0,0,0,0,0,0,0,0,0,0,0,0,0,0,0,0,0,0,0,0,0,0,0,0
"2733872",0,0,0,0,0,0,0,0,0,0,0,0,0,0,0,0,0,0,0,0,0,0,0,0
"2733873",0,0,0,0,0,0,0,0,0,0,0,0,0,0,0,0,0,0,0,0,0,0,0,0
"2733874",0,0,0,0,0,0,0,0,0,0,0,0,0,0,0,0,0,0,0,0,0,0,0,0
"2733875",0,0,0,0,0,0,0,0,0,0,0,0,0,0,0,0,0,0,0,0,0,0,0,0
"2733877",0,0,0,0,0,0,0,0,0,0,0,0,0,0,0,0,0,0,0,0,0,0,0,0
"2733878",0,0,0,0,0,0,0,0,0,0,0,0,0,0,0,0,0,0,0,0,0,0,0,0
"2733879",0,0,0,0,0,0,0,0,0,0,0,0,0,0,0,0,0,0,0,0,0,0,0,0
"2733880",0,0,0,0,0,0,0,0,0,0,0,0,0,0,0,0,0,0,0,0,0,0,0,0
"2733884",0,0,0,0,0,0,0,0,0,0,0,0,0,0,0,0,0,0,0,0,0,0,0,0
"2733885",0,0,0,0,0,0,0,0,0,0,0,0,0,0,0,0,0,0,0,0,0,0,0,0
"2733889",0,0,0,0,0,0,0,0,0,0,0,0,0,0,0,0,0,0,0,0,0,0,0,0
"2733890",0,0,0,0,0,0,0,0,0,0,0,0,0,0,0,0,0,0,0,0,0,0,0,0
"2733893",0,0,0,0,0,0,0,0,0,0,0,0,0,0,0,0,0,0,0,0,0,0,0,0
"2733900",0,0,0,0,0,0,0,0,0,0,0,0,0,0,0,0,0,0,0,0,0,0,0,0
"2733901",0,0,0,0,0,0,0,0,0,0,0,0,0,0,0,0,0,0,0,0,0,0,0,0
"2733906",0,0,0,0,0,0,0,0,0,0,0,0,0,0,0,0,0,0,0,0,0,0,0,0
"2733917",0,0,0,0,0,0,0,0,0,0,0,0,0,0,0,0,0,0,0,0,0,0,0,0
"2733921",0,0,0,0,0,0,0,0,0,0,0,0,0,0,0,0,0,0,0,0,0,0,0,0
"2733924",0,0,0,0,0,0,0,0,0,0,0,0,0,0,0,0,0,0,0,0,0,0,0,0
"2733925",0,0,0,0,0,0,0,0,0,0,0,0,0,0,0,0,0,0,0,0,0,0,0,0
"2733934",0,0,0,0,0,0,0,0,0,0,0,0,0,0,0,0,0,0,0,0,0,0,0,0
"2733935",0,0,0,0,0,0,0,0,0,0,0,0,0,0,0,0,0,0,0,0,0,0,0,0
"2733936",0,0,0,0,0,0,0,0,0,0,0,0,0,0,0,0,0,0,0,0,0,0,0,0
"2733940",0,0,0,0,0,0,0,0,0,0,0,0,0,0,0,0,0,0,0,0,0,0,0,0
"2733942",0,0,0,0,0,0,0,0,0,0,0,0,0,0,0,0,0,0,0,0,0,0,0,0
"2733943",0,0,0,0,0,0,0,0,0,0,0,0,0,0,0,0,0,0,0,0,0,0,0,0
"2733961",0,0,0,0,0,0,0,0,0,0,0,0,0,0,0,0,0,0,0,0,0,0,0,0
"2733964",0,0,0,0,0,0,0,0,0,0,0,0,0,0,0,0,0,0,0,0,0,0,0,0
"2733966",0,0,0,0,0,0,0,0,0,0,0,0,0,0,0,0,0,0,0,0,0,0,0,0
"2733969",0,0,0,0,0,0,0,0,0,0,0,0,0,0,0,0,0,0,0,0,0,0,0,0
"2733970",0,0,0,0,0,0,0,0,0,0,0,0,0,0,0,0,0,0,0,0,0,0,0,0
"2733971",0,0,0,0,0,0,0,0,0,0,0,0,0,0,0,0,0,0,0,0,0,0,0,0
"2733976",0,0,0,0,0,0,0,0,0,0,0,0,0,0,0,0,0,0,0,0,0,0,0,0
"2733983",0,0,0,0,0,0,0,0,0,0,0,0,0,0,0,0,0,0,0,0,0,0,0,0
"2733985",0,0,0,0,0,0,0,0,0,0,0,0,0,0,0,0,0,0,0,0,0,0,0,0
"2733986",0,0,0,0,0,0,0,0,0,0,0,0,0,0,0,0,0,0,0,0,0,0,0,0
"2733987",0,0,0,0,0,0,0,0,0,0,0,0,0,0,0,0,0,0,0,0,0,0,0,0
"2733989",0,0,0,0,0,0,0,0,0,0,0,0,0,0,0,0,0,0,0,0,0,0,0,0
"2733992",0,0,0,0,0,0,0,0,0,0,0,0,0,0,0,0,0,0,0,0,0,0,0,0
"2733998",0,0,0,0,0,0,0,0,0,0,0,0,0,0,0,0,0,0,0,0,0,0,0,0
"2734003",0,0,0,0,0,0,0,0,0,0,0,0,0,0,0,0,0,0,0,0,0,0,0,0
"2734004",0,0,0,0,0,0,0,0,0,0,0,0,0,0,0,0,0,0,0,0,0,0,0,0
"2734007",0,0,0,0,0,0,0,0,0,0,0,0,0,0,0,0,0,0,0,0,0,0,0,0
"2734010",0,0,0,0,0,0,0,0,0,0,0,0,0,0,0,0,0,0,0,0,0,0,0,0
"2734012",0,0,0,0,0,0,0,0,0,0,0,0,0,0,0,0,0,0,0,0,0,0,0,0
"2734013",0,0,0,0,0,0,0,0,0,0,0,0,0,0,0,0,0,0,0,0,0,0,0,0
"2734014",0,0,0,0,0,0,0,0,0,0,0,0,0,0,0,0,0,0,0,0,0,0,0,0
"2734015",0,0,0,0,0,0,0,0,0,0,0,0,0,0,0,0,0,0,0,0,0,0,0,0
"2734016",0,0,0,0,0,0,0,0,0,0,0,0,0,0,0,0,0,0,0,0,0,0,0,0
"2734019",0,0,0,0,0,0,0,0,0,0,0,0,0,0,0,0,0,0,0,0,0,0,0,0
"2734021",0,0,0,0,0,0,0,0,0,0,0,0,0,0,0,0,0,0,0,0,0,0,0,0
"2734023",0,0,0,0,0,0,0,0,0,0,0,0,0,0,0,0,0,0,0,0,0,0,0,0
"2734024",0,0,0,0,0,0,0,0,0,0,0,0,0,0,0,0,0,0,0,0,0,0,0,0
"2734026",0,0,0,0,0,0,0,0,0,0,0,0,0,0,0,0,0,0,0,0,0,0,0,0
"2734032",0,0,0,0,0,0,0,0,0,0,0,0,0,0,0,0,0,0,0,0,0,0,0,0
"2734033",0,0,0,0,0,0,0,0,0,0,0,0,0,0,0,0,0,0,0,0,0,0,0,0
"2734035",0,0,0,0,0,0,0,0,0,0,0,0,0,0,0,0,0,0,0,0,0,0,0,0
"2734036",0,0,0,0,0,0,0,0,0,0,0,0,0,0,0,0,0,0,0,0,0,0,0,0
"2734038",0,0,0,0,0,0,0,0,0,0,0,0,0,0,0,0,0,0,0,0,0,0,0,0
"2734047",0,0,0,0,0,0,0,0,0,0,0,0,0,0,0,0,0,0,0,0,0,0,0,0
"2734049",0,0,0,0,0,0,0,0,0,0,0,0,0,0,0,0,0,0,0,0,0,0,0,0
"2734050",0,0,0,0,0,0,0,0,0,0,0,0,0,0,0,0,0,0,0,0,0,0,0,0
"2734051",0,0,0,0,0,0,0,0,0,0,0,0,0,0,0,0,0,0,0,0,0,0,0,0
"2734057",0,0,0,0,0,0,0,0,0,0,0,0,0,0,0,0,0,0,0,0,0,0,0,0
"2734061",0,0,0,0,0,0,0,0,0,0,0,0,0,0,0,0,0,0,0,0,0,0,0,0
"2734064",0,0,0,0,0,0,0,0,0,0,0,0,0,0,0,0,0,0,0,0,0,0,0,0
"2734072",0,0,0,0,0,0,0,0,0,0,0,0,0,0,0,0,0,0,0,0,0,0,0,0
"2734073",0,0,0,0,0,0,0,0,0,0,0,0,0,0,0,0,0,0,0,0,0,0,0,0
"2734076",0,0,0,0,0,0,0,0,0,0,0,0,0,0,0,0,0,0,0,0,0,0,0,0
"2734082",0,0,0,0,0,0,0,0,0,0,0,0,0,0,0,0,0,0,0,0,0,0,0,0
"2734086",0,0,0,0,0,0,0,0,0,0,0,0,0,0,0,0,0,0,0,0,0,0,0,0
"2734087",0,0,0,0,0,0,0,0,0,0,0,0,0,0,0,0,0,0,0,0,0,0,0,0
"2734091",0,0,0,0,0,0,0,0,0,0,0,0,0,0,0,0,0,0,0,0,0,0,0,0
"2734092",0,0,0,0,0,0,0,0,0,0,0,0,0,0,0,0,0,0,0,0,0,0,0,0
"2734093",0,0,0,0,0,0,0,0,0,0,0,0,0,0,0,0,0,0,0,0,0,0,0,0
"2734094",0,0,0,0,0,0,0,0,0,0,0,0,0,0,0,0,0,0,0,0,0,0,0,0
"2734098",0,0,0,0,0,0,0,0,0,0,0,0,0,0,0,0,0,0,0,0,0,0,0,0
"2734100",0,0,0,0,0,0,0,0,0,0,0,0,0,0,0,0,0,0,0,0,0,0,0,0
"2734110",0,0,0,0,0,0,0,0,0,0,0,0,0,0,0,0,0,0,0,0,0,0,0,0
"2734130",0,0,0,0,0,0,0,0,0,0,0,0,0,0,0,0,0,0,0,0,0,0,0,0
"2734131",0,0,0,0,0,0,0,0,0,0,0,0,0,0,0,0,0,0,0,0,0,0,0,0
"2734132",0,0,0,0,0,0,0,0,0,0,0,0,0,0,0,0,0,0,0,0,0,0,0,0
"2734136",0,0,0,0,0,0,0,0,0,0,0,0,0,0,0,0,0,0,0,0,0,0,0,0
"2734137",0,0,0,0,0,0,0,0,0,0,0,0,0,0,0,0,0,0,0,0,0,0,0,0
"2734138",0,0,0,0,0,0,0,0,0,0,0,0,0,0,0,0,0,0,0,0,0,0,0,0
"2734154",0,0,0,0,0,0,0,0,0,0,0,0,0,0,0,0,0,0,0,0,0,0,0,0
"2734155",0,0,0,0,0,0,0,0,0,0,0,0,0,0,0,0,0,0,0,0,0,0,0,0
"2734156",0,0,0,0,0,0,0,0,0,0,0,0,0,0,0,0,0,0,0,0,0,0,0,0
"2734162",0,0,0,0,0,0,0,0,0,0,0,0,0,0,0,0,0,0,0,0,0,0,0,0
"2734163",0,0,0,0,0,0,0,0,0,0,0,0,0,0,0,0,0,0,0,0,0,0,0,0
"2734197",0,0,0,0,0,0,0,0,0,0,0,0,0,0,0,0,0,0,0,0,0,0,0,0
"2734206",0,0,0,0,0,0,0,0,0,0,0,0,0,0,0,0,0,0,0,0,0,0,0,0
"2734209",0,0,0,0,0,0,0,0,0,0,0,0,0,0,0,0,0,0,0,0,0,0,0,0
"2734233",0,0,0,0,0,0,0,0,0,0,0,0,0,0,0,0,0,0,0,0,0,0,0,0
"2734234",0,0,0,0,0,0,0,0,0,0,0,0,0,0,0,0,0,0,0,0,0,0,0,0
"2734294",0,0,0,0,0,0,0,0,0,0,0,0,0,0,0,0,0,0,0,0,0,0,0,0
"2734295",0,0,0,0,0,0,0,0,0,0,0,0,0,0,0,0,0,0,0,0,0,0,0,0
"2734328",0,0,0,0,0,0,0,0,0,0,0,0,0,0,0,0,0,0,0,0,0,0,0,0
"2734332",0,0,0,0,0,0,0,0,0,0,0,0,0,0,0,0,0,0,0,0,0,0,0,0
"2734334",0,0,0,0,0,0,0,0,0,0,0,0,0,0,0,0,0,0,0,0,0,0,0,0
"2734335",0,0,0,0,0,0,0,0,0,0,0,0,0,0,0,0,0,0,0,0,0,0,0,0
"2734336",0,0,0,0,0,0,0,0,0,0,0,0,0,0,0,0,0,0,0,0,0,0,0,0
"2734340",0,0,0,0,0,0,0,0,0,0,0,0,0,0,0,0,0,0,0,0,0,0,0,0
"2734345",0,0,0,0,0,0,0,0,0,0,0,0,0,0,0,0,0,0,0,0,0,0,0,0
"2734348",0,0,0,0,0,0,0,0,0,0,0,0,0,0,0,0,0,0,0,0,0,0,0,0
"2734349",0,0,0,0,0,0,0,0,0,0,0,0,0,0,0,0,0,0,0,0,0,0,0,0
"2734350",0,0,0,0,0,0,0,0,0,0,0,0,0,0,0,0,0,0,0,0,0,0,0,0
"2734352",0,0,0,0,0,0,0,0,0,0,0,0,0,0,0,0,0,0,0,0,0,0,0,0
"2734366",0,0,0,0,0,0,0,0,0,0,0,0,0,0,0,0,0,0,0,0,0,0,0,0
"2734367",0,0,0,0,0,0,0,0,0,0,0,0,0,0,0,0,0,0,0,0,0,0,0,0
"2734368",0,0,0,0,0,0,0,0,0,0,0,0,0,0,0,0,0,0,0,0,0,0,0,0
"2734370",0,0,0,0,0,0,0,0,0,0,0,0,0,0,0,0,0,0,0,0,0,0,0,0
"2734371",0,0,0,0,0,0,0,0,0,0,0,0,0,0,0,0,0,0,0,0,0,0,0,0
"2734372",0,0,0,0,0,0,0,0,0,0,0,0,0,0,0,0,0,0,0,0,0,0,0,0
"2734373",0,0,0,0,0,0,0,0,0,0,0,0,0,0,0,0,0,0,0,0,0,0,0,0
"2734374",0,0,0,0,0,0,0,0,0,0,0,0,0,0,0,0,0,0,0,0,0,0,0,0
"2734375",0,0,0,0,0,0,0,0,0,0,0,0,0,0,0,0,0,0,0,0,0,0,0,0
"2734377",0,0,0,0,0,0,0,0,0,0,0,0,0,0,0,0,0,0,0,0,0,0,0,0
"2734380",0,0,0,0,0,0,0,0,0,0,0,0,0,0,0,0,0,0,0,0,0,0,0,0
"2734382",0,0,0,0,0,0,0,0,0,0,0,0,0,0,0,0,0,0,0,0,0,0,0,0
"2734384",0,0,0,0,0,0,0,0,0,0,0,0,0,0,0,0,0,0,0,0,0,0,0,0
"2734386",0,0,0,0,0,0,0,0,0,0,0,0,0,0,0,0,0,0,0,0,0,0,0,0
"2734387",0,0,0,0,0,0,0,0,0,0,0,0,0,0,0,0,0,0,0,0,0,0,0,0
"2734388",0,0,0,0,0,0,0,0,0,0,0,0,0,0,0,0,0,0,0,0,0,0,0,0
"2734389",0,0,0,0,0,0,0,0,0,0,0,0,0,0,0,0,0,0,0,0,0,0,0,0
"2734392",0,0,0,0,0,0,0,0,0,0,0,0,0,0,0,0,0,0,0,0,0,0,0,0
"2734394",0,0,0,0,0,0,0,0,0,0,0,0,0,0,0,0,0,0,0,0,0,0,0,0
"2734396",0,0,0,0,0,0,0,0,0,0,0,0,0,0,0,0,0,0,0,0,0,0,0,0
"2734397",0,0,0,0,0,0,0,0,0,0,0,0,0,0,0,0,0,0,0,0,0,0,0,0
"2734399",0,0,0,0,0,0,0,0,0,0,0,0,0,0,0,0,0,0,0,0,0,0,0,0
"2734400",0,0,0,0,0,0,0,0,0,0,0,0,0,0,0,0,0,0,0,0,0,0,0,0
"2734401",0,0,0,0,0,0,0,0,0,0,0,0,0,0,0,0,0,0,0,0,0,0,0,0
"2734402",0,0,0,0,0,0,0,0,0,0,0,0,0,0,0,0,0,0,0,0,0,0,0,0
"2734403",0,0,0,0,0,0,0,0,0,0,0,0,0,0,0,0,0,0,0,0,0,0,0,0
"2734404",0,0,0,0,0,0,0,0,0,0,0,0,0,0,0,0,0,0,0,0,0,0,0,0
"2734405",0,0,0,0,0,0,0,0,0,0,0,0,0,0,0,0,0,0,0,0,0,0,0,0
"2734406",0,0,0,0,0,0,0,0,0,0,0,0,0,0,0,0,0,0,0,0,0,0,0,0
"2734410",0,0,0,0,0,0,0,0,0,0,0,0,0,0,0,0,0,0,0,0,0,0,0,0
"2734414",0,0,0,0,0,0,0,0,0,0,0,0,0,0,0,0,0,0,0,0,0,0,0,0
"2734418",0,0,0,0,0,0,0,0,0,0,0,0,0,0,0,0,0,0,0,0,0,0,0,0
"2734422",0,0,0,0,0,0,0,0,0,0,0,0,0,0,0,0,0,0,0,0,0,0,0,0
"2734427",0,0,0,0,0,0,0,0,0,0,0,0,0,0,0,0,0,0,0,0,0,0,0,0
"2734434",0,0,0,0,0,0,0,0,0,0,0,0,0,0,0,0,0,0,0,0,0,0,0,0
"2734435",0,0,0,0,0,0,0,0,0,0,0,0,0,0,0,0,0,0,0,0,0,0,0,0
"2734437",0,0,0,0,0,0,0,0,0,0,0,0,0,0,0,0,0,0,0,0,0,0,0,0
"2734438",0,0,0,0,0,0,0,0,0,0,0,0,0,0,0,0,0,0,0,0,0,0,0,0
"2734439",0,0,0,0,0,0,0,0,0,0,0,0,0,0,0,0,0,0,0,0,0,0,0,0
"2734500",0,0,0,0,0,0,0,0,0,0,0,0,0,0,0,0,0,0,0,0,0,0,0,0
"2734503",0,0,0,0,0,0,0,0,0,0,0,0,0,0,0,0,0,0,0,0,0,0,0,0
"2734511",0,0,0,0,0,0,0,0,0,0,0,0,0,0,0,0,0,0,0,0,0,0,0,0
"2734512",0,0,0,0,0,0,0,0,0,0,0,0,0,0,0,0,0,0,0,0,0,0,0,0
"2734513",0,0,0,0,0,0,0,0,0,0,0,0,0,0,0,0,0,0,0,0,0,0,0,0
"2734519",0,0,0,0,0,0,0,0,0,0,0,0,0,0,0,0,0,0,0,0,0,0,0,0
"2734524",0,0,0,0,0,0,0,0,0,0,0,0,0,0,0,0,0,0,0,0,0,0,0,0
"2734525",0,0,0,0,0,0,0,0,0,0,0,0,0,0,0,0,0,0,0,0,0,0,0,0
"2734535",0,0,0,0,0,0,0,0,0,0,0,0,0,0,0,0,0,0,0,0,0,0,0,0
"2734536",0,0,0,0,0,0,0,0,0,0,0,0,0,0,0,0,0,0,0,0,0,0,0,0
"2734551",0,0,0,0,0,0,0,0,0,0,0,0,0,0,0,0,0,0,0,0,0,0,0,0
"2734554",0,0,0,0,0,0,0,0,0,0,0,0,0,0,0,0,0,0,0,0,0,0,0,0
"2734555",0,0,0,0,0,0,0,0,0,0,0,0,0,0,0,0,0,0,0,0,0,0,0,0
"2734556",0,0,0,0,0,0,0,0,0,0,0,0,0,0,0,0,0,0,0,0,0,0,0,0
"2734560",0,0,0,0,0,0,0,0,0,0,0,0,0,0,0,0,0,0,0,0,0,0,0,0
"2734561",0,0,0,0,0,0,0,0,0,0,0,0,0,0,0,0,0,0,0,0,0,0,0,0
"2734569",0,0,0,0,0,0,0,0,0,0,0,0,0,0,0,0,0,0,0,0,0,0,0,0
"2734585",0,0,0,0,0,0,0,0,0,0,0,0,0,0,0,0,0,0,0,0,0,0,0,0
"2734588",0,0,0,0,0,0,0,0,0,0,0,0,0,0,0,0,0,0,0,0,0,0,0,0
"2734591",0,0,0,0,0,0,0,0,0,0,0,0,0,0,0,0,0,0,0,0,0,0,0,0
"2734592",0,0,0,0,0,0,0,0,0,0,0,0,0,0,0,0,0,0,0,0,0,0,0,0
"2734593",0,0,0,0,0,0,0,0,0,0,0,0,0,0,0,0,0,0,0,0,0,0,0,0
"2734595",0,0,0,0,0,0,0,0,0,0,0,0,0,0,0,0,0,0,0,0,0,0,0,0
"2734846",0,0,0,0,0,0,0,0,0,0,0,0,0,0,0,0,0,0,0,0,0,0,0,0
"2735301",0,0,0,0,0,0,0,0,0,0,0,0,0,0,0,0,0,0,0,0,0,0,0,0
"2736272",0,0,0,0,0,0,0,0,0,0,0,0,0,0,0,0,0,0,0,0,0,0,0,0
"2736691",0,0,0,0,0,0,0,0,0,0,0,0,0,0,0,0,0,0,0,0,0,0,0,0
"2737068",0,0,0,0,0,0,0,0,0,0,0,0,0,0,0,0,0,0,0,0,0,0,0,0
"2737072",0,0,0,0,0,0,0,0,0,0,0,0,0,0,0,0,0,0,0,0,0,0,0,0
"2737073",0,0,0,0,0,0,0,0,0,0,0,0,0,0,0,0,0,0,0,0,0,0,0,0
"273810",0,0,0,0,0,0,0,0,0,0,0,0,0,0,0,0,0,0,0,0,0,0,0,0
"2738413",0,0,0,0,0,0,0,0,0,0,0,0,0,0,0,0,0,0,0,0,0,0,0,0
"2738469",0,0,0,0,0,0,0,0,0,0,0,0,0,0,0,0,0,0,0,0,0,0,0,0
"2738555",0,0,0,0,0,0,0,0,0,0,0,0,0,0,0,0,0,0,0,0,0,0,0,0
"2741717",0,0,0,0,0,0,0,0,0,0,0,0,0,0,0,0,0,0,0,0,0,0,0,0
"2742621",0,0,0,0,0,0,0,0,0,0,0,0,0,0,0,0,0,0,0,0,0,0,0,0
"2742628",0,0,0,0,0,0,0,0,0,0,0,0,0,0,0,0,0,0,0,0,0,0,0,0
"2742640",0,0,0,0,0,0,0,0,0,0,0,0,0,0,0,0,0,0,0,0,0,0,0,0
"2742643",0,0,0,0,0,0,0,0,0,0,0,0,0,0,0,0,0,0,0,0,0,0,0,0
"2742644",0,0,0,0,0,0,0,0,0,0,0,0,0,0,0,0,0,0,0,0,0,0,0,0
"2742647",0,0,0,0,0,0,0,0,0,0,0,0,0,0,0,0,0,0,0,0,0,0,0,0
"2742669",0,0,0,0,0,0,0,0,0,0,0,0,0,0,0,0,0,0,0,0,0,0,0,0
"2742717",0,0,0,0,0,0,0,0,0,0,0,0,0,0,0,0,0,0,0,0,0,0,0,0
"2742948",0,0,0,0,0,0,0,0,0,0,0,0,0,0,0,0,0,0,0,0,0,0,0,0
"2744412",0,0,0,0,0,0,0,0,0,0,0,0,0,0,0,0,0,0,0,0,0,0,0,0
"2745566",0,0,0,0,0,0,0,0,0,0,0,0,0,0,0,0,0,0,0,0,0,0,0,0
"2745890",0,0,0,0,0,0,0,0,0,0,0,0,0,0,0,0,0,0,0,0,0,0,0,0
"2745891",0,0,0,0,0,0,0,0,0,0,0,0,0,0,0,0,0,0,0,0,0,0,0,0
"2745892",0,0,0,0,0,0,0,0,0,0,0,0,0,0,0,0,0,0,0,0,0,0,0,0
"2745894",0,0,0,0,0,0,0,0,0,0,0,0,0,0,0,0,0,0,0,0,0,0,0,0
"2746248",0,0,0,0,0,0,0,0,0,0,0,0,0,0,0,0,0,0,0,0,0,0,0,0
"2746925",0,0,0,0,0,0,0,0,0,0,0,0,0,0,0,0,0,0,0,0,0,0,0,0
"2747343",0,0,0,0,0,0,0,0,0,0,0,0,0,0,0,0,0,0,0,0,0,0,0,0
"2747493",0,0,0,0,0,0,0,0,0,0,0,0,0,0,0,0,0,0,0,0,0,0,0,0
"2748249",0,0,0,0,0,0,0,0,0,0,0,0,0,0,0,0,0,0,0,0,0,0,0,0
"2748250",0,0,0,0,0,0,0,0,0,0,0,0,0,0,0,0,0,0,0,0,0,0,0,0
"2748254",0,0,0,0,0,0,0,0,0,0,0,0,0,0,0,0,0,0,0,0,0,0,0,0
"2748302",0,0,0,0,0,0,0,0,0,0,0,0,0,0,0,0,0,0,0,0,0,0,0,0
"2748378",0,0,0,0,0,0,0,0,0,0,0,0,0,0,0,0,0,0,0,0,0,0,0,0
"2748762",0,0,0,0,0,0,0,0,0,0,0,0,0,0,0,0,0,0,0,0,0,0,0,0
"2748764",0,0,0,0,0,0,0,0,0,0,0,0,0,0,0,0,0,0,0,0,0,0,0,0
"2748958",0,0,0,0,0,0,0,0,0,0,0,0,0,0,0,0,0,0,0,0,0,0,0,0
"2748959",0,0,0,0,0,0,0,0,0,0,0,0,0,0,0,0,0,0,0,0,0,0,0,0
"2748967",0,0,0,0,0,0,0,0,0,0,0,0,0,0,0,0,0,0,0,0,0,0,0,0
"2749412",0,0,0,0,0,0,0,0,0,0,0,0,0,0,0,0,0,0,0,0,0,0,0,0
"2749668",0,0,0,0,0,0,0,0,0,0,0,0,0,0,0,0,0,0,0,0,0,0,0,0
"2749927",0,0,0,0,0,0,0,0,0,0,0,0,0,0,0,0,0,0,0,0,0,0,0,0
"2749931",0,0,0,0,0,0,0,0,0,0,0,0,0,0,0,0,0,0,0,0,0,0,0,0
"2750853",0,0,0,0,0,0,0,0,0,0,0,0,0,0,0,0,0,0,0,0,0,0,0,0
"2751480",0,0,0,0,0,0,0,0,0,0,0,0,0,0,0,0,0,0,0,0,0,0,0,0
"2754975",0,0,0,0,0,0,0,0,0,0,0,0,0,0,0,0,0,0,0,0,0,0,0,0
"2754999",0,0,0,0,0,0,0,0,0,0,0,0,0,0,0,0,0,0,0,0,0,0,0,0
"2755000",0,0,0,0,0,0,0,0,0,0,0,0,0,0,0,0,0,0,0,0,0,0,0,0
"2755482",0,0,0,0,0,0,0,0,0,0,0,0,0,0,0,0,0,0,0,0,0,0,0,0
"2755483",0,0,0,0,0,0,0,0,0,0,0,0,0,0,0,0,0,0,0,0,0,0,0,0
"2755484",0,0,0,0,0,0,0,0,0,0,0,0,0,0,0,0,0,0,0,0,0,0,0,0
"2759403",0,0,0,0,0,0,0,0,0,0,0,0,0,0,0,0,0,0,0,0,0,0,0,0
"2759404",0,0,0,0,0,0,0,0,0,0,0,0,0,0,0,0,0,0,0,0,0,0,0,0
"2759405",0,0,0,0,0,0,0,0,0,0,0,0,0,0,0,0,0,0,0,0,0,0,0,0
"2759407",0,0,0,0,0,0,0,0,0,0,0,0,0,0,0,0,0,0,0,0,0,0,0,0
"2762326",0,0,0,0,0,0,0,0,0,0,0,0,0,0,0,0,0,0,0,0,0,0,0,0
"2762426",0,0,0,0,0,0,0,0,0,0,0,0,0,0,0,0,0,0,0,0,0,0,0,0
"2762427",0,0,0,0,0,0,0,0,0,0,0,0,0,0,0,0,0,0,0,0,0,0,0,0
"2762429",0,0,0,0,0,0,0,0,0,0,0,0,0,0,0,0,0,0,0,0,0,0,0,0
"2763538",0,0,0,0,0,0,0,0,0,0,0,0,0,0,0,0,0,0,0,0,0,0,0,0
"2764701",0,0,0,0,0,0,0,0,0,0,0,0,0,0,0,0,0,0,0,0,0,0,0,0
"2766566",0,0,0,0,0,0,0,0,0,0,0,0,0,0,0,0,0,0,0,0,0,0,0,0
"2767029",0,0,0,0,0,0,0,0,0,0,0,0,0,0,0,0,0,0,0,0,0,0,0,0
"2767194",0,0,0,0,0,0,0,0,0,0,0,0,0,0,0,0,0,0,0,0,0,0,0,0
"2767195",0,0,0,0,0,0,0,0,0,0,0,0,0,0,0,0,0,0,0,0,0,0,0,0
"2767196",0,0,0,0,0,0,0,0,0,0,0,0,0,0,0,0,0,0,0,0,0,0,0,0
"2767265",0,0,0,0,0,0,0,0,0,0,0,0,0,0,0,0,0,0,0,0,0,0,0,0
"2771210",0,0,0,0,0,0,0,0,0,0,0,0,0,0,0,0,0,0,0,0,0,0,0,0
"2771212",0,0,0,0,0,0,0,0,0,0,0,0,0,0,0,0,0,0,0,0,0,0,0,0
"2771380",0,0,0,0,0,0,0,0,0,0,0,0,0,0,0,0,0,0,0,0,0,0,0,0
"2771381",0,0,0,0,0,0,0,0,0,0,0,0,0,0,0,0,0,0,0,0,0,0,0,0
"2772448",0,0,0,0,0,0,0,0,0,0,0,0,0,0,0,0,0,0,0,0,0,0,0,0
"2777364",0,0,0,0,0,0,0,0,0,0,0,0,0,0,0,0,0,0,0,0,0,0,0,0
"2777710",0,0,0,0,0,0,0,0,0,0,0,0,0,0,0,0,0,0,0,0,0,0,0,0
"2777947",0,0,0,0,0,0,0,0,0,0,0,0,0,0,0,0,0,0,0,0,0,0,0,0
"2777957",0,0,0,0,0,0,0,0,0,0,0,0,0,0,0,0,0,0,0,0,0,0,0,0
"2778671",0,0,0,0,0,0,0,0,0,0,0,0,0,0,0,0,0,0,0,0,0,0,0,0
"277944",0,0,0,0,0,0,0,0,0,0,0,0,0,0,0,0,0,0,0,0,0,0,0,0
"2781641",0,0,0,0,0,0,0,0,0,0,0,0,0,0,0,0,0,0,0,0,0,0,0,0
"2783546",0,0,0,0,0,0,0,0,0,0,0,0,0,0,0,0,0,0,0,0,0,0,0,0
"2783669",0,0,0,0,0,0,0,0,0,0,0,0,0,0,0,0,0,0,0,0,0,0,0,0
"2785212",0,0,0,0,0,0,0,0,0,0,0,0,0,0,0,0,0,0,0,0,0,0,0,0
"2789855",0,0,0,0,0,0,0,0,0,0,0,0,0,0,0,0,0,0,0,0,0,0,0,0
"2791164",0,0,0,0,0,0,0,0,0,0,0,0,0,0,0,0,0,0,0,0,0,0,0,0
"2793719",0,0,0,0,0,0,0,0,0,0,0,0,0,0,0,0,0,0,0,0,0,0,0,0
"2793721",0,0,0,0,0,0,0,0,0,0,0,0,0,0,0,0,0,0,0,0,0,0,0,0
"2793722",0,0,0,0,0,0,0,0,0,0,0,0,0,0,0,0,0,0,0,0,0,0,0,0
"2793723",0,0,0,0,0,0,0,0,0,0,0,0,0,0,0,0,0,0,0,0,0,0,0,0
"2793728",0,0,0,0,0,0,0,0,0,0,0,0,0,0,0,0,0,0,0,0,0,0,0,0
"2793733",0,0,0,0,0,0,0,0,0,0,0,0,0,0,0,0,0,0,0,0,0,0,0,0
"2793737",0,0,0,0,0,0,0,0,0,0,0,0,0,0,0,0,0,0,0,0,0,0,0,0
"2793738",0,0,0,0,0,0,0,0,0,0,0,0,0,0,0,0,0,0,0,0,0,0,0,0
"2793742",0,0,0,0,0,0,0,0,0,0,0,0,0,0,0,0,0,0,0,0,0,0,0,0
"2793743",0,0,0,0,0,0,0,0,0,0,0,0,0,0,0,0,0,0,0,0,0,0,0,0
"2793799",0,0,0,0,0,0,0,0,0,0,0,0,0,0,0,0,0,0,0,0,0,0,0,0
"2794960",0,0,0,0,0,0,0,0,0,0,0,0,0,0,0,0,0,0,0,0,0,0,0,0
"279538",0,0,0,0,0,0,0,0,0,0,0,0,0,0,0,0,0,0,0,0,0,0,0,0
"279539",0,0,0,0,0,0,0,0,0,0,0,0,0,0,0,0,0,0,0,0,0,0,0,0
"2795688",0,0,0,0,0,0,0,0,0,0,0,0,0,0,0,0,0,0,0,0,0,0,0,0
"2795689",0,0,0,0,0,0,0,0,0,0,0,0,0,0,0,0,0,0,0,0,0,0,0,0
"2798729",0,0,0,0,0,0,0,0,0,0,0,0,0,0,0,0,0,0,0,0,0,0,0,0
"2798807",0,0,0,0,0,0,0,0,0,0,0,0,0,0,0,0,0,0,0,0,0,0,0,0
"2801326",0,0,0,0,0,0,0,0,0,0,0,0,0,0,0,0,0,0,0,0,0,0,0,0
"2801354",0,0,0,0,0,0,0,0,0,0,0,0,0,0,0,0,0,0,0,0,0,0,0,0
"2801566",0,0,0,0,0,0,0,0,0,0,0,0,0,0,0,0,0,0,0,0,0,0,0,0
"2802554",0,0,0,0,0,0,0,0,0,0,0,0,0,0,0,0,0,0,0,0,0,0,0,0
"2803865",0,0,0,0,0,0,0,0,0,0,0,0,0,0,0,0,0,0,0,0,0,0,0,0
"280701",0,0,0,0,0,0,0,0,0,0,0,0,0,0,0,0,0,0,0,0,0,0,0,0
"2807625",0,0,0,0,0,0,0,0,0,0,0,0,0,0,0,0,0,0,0,0,0,0,0,0
"2810799",0,0,0,0,0,0,0,0,0,0,0,0,0,0,0,0,0,0,0,0,0,0,0,0
"2810802",0,0,0,0,0,0,0,0,0,0,0,0,0,0,0,0,0,0,0,0,0,0,0,0
"2810803",0,0,0,0,0,0,0,0,0,0,0,0,0,0,0,0,0,0,0,0,0,0,0,0
"2811963",0,0,0,0,0,0,0,0,0,0,0,0,0,0,0,0,0,0,0,0,0,0,0,0
"2812031",0,0,0,0,0,0,0,0,0,0,0,0,0,0,0,0,0,0,0,0,0,0,0,0
"2812900",0,0,0,0,0,0,0,0,0,0,0,0,0,0,0,0,0,0,0,0,0,0,0,0
"2814367",0,0,0,0,0,0,0,0,0,0,0,0,0,0,0,0,0,0,0,0,0,0,0,0
"2816460",0,0,0,0,0,0,0,0,0,0,0,0,0,0,0,0,0,0,0,0,0,0,0,0
"2816839",0,0,0,0,0,0,0,0,0,0,0,0,0,0,0,0,0,0,0,0,0,0,0,0
"2816840",0,0,0,0,0,0,0,0,0,0,0,0,0,0,0,0,0,0,0,0,0,0,0,0
"2816951",0,0,0,0,0,0,0,0,0,0,0,0,0,0,0,0,0,0,0,0,0,0,0,0
"2816952",0,0,0,0,0,0,0,0,0,0,0,0,0,0,0,0,0,0,0,0,0,0,0,0
"2816953",0,0,0,0,0,0,0,0,0,0,0,0,0,0,0,0,0,0,0,0,0,0,0,0
"28176",0,0,0,0,0,0,0,0,0,0,0,0,0,0,0,0,0,0,0,0,0,0,0,0
"2817738",0,0,0,0,0,0,0,0,0,0,0,0,0,0,0,0,0,0,0,0,0,0,0,0
"2818228",0,0,0,0,0,0,0,0,0,0,0,0,0,0,0,0,0,0,0,0,0,0,0,0
"2819097",0,0,0,0,0,0,0,0,0,0,0,0,0,0,0,0,0,0,0,0,0,0,0,0
"2819102",0,0,0,0,0,0,0,0,0,0,0,0,0,0,0,0,0,0,0,0,0,0,0,0
"2820912",0,0,0,0,0,0,0,0,0,0,0,0,0,0,0,0,0,0,0,0,0,0,0,0
"2822843",0,0,0,0,0,0,0,0,0,0,0,0,0,0,0,0,0,0,0,0,0,0,0,0
"2822864",0,0,0,0,0,0,0,0,0,0,0,0,0,0,0,0,0,0,0,0,0,0,0,0
"2824520",0,0,0,0,0,0,0,0,0,0,0,0,0,0,0,0,0,0,0,0,0,0,0,0
"282712",0,0,0,0,0,0,0,0,0,0,0,0,0,0,0,0,0,0,0,0,0,0,0,0
"2827437",0,0,0,0,0,0,0,0,0,0,0,0,0,0,0,0,0,0,0,0,0,0,0,0
"2827439",0,0,0,0,0,0,0,0,0,0,0,0,0,0,0,0,0,0,0,0,0,0,0,0
"282786",0,0,0,0,0,0,0,0,0,0,0,0,0,0,0,0,0,0,0,0,0,0,0,0
"2829367",0,0,0,0,0,0,0,0,0,0,0,0,0,0,0,0,0,0,0,0,0,0,0,0
"2829835",0,0,0,0,0,0,0,0,0,0,0,0,0,0,0,0,0,0,0,0,0,0,0,0
"28300",0,0,0,0,0,0,0,0,0,0,0,0,0,0,0,0,0,0,0,0,0,0,0,0
"2830843",0,0,0,0,0,0,0,0,0,0,0,0,0,0,0,0,0,0,0,0,0,0,0,0
"2831178",0,0,0,0,0,0,0,0,0,0,0,0,0,0,0,0,0,0,0,0,0,0,0,0
"2831966",0,0,0,0,0,0,0,0,0,0,0,0,0,0,0,0,0,0,0,0,0,0,0,0
"28322",0,0,0,0,0,0,0,0,0,0,0,0,0,0,0,0,0,0,0,0,0,0,0,0
"2833771",0,0,0,0,0,0,0,0,0,0,0,0,0,0,0,0,0,0,0,0,0,0,0,0
"2833772",0,0,0,0,0,0,0,0,0,0,0,0,0,0,0,0,0,0,0,0,0,0,0,0
"2834247",0,0,0,0,0,0,0,0,0,0,0,0,0,0,0,0,0,0,0,0,0,0,0,0
"2834265",0,0,0,0,0,0,0,0,0,0,0,0,0,0,0,0,0,0,0,0,0,0,0,0
"2834422",0,0,0,0,0,0,0,0,0,0,0,0,0,0,0,0,0,0,0,0,0,0,0,0
"28347",0,0,0,0,0,0,0,0,0,0,0,0,0,0,0,0,0,0,0,0,0,0,0,0
"28350",0,0,0,0,0,0,0,0,0,0,0,0,0,0,0,0,0,0,0,0,0,0,0,0
"28355",0,0,0,0,0,0,0,0,0,0,0,0,0,0,0,0,0,0,0,0,0,0,0,0
"2835563",0,0,0,0,0,0,0,0,0,0,0,0,0,0,0,0,0,0,0,0,0,0,0,0
"2835654",0,0,0,0,0,0,0,0,0,0,0,0,0,0,0,0,0,0,0,0,0,0,0,0
"2835941",0,0,0,0,0,0,0,0,0,0,0,0,0,0,0,0,0,0,0,0,0,0,0,0
"2836142",0,0,0,0,0,0,0,0,0,0,0,0,0,0,0,0,0,0,0,0,0,0,0,0
"2836297",0,0,0,0,0,0,0,0,0,0,0,0,0,0,0,0,0,0,0,0,0,0,0,0
"2836364",0,0,0,0,0,0,0,0,0,0,0,0,0,0,0,0,0,0,0,0,0,0,0,0
"2836365",0,0,0,0,0,0,0,0,0,0,0,0,0,0,0,0,0,0,0,0,0,0,0,0
"2836367",0,0,0,0,0,0,0,0,0,0,0,0,0,0,0,0,0,0,0,0,0,0,0,0
"2838077",0,0,0,0,0,0,0,0,0,0,0,0,0,0,0,0,0,0,0,0,0,0,0,0
"2838134",0,0,0,0,0,0,0,0,0,0,0,0,0,0,0,0,0,0,0,0,0,0,0,0
"283824",0,0,0,0,0,0,0,0,0,0,0,0,0,0,0,0,0,0,0,0,0,0,0,0
"2838328",0,0,0,0,0,0,0,0,0,0,0,0,0,0,0,0,0,0,0,0,0,0,0,0
"2838395",0,0,0,0,0,0,0,0,0,0,0,0,0,0,0,0,0,0,0,0,0,0,0,0
"2839003",0,0,0,0,0,0,0,0,0,0,0,0,0,0,0,0,0,0,0,0,0,0,0,0
"2840017",0,0,0,0,0,0,0,0,0,0,0,0,0,0,0,0,0,0,0,0,0,0,0,0
"2840018",0,0,0,0,0,0,0,0,0,0,0,0,0,0,0,0,0,0,0,0,0,0,0,0
"2840070",0,0,0,0,0,0,0,0,0,0,0,0,0,0,0,0,0,0,0,0,0,0,0,0
"2841037",0,0,0,0,0,0,0,0,0,0,0,0,0,0,0,0,0,0,0,0,0,0,0,0
"2841300",0,0,0,0,0,0,0,0,0,0,0,0,0,0,0,0,0,0,0,0,0,0,0,0
"2842319",0,0,0,0,0,0,0,0,0,0,0,0,0,0,0,0,0,0,0,0,0,0,0,0
"2842328",0,0,0,0,0,0,0,0,0,0,0,0,0,0,0,0,0,0,0,0,0,0,0,0
"2842332",0,0,0,0,0,0,0,0,0,0,0,0,0,0,0,0,0,0,0,0,0,0,0,0
"2842394",0,0,0,0,0,0,0,0,0,0,0,0,0,0,0,0,0,0,0,0,0,0,0,0
"2842397",0,0,0,0,0,0,0,0,0,0,0,0,0,0,0,0,0,0,0,0,0,0,0,0
"28425",0,0,0,0,0,0,0,0,0,0,0,0,0,0,0,0,0,0,0,0,0,0,0,0
"2842570",0,0,0,0,0,0,0,0,0,0,0,0,0,0,0,0,0,0,0,0,0,0,0,0
"2842573",0,0,0,0,0,0,0,0,0,0,0,0,0,0,0,0,0,0,0,0,0,0,0,0
"2842583",0,0,0,0,0,0,0,0,0,0,0,0,0,0,0,0,0,0,0,0,0,0,0,0
"2842593",0,0,0,0,0,0,0,0,0,0,0,0,0,0,0,0,0,0,0,0,0,0,0,0
"2842616",0,0,0,0,0,0,0,0,0,0,0,0,0,0,0,0,0,0,0,0,0,0,0,0
"2842710",0,0,0,0,0,0,0,0,0,0,0,0,0,0,0,0,0,0,0,0,0,0,0,0
"2842716",0,0,0,0,0,0,0,0,0,0,0,0,0,0,0,0,0,0,0,0,0,0,0,0
"2842721",0,0,0,0,0,0,0,0,0,0,0,0,0,0,0,0,0,0,0,0,0,0,0,0
"2842725",0,0,0,0,0,0,0,0,0,0,0,0,0,0,0,0,0,0,0,0,0,0,0,0
"2842738",0,0,0,0,0,0,0,0,0,0,0,0,0,0,0,0,0,0,0,0,0,0,0,0
"2842740",0,0,0,0,0,0,0,0,0,0,0,0,0,0,0,0,0,0,0,0,0,0,0,0
"2842752",0,0,0,0,0,0,0,0,0,0,0,0,0,0,0,0,0,0,0,0,0,0,0,0
"2842756",0,0,0,0,0,0,0,0,0,0,0,0,0,0,0,0,0,0,0,0,0,0,0,0
"2842862",0,0,0,0,0,0,0,0,0,0,0,0,0,0,0,0,0,0,0,0,0,0,0,0
"2842870",0,0,0,0,0,0,0,0,0,0,0,0,0,0,0,0,0,0,0,0,0,0,0,0
"2842946",0,0,0,0,0,0,0,0,0,0,0,0,0,0,0,0,0,0,0,0,0,0,0,0
"2842950",0,0,0,0,0,0,0,0,0,0,0,0,0,0,0,0,0,0,0,0,0,0,0,0
"2842966",0,0,0,0,0,0,0,0,0,0,0,0,0,0,0,0,0,0,0,0,0,0,0,0
"2842993",0,0,0,0,0,0,0,0,0,0,0,0,0,0,0,0,0,0,0,0,0,0,0,0
"2843096",0,0,0,0,0,0,0,0,0,0,0,0,0,0,0,0,0,0,0,0,0,0,0,0
"2843141",0,0,0,0,0,0,0,0,0,0,0,0,0,0,0,0,0,0,0,0,0,0,0,0
"2843343",0,0,0,0,0,0,0,0,0,0,0,0,0,0,0,0,0,0,0,0,0,0,0,0
"2843368",0,0,0,0,0,0,0,0,0,0,0,0,0,0,0,0,0,0,0,0,0,0,0,0
"2843370",0,0,0,0,0,0,0,0,0,0,0,0,0,0,0,0,0,0,0,0,0,0,0,0
"2843383",0,0,0,0,0,0,0,0,0,0,0,0,0,0,0,0,0,0,0,0,0,0,0,0
"2843397",0,0,0,0,0,0,0,0,0,0,0,0,0,0,0,0,0,0,0,0,0,0,0,0
"2843416",0,0,0,0,0,0,0,0,0,0,0,0,0,0,0,0,0,0,0,0,0,0,0,0
"2843419",0,0,0,0,0,0,0,0,0,0,0,0,0,0,0,0,0,0,0,0,0,0,0,0
"2843425",0,0,0,0,0,0,0,0,0,0,0,0,0,0,0,0,0,0,0,0,0,0,0,0
"2843428",0,0,0,0,0,0,0,0,0,0,0,0,0,0,0,0,0,0,0,0,0,0,0,0
"2843445",0,0,0,0,0,0,0,0,0,0,0,0,0,0,0,0,0,0,0,0,0,0,0,0
"2843447",0,0,0,0,0,0,0,0,0,0,0,0,0,0,0,0,0,0,0,0,0,0,0,0
"2843455",0,0,0,0,0,0,0,0,0,0,0,0,0,0,0,0,0,0,0,0,0,0,0,0
"2843470",0,0,0,0,0,0,0,0,0,0,0,0,0,0,0,0,0,0,0,0,0,0,0,0
"2843476",0,0,0,0,0,0,0,0,0,0,0,0,0,0,0,0,0,0,0,0,0,0,0,0
"2843482",0,0,0,0,0,0,0,0,0,0,0,0,0,0,0,0,0,0,0,0,0,0,0,0
"2843613",0,0,0,0,0,0,0,0,0,0,0,0,0,0,0,0,0,0,0,0,0,0,0,0
"2843616",0,0,0,0,0,0,0,0,0,0,0,0,0,0,0,0,0,0,0,0,0,0,0,0
"2843618",0,0,0,0,0,0,0,0,0,0,0,0,0,0,0,0,0,0,0,0,0,0,0,0
"2843619",0,0,0,0,0,0,0,0,0,0,0,0,0,0,0,0,0,0,0,0,0,0,0,0
"2843627",0,0,0,0,0,0,0,0,0,0,0,0,0,0,0,0,0,0,0,0,0,0,0,0
"2843631",0,0,0,0,0,0,0,0,0,0,0,0,0,0,0,0,0,0,0,0,0,0,0,0
"2843636",0,0,0,0,0,0,0,0,0,0,0,0,0,0,0,0,0,0,0,0,0,0,0,0
"2843637",0,0,0,0,0,0,0,0,0,0,0,0,0,0,0,0,0,0,0,0,0,0,0,0
"2843643",0,0,0,0,0,0,0,0,0,0,0,0,0,0,0,0,0,0,0,0,0,0,0,0
"2843645",0,0,0,0,0,0,0,0,0,0,0,0,0,0,0,0,0,0,0,0,0,0,0,0
"2843647",0,0,0,0,0,0,0,0,0,0,0,0,0,0,0,0,0,0,0,0,0,0,0,0
"2843651",0,0,0,0,0,0,0,0,0,0,0,0,0,0,0,0,0,0,0,0,0,0,0,0
"2843652",0,0,0,0,0,0,0,0,0,0,0,0,0,0,0,0,0,0,0,0,0,0,0,0
"2843654",0,0,0,0,0,0,0,0,0,0,0,0,0,0,0,0,0,0,0,0,0,0,0,0
"2843655",0,0,0,0,0,0,0,0,0,0,0,0,0,0,0,0,0,0,0,0,0,0,0,0
"2843657",0,0,0,0,0,0,0,0,0,0,0,0,0,0,0,0,0,0,0,0,0,0,0,0
"2843658",0,0,0,0,0,0,0,0,0,0,0,0,0,0,0,0,0,0,0,0,0,0,0,0
"2843661",0,0,0,0,0,0,0,0,0,0,0,0,0,0,0,0,0,0,0,0,0,0,0,0
"2843663",0,0,0,0,0,0,0,0,0,0,0,0,0,0,0,0,0,0,0,0,0,0,0,0
"2843666",0,0,0,0,0,0,0,0,0,0,0,0,0,0,0,0,0,0,0,0,0,0,0,0
"2843668",0,0,0,0,0,0,0,0,0,0,0,0,0,0,0,0,0,0,0,0,0,0,0,0
"2843676",0,0,0,0,0,0,0,0,0,0,0,0,0,0,0,0,0,0,0,0,0,0,0,0
"2843679",0,0,0,0,0,0,0,0,0,0,0,0,0,0,0,0,0,0,0,0,0,0,0,0
"2843681",0,0,0,0,0,0,0,0,0,0,0,0,0,0,0,0,0,0,0,0,0,0,0,0
"2843683",0,0,0,0,0,0,0,0,0,0,0,0,0,0,0,0,0,0,0,0,0,0,0,0
"2843684",0,0,0,0,0,0,0,0,0,0,0,0,0,0,0,0,0,0,0,0,0,0,0,0
"2843685",0,0,0,0,0,0,0,0,0,0,0,0,0,0,0,0,0,0,0,0,0,0,0,0
"2843686",0,0,0,0,0,0,0,0,0,0,0,0,0,0,0,0,0,0,0,0,0,0,0,0
"2843687",0,0,0,0,0,0,0,0,0,0,0,0,0,0,0,0,0,0,0,0,0,0,0,0
"2843688",0,0,0,0,0,0,0,0,0,0,0,0,0,0,0,0,0,0,0,0,0,0,0,0
"2843690",0,0,0,0,0,0,0,0,0,0,0,0,0,0,0,0,0,0,0,0,0,0,0,0
"2843691",0,0,0,0,0,0,0,0,0,0,0,0,0,0,0,0,0,0,0,0,0,0,0,0
"2843692",0,0,0,0,0,0,0,0,0,0,0,0,0,0,0,0,0,0,0,0,0,0,0,0
"2843693",0,0,0,0,0,0,0,0,0,0,0,0,0,0,0,0,0,0,0,0,0,0,0,0
"2843696",0,0,0,0,0,0,0,0,0,0,0,0,0,0,0,0,0,0,0,0,0,0,0,0
"2843697",0,0,0,0,0,0,0,0,0,0,0,0,0,0,0,0,0,0,0,0,0,0,0,0
"2843698",0,0,0,0,0,0,0,0,0,0,0,0,0,0,0,0,0,0,0,0,0,0,0,0
"2843699",0,0,0,0,0,0,0,0,0,0,0,0,0,0,0,0,0,0,0,0,0,0,0,0
"2843700",0,0,0,0,0,0,0,0,0,0,0,0,0,0,0,0,0,0,0,0,0,0,0,0
"2843701",0,0,0,0,0,0,0,0,0,0,0,0,0,0,0,0,0,0,0,0,0,0,0,0
"2843702",0,0,0,0,0,0,0,0,0,0,0,0,0,0,0,0,0,0,0,0,0,0,0,0
"2843703",0,0,0,0,0,0,0,0,0,0,0,0,0,0,0,0,0,0,0,0,0,0,0,0
"2843704",0,0,0,0,0,0,0,0,0,0,0,0,0,0,0,0,0,0,0,0,0,0,0,0
"2843705",0,0,0,0,0,0,0,0,0,0,0,0,0,0,0,0,0,0,0,0,0,0,0,0
"2843706",0,0,0,0,0,0,0,0,0,0,0,0,0,0,0,0,0,0,0,0,0,0,0,0
"2843708",0,0,0,0,0,0,0,0,0,0,0,0,0,0,0,0,0,0,0,0,0,0,0,0
"2843709",0,0,0,0,0,0,0,0,0,0,0,0,0,0,0,0,0,0,0,0,0,0,0,0
"2843710",0,0,0,0,0,0,0,0,0,0,0,0,0,0,0,0,0,0,0,0,0,0,0,0
"2843711",0,0,0,0,0,0,0,0,0,0,0,0,0,0,0,0,0,0,0,0,0,0,0,0
"2843712",0,0,0,0,0,0,0,0,0,0,0,0,0,0,0,0,0,0,0,0,0,0,0,0
"2843713",0,0,0,0,0,0,0,0,0,0,0,0,0,0,0,0,0,0,0,0,0,0,0,0
"2843714",0,0,0,0,0,0,0,0,0,0,0,0,0,0,0,0,0,0,0,0,0,0,0,0
"2843715",0,0,0,0,0,0,0,0,0,0,0,0,0,0,0,0,0,0,0,0,0,0,0,0
"2843716",0,0,0,0,0,0,0,0,0,0,0,0,0,0,0,0,0,0,0,0,0,0,0,0
"2843719",0,0,0,0,0,0,0,0,0,0,0,0,0,0,0,0,0,0,0,0,0,0,0,0
"2843720",0,0,0,0,0,0,0,0,0,0,0,0,0,0,0,0,0,0,0,0,0,0,0,0
"2843738",0,0,0,0,0,0,0,0,0,0,0,0,0,0,0,0,0,0,0,0,0,0,0,0
"2843740",0,0,0,0,0,0,0,0,0,0,0,0,0,0,0,0,0,0,0,0,0,0,0,0
"2843742",0,0,0,0,0,0,0,0,0,0,0,0,0,0,0,0,0,0,0,0,0,0,0,0
"2843745",0,0,0,0,0,0,0,0,0,0,0,0,0,0,0,0,0,0,0,0,0,0,0,0
"2843747",0,0,0,0,0,0,0,0,0,0,0,0,0,0,0,0,0,0,0,0,0,0,0,0
"2843750",0,0,0,0,0,0,0,0,0,0,0,0,0,0,0,0,0,0,0,0,0,0,0,0
"2843757",0,0,0,0,0,0,0,0,0,0,0,0,0,0,0,0,0,0,0,0,0,0,0,0
"2843758",0,0,0,0,0,0,0,0,0,0,0,0,0,0,0,0,0,0,0,0,0,0,0,0
"2843762",0,0,0,0,0,0,0,0,0,0,0,0,0,0,0,0,0,0,0,0,0,0,0,0
"2843763",0,0,0,0,0,0,0,0,0,0,0,0,0,0,0,0,0,0,0,0,0,0,0,0
"2843764",0,0,0,0,0,0,0,0,0,0,0,0,0,0,0,0,0,0,0,0,0,0,0,0
"2843765",0,0,0,0,0,0,0,0,0,0,0,0,0,0,0,0,0,0,0,0,0,0,0,0
"2843768",0,0,0,0,0,0,0,0,0,0,0,0,0,0,0,0,0,0,0,0,0,0,0,0
"2843769",0,0,0,0,0,0,0,0,0,0,0,0,0,0,0,0,0,0,0,0,0,0,0,0
"2843771",0,0,0,0,0,0,0,0,0,0,0,0,0,0,0,0,0,0,0,0,0,0,0,0
"2843772",0,0,0,0,0,0,0,0,0,0,0,0,0,0,0,0,0,0,0,0,0,0,0,0
"2843773",0,0,0,0,0,0,0,0,0,0,0,0,0,0,0,0,0,0,0,0,0,0,0,0
"2843774",0,0,0,0,0,0,0,0,0,0,0,0,0,0,0,0,0,0,0,0,0,0,0,0
"2843775",0,0,0,0,0,0,0,0,0,0,0,0,0,0,0,0,0,0,0,0,0,0,0,0
"2843778",0,0,0,0,0,0,0,0,0,0,0,0,0,0,0,0,0,0,0,0,0,0,0,0
"2843779",0,0,0,0,0,0,0,0,0,0,0,0,0,0,0,0,0,0,0,0,0,0,0,0
"2843780",0,0,0,0,0,0,0,0,0,0,0,0,0,0,0,0,0,0,0,0,0,0,0,0
"2843781",0,0,0,0,0,0,0,0,0,0,0,0,0,0,0,0,0,0,0,0,0,0,0,0
"2843782",0,0,0,0,0,0,0,0,0,0,0,0,0,0,0,0,0,0,0,0,0,0,0,0
"2843783",0,0,0,0,0,0,0,0,0,0,0,0,0,0,0,0,0,0,0,0,0,0,0,0
"2843784",0,0,0,0,0,0,0,0,0,0,0,0,0,0,0,0,0,0,0,0,0,0,0,0
"2843785",0,0,0,0,0,0,0,0,0,0,0,0,0,0,0,0,0,0,0,0,0,0,0,0
"2843788",0,0,0,0,0,0,0,0,0,0,0,0,0,0,0,0,0,0,0,0,0,0,0,0
"2843792",0,0,0,0,0,0,0,0,0,0,0,0,0,0,0,0,0,0,0,0,0,0,0,0
"2843795",0,0,0,0,0,0,0,0,0,0,0,0,0,0,0,0,0,0,0,0,0,0,0,0
"2843796",0,0,0,0,0,0,0,0,0,0,0,0,0,0,0,0,0,0,0,0,0,0,0,0
"2843798",0,0,0,0,0,0,0,0,0,0,0,0,0,0,0,0,0,0,0,0,0,0,0,0
"2843802",0,0,0,0,0,0,0,0,0,0,0,0,0,0,0,0,0,0,0,0,0,0,0,0
"2843803",0,0,0,0,0,0,0,0,0,0,0,0,0,0,0,0,0,0,0,0,0,0,0,0
"2843805",0,0,0,0,0,0,0,0,0,0,0,0,0,0,0,0,0,0,0,0,0,0,0,0
"2843809",0,0,0,0,0,0,0,0,0,0,0,0,0,0,0,0,0,0,0,0,0,0,0,0
"2843810",0,0,0,0,0,0,0,0,0,0,0,0,0,0,0,0,0,0,0,0,0,0,0,0
"2843811",0,0,0,0,0,0,0,0,0,0,0,0,0,0,0,0,0,0,0,0,0,0,0,0
"2843812",0,0,0,0,0,0,0,0,0,0,0,0,0,0,0,0,0,0,0,0,0,0,0,0
"2843813",0,0,0,0,0,0,0,0,0,0,0,0,0,0,0,0,0,0,0,0,0,0,0,0
"2843814",0,0,0,0,0,0,0,0,0,0,0,0,0,0,0,0,0,0,0,0,0,0,0,0
"2843815",0,0,0,0,0,0,0,0,0,0,0,0,0,0,0,0,0,0,0,0,0,0,0,0
"2843816",0,0,0,0,0,0,0,0,0,0,0,0,0,0,0,0,0,0,0,0,0,0,0,0
"2843819",0,0,0,0,0,0,0,0,0,0,0,0,0,0,0,0,0,0,0,0,0,0,0,0
"2843821",0,0,0,0,0,0,0,0,0,0,0,0,0,0,0,0,0,0,0,0,0,0,0,0
"2843822",0,0,0,0,0,0,0,0,0,0,0,0,0,0,0,0,0,0,0,0,0,0,0,0
"2843823",0,0,0,0,0,0,0,0,0,0,0,0,0,0,0,0,0,0,0,0,0,0,0,0
"2843825",0,0,0,0,0,0,0,0,0,0,0,0,0,0,0,0,0,0,0,0,0,0,0,0
"2843826",0,0,0,0,0,0,0,0,0,0,0,0,0,0,0,0,0,0,0,0,0,0,0,0
"2843829",0,0,0,0,0,0,0,0,0,0,0,0,0,0,0,0,0,0,0,0,0,0,0,0
"2843834",0,0,0,0,0,0,0,0,0,0,0,0,0,0,0,0,0,0,0,0,0,0,0,0
"2843835",0,0,0,0,0,0,0,0,0,0,0,0,0,0,0,0,0,0,0,0,0,0,0,0
"2843836",0,0,0,0,0,0,0,0,0,0,0,0,0,0,0,0,0,0,0,0,0,0,0,0
"2843838",0,0,0,0,0,0,0,0,0,0,0,0,0,0,0,0,0,0,0,0,0,0,0,0
"2843840",0,0,0,0,0,0,0,0,0,0,0,0,0,0,0,0,0,0,0,0,0,0,0,0
"2843842",0,0,0,0,0,0,0,0,0,0,0,0,0,0,0,0,0,0,0,0,0,0,0,0
"2843843",0,0,0,0,0,0,0,0,0,0,0,0,0,0,0,0,0,0,0,0,0,0,0,0
"2843844",0,0,0,0,0,0,0,0,0,0,0,0,0,0,0,0,0,0,0,0,0,0,0,0
"2843845",0,0,0,0,0,0,0,0,0,0,0,0,0,0,0,0,0,0,0,0,0,0,0,0
"2843848",0,0,0,0,0,0,0,0,0,0,0,0,0,0,0,0,0,0,0,0,0,0,0,0
"2843849",0,0,0,0,0,0,0,0,0,0,0,0,0,0,0,0,0,0,0,0,0,0,0,0
"2843850",0,0,0,0,0,0,0,0,0,0,0,0,0,0,0,0,0,0,0,0,0,0,0,0
"2843851",0,0,0,0,0,0,0,0,0,0,0,0,0,0,0,0,0,0,0,0,0,0,0,0
"2843852",0,0,0,0,0,0,0,0,0,0,0,0,0,0,0,0,0,0,0,0,0,0,0,0
"2843854",0,0,0,0,0,0,0,0,0,0,0,0,0,0,0,0,0,0,0,0,0,0,0,0
"2843855",0,0,0,0,0,0,0,0,0,0,0,0,0,0,0,0,0,0,0,0,0,0,0,0
"2843857",0,0,0,0,0,0,0,0,0,0,0,0,0,0,0,0,0,0,0,0,0,0,0,0
"2843858",0,0,0,0,0,0,0,0,0,0,0,0,0,0,0,0,0,0,0,0,0,0,0,0
"2843860",0,0,0,0,0,0,0,0,0,0,0,0,0,0,0,0,0,0,0,0,0,0,0,0
"2843861",0,0,0,0,0,0,0,0,0,0,0,0,0,0,0,0,0,0,0,0,0,0,0,0
"2843862",0,0,0,0,0,0,0,0,0,0,0,0,0,0,0,0,0,0,0,0,0,0,0,0
"2843863",0,0,0,0,0,0,0,0,0,0,0,0,0,0,0,0,0,0,0,0,0,0,0,0
"2843864",0,0,0,0,0,0,0,0,0,0,0,0,0,0,0,0,0,0,0,0,0,0,0,0
"2843865",0,0,0,0,0,0,0,0,0,0,0,0,0,0,0,0,0,0,0,0,0,0,0,0
"2843869",0,0,0,0,0,0,0,0,0,0,0,0,0,0,0,0,0,0,0,0,0,0,0,0
"2843870",0,0,0,0,0,0,0,0,0,0,0,0,0,0,0,0,0,0,0,0,0,0,0,0
"2843871",0,0,0,0,0,0,0,0,0,0,0,0,0,0,0,0,0,0,0,0,0,0,0,0
"2843872",0,0,0,0,0,0,0,0,0,0,0,0,0,0,0,0,0,0,0,0,0,0,0,0
"2843873",0,0,0,0,0,0,0,0,0,0,0,0,0,0,0,0,0,0,0,0,0,0,0,0
"2843877",0,0,0,0,0,0,0,0,0,0,0,0,0,0,0,0,0,0,0,0,0,0,0,0
"2843878",0,0,0,0,0,0,0,0,0,0,0,0,0,0,0,0,0,0,0,0,0,0,0,0
"2843879",0,0,0,0,0,0,0,0,0,0,0,0,0,0,0,0,0,0,0,0,0,0,0,0
"2843881",0,0,0,0,0,0,0,0,0,0,0,0,0,0,0,0,0,0,0,0,0,0,0,0
"2843883",0,0,0,0,0,0,0,0,0,0,0,0,0,0,0,0,0,0,0,0,0,0,0,0
"2843886",0,0,0,0,0,0,0,0,0,0,0,0,0,0,0,0,0,0,0,0,0,0,0,0
"2843887",0,0,0,0,0,0,0,0,0,0,0,0,0,0,0,0,0,0,0,0,0,0,0,0
"2843888",0,0,0,0,0,0,0,0,0,0,0,0,0,0,0,0,0,0,0,0,0,0,0,0
"2843890",0,0,0,0,0,0,0,0,0,0,0,0,0,0,0,0,0,0,0,0,0,0,0,0
"2843892",0,0,0,0,0,0,0,0,0,0,0,0,0,0,0,0,0,0,0,0,0,0,0,0
"2843894",0,0,0,0,0,0,0,0,0,0,0,0,0,0,0,0,0,0,0,0,0,0,0,0
"2843900",0,0,0,0,0,0,0,0,0,0,0,0,0,0,0,0,0,0,0,0,0,0,0,0
"2843903",0,0,0,0,0,0,0,0,0,0,0,0,0,0,0,0,0,0,0,0,0,0,0,0
"2843904",0,0,0,0,0,0,0,0,0,0,0,0,0,0,0,0,0,0,0,0,0,0,0,0
"2843905",0,0,0,0,0,0,0,0,0,0,0,0,0,0,0,0,0,0,0,0,0,0,0,0
"2843908",0,0,0,0,0,0,0,0,0,0,0,0,0,0,0,0,0,0,0,0,0,0,0,0
"2843917",0,0,0,0,0,0,0,0,0,0,0,0,0,0,0,0,0,0,0,0,0,0,0,0
"2843918",0,0,0,0,0,0,0,0,0,0,0,0,0,0,0,0,0,0,0,0,0,0,0,0
"2843919",0,0,0,0,0,0,0,0,0,0,0,0,0,0,0,0,0,0,0,0,0,0,0,0
"2843920",0,0,0,0,0,0,0,0,0,0,0,0,0,0,0,0,0,0,0,0,0,0,0,0
"2843921",0,0,0,0,0,0,0,0,0,0,0,0,0,0,0,0,0,0,0,0,0,0,0,0
"2843922",0,0,0,0,0,0,0,0,0,0,0,0,0,0,0,0,0,0,0,0,0,0,0,0
"2843925",0,0,0,0,0,0,0,0,0,0,0,0,0,0,0,0,0,0,0,0,0,0,0,0
"2843926",0,0,0,0,0,0,0,0,0,0,0,0,0,0,0,0,0,0,0,0,0,0,0,0
"2843927",0,0,0,0,0,0,0,0,0,0,0,0,0,0,0,0,0,0,0,0,0,0,0,0
"2843929",0,0,0,0,0,0,0,0,0,0,0,0,0,0,0,0,0,0,0,0,0,0,0,0
"2843933",0,0,0,0,0,0,0,0,0,0,0,0,0,0,0,0,0,0,0,0,0,0,0,0
"2843934",0,0,0,0,0,0,0,0,0,0,0,0,0,0,0,0,0,0,0,0,0,0,0,0
"2843935",0,0,0,0,0,0,0,0,0,0,0,0,0,0,0,0,0,0,0,0,0,0,0,0
"2843937",0,0,0,0,0,0,0,0,0,0,0,0,0,0,0,0,0,0,0,0,0,0,0,0
"2843938",0,0,0,0,0,0,0,0,0,0,0,0,0,0,0,0,0,0,0,0,0,0,0,0
"2843939",0,0,0,0,0,0,0,0,0,0,0,0,0,0,0,0,0,0,0,0,0,0,0,0
"2843940",0,0,0,0,0,0,0,0,0,0,0,0,0,0,0,0,0,0,0,0,0,0,0,0
"2843942",0,0,0,0,0,0,0,0,0,0,0,0,0,0,0,0,0,0,0,0,0,0,0,0
"2843943",0,0,0,0,0,0,0,0,0,0,0,0,0,0,0,0,0,0,0,0,0,0,0,0
"2843945",0,0,0,0,0,0,0,0,0,0,0,0,0,0,0,0,0,0,0,0,0,0,0,0
"2843946",0,0,0,0,0,0,0,0,0,0,0,0,0,0,0,0,0,0,0,0,0,0,0,0
"2843947",0,0,0,0,0,0,0,0,0,0,0,0,0,0,0,0,0,0,0,0,0,0,0,0
"2843950",0,0,0,0,0,0,0,0,0,0,0,0,0,0,0,0,0,0,0,0,0,0,0,0
"2843951",0,0,0,0,0,0,0,0,0,0,0,0,0,0,0,0,0,0,0,0,0,0,0,0
"2843954",0,0,0,0,0,0,0,0,0,0,0,0,0,0,0,0,0,0,0,0,0,0,0,0
"2843956",0,0,0,0,0,0,0,0,0,0,0,0,0,0,0,0,0,0,0,0,0,0,0,0
"2843958",0,0,0,0,0,0,0,0,0,0,0,0,0,0,0,0,0,0,0,0,0,0,0,0
"2843959",0,0,0,0,0,0,0,0,0,0,0,0,0,0,0,0,0,0,0,0,0,0,0,0
"2843961",0,0,0,0,0,0,0,0,0,0,0,0,0,0,0,0,0,0,0,0,0,0,0,0
"2843965",0,0,0,0,0,0,0,0,0,0,0,0,0,0,0,0,0,0,0,0,0,0,0,0
"2843966",0,0,0,0,0,0,0,0,0,0,0,0,0,0,0,0,0,0,0,0,0,0,0,0
"2843967",0,0,0,0,0,0,0,0,0,0,0,0,0,0,0,0,0,0,0,0,0,0,0,0
"2843968",0,0,0,0,0,0,0,0,0,0,0,0,0,0,0,0,0,0,0,0,0,0,0,0
"2843969",0,0,0,0,0,0,0,0,0,0,0,0,0,0,0,0,0,0,0,0,0,0,0,0
"2843970",0,0,0,0,0,0,0,0,0,0,0,0,0,0,0,0,0,0,0,0,0,0,0,0
"2843972",0,0,0,0,0,0,0,0,0,0,0,0,0,0,0,0,0,0,0,0,0,0,0,0
"2843974",0,0,0,0,0,0,0,0,0,0,0,0,0,0,0,0,0,0,0,0,0,0,0,0
"2843979",0,0,0,0,0,0,0,0,0,0,0,0,0,0,0,0,0,0,0,0,0,0,0,0
"2843980",0,0,0,0,0,0,0,0,0,0,0,0,0,0,0,0,0,0,0,0,0,0,0,0
"2843984",0,0,0,0,0,0,0,0,0,0,0,0,0,0,0,0,0,0,0,0,0,0,0,0
"2843986",0,0,0,0,0,0,0,0,0,0,0,0,0,0,0,0,0,0,0,0,0,0,0,0
"2843987",0,0,0,0,0,0,0,0,0,0,0,0,0,0,0,0,0,0,0,0,0,0,0,0
"2843988",0,0,0,0,0,0,0,0,0,0,0,0,0,0,0,0,0,0,0,0,0,0,0,0
"2843989",0,0,0,0,0,0,0,0,0,0,0,0,0,0,0,0,0,0,0,0,0,0,0,0
"2843991",0,0,0,0,0,0,0,0,0,0,0,0,0,0,0,0,0,0,0,0,0,0,0,0
"2843992",0,0,0,0,0,0,0,0,0,0,0,0,0,0,0,0,0,0,0,0,0,0,0,0
"2843995",0,0,0,0,0,0,0,0,0,0,0,0,0,0,0,0,0,0,0,0,0,0,0,0
"2843999",0,0,0,0,0,0,0,0,0,0,0,0,0,0,0,0,0,0,0,0,0,0,0,0
"2844002",0,0,0,0,0,0,0,0,0,0,0,0,0,0,0,0,0,0,0,0,0,0,0,0
"2844005",0,0,0,0,0,0,0,0,0,0,0,0,0,0,0,0,0,0,0,0,0,0,0,0
"2844006",0,0,0,0,0,0,0,0,0,0,0,0,0,0,0,0,0,0,0,0,0,0,0,0
"2844007",0,0,0,0,0,0,0,0,0,0,0,0,0,0,0,0,0,0,0,0,0,0,0,0
"2844009",0,0,0,0,0,0,0,0,0,0,0,0,0,0,0,0,0,0,0,0,0,0,0,0
"2844010",0,0,0,0,0,0,0,0,0,0,0,0,0,0,0,0,0,0,0,0,0,0,0,0
"2844013",0,0,0,0,0,0,0,0,0,0,0,0,0,0,0,0,0,0,0,0,0,0,0,0
"2844014",0,0,0,0,0,0,0,0,0,0,0,0,0,0,0,0,0,0,0,0,0,0,0,0
"2844020",0,0,0,0,0,0,0,0,0,0,0,0,0,0,0,0,0,0,0,0,0,0,0,0
"2844027",0,0,0,0,0,0,0,0,0,0,0,0,0,0,0,0,0,0,0,0,0,0,0,0
"2844030",0,0,0,0,0,0,0,0,0,0,0,0,0,0,0,0,0,0,0,0,0,0,0,0
"2844031",0,0,0,0,0,0,0,0,0,0,0,0,0,0,0,0,0,0,0,0,0,0,0,0
"2844035",0,0,0,0,0,0,0,0,0,0,0,0,0,0,0,0,0,0,0,0,0,0,0,0
"2844038",0,0,0,0,0,0,0,0,0,0,0,0,0,0,0,0,0,0,0,0,0,0,0,0
"2844039",0,0,0,0,0,0,0,0,0,0,0,0,0,0,0,0,0,0,0,0,0,0,0,0
"2844041",0,0,0,0,0,0,0,0,0,0,0,0,0,0,0,0,0,0,0,0,0,0,0,0
"2844042",0,0,0,0,0,0,0,0,0,0,0,0,0,0,0,0,0,0,0,0,0,0,0,0
"2844044",0,0,0,0,0,0,0,0,0,0,0,0,0,0,0,0,0,0,0,0,0,0,0,0
"2844045",0,0,0,0,0,0,0,0,0,0,0,0,0,0,0,0,0,0,0,0,0,0,0,0
"2844047",0,0,0,0,0,0,0,0,0,0,0,0,0,0,0,0,0,0,0,0,0,0,0,0
"2844048",0,0,0,0,0,0,0,0,0,0,0,0,0,0,0,0,0,0,0,0,0,0,0,0
"2844051",0,0,0,0,0,0,0,0,0,0,0,0,0,0,0,0,0,0,0,0,0,0,0,0
"2844053",0,0,0,0,0,0,0,0,0,0,0,0,0,0,0,0,0,0,0,0,0,0,0,0
"2844054",0,0,0,0,0,0,0,0,0,0,0,0,0,0,0,0,0,0,0,0,0,0,0,0
"2844059",0,0,0,0,0,0,0,0,0,0,0,0,0,0,0,0,0,0,0,0,0,0,0,0
"2844063",0,0,0,0,0,0,0,0,0,0,0,0,0,0,0,0,0,0,0,0,0,0,0,0
"2844068",0,0,0,0,0,0,0,0,0,0,0,0,0,0,0,0,0,0,0,0,0,0,0,0
"2844069",0,0,0,0,0,0,0,0,0,0,0,0,0,0,0,0,0,0,0,0,0,0,0,0
"2844074",0,0,0,0,0,0,0,0,0,0,0,0,0,0,0,0,0,0,0,0,0,0,0,0
"2844075",0,0,0,0,0,0,0,0,0,0,0,0,0,0,0,0,0,0,0,0,0,0,0,0
"2844078",0,0,0,0,0,0,0,0,0,0,0,0,0,0,0,0,0,0,0,0,0,0,0,0
"2844080",0,0,0,0,0,0,0,0,0,0,0,0,0,0,0,0,0,0,0,0,0,0,0,0
"2844081",0,0,0,0,0,0,0,0,0,0,0,0,0,0,0,0,0,0,0,0,0,0,0,0
"2844082",0,0,0,0,0,0,0,0,0,0,0,0,0,0,0,0,0,0,0,0,0,0,0,0
"2844083",0,0,0,0,0,0,0,0,0,0,0,0,0,0,0,0,0,0,0,0,0,0,0,0
"2844084",0,0,0,0,0,0,0,0,0,0,0,0,0,0,0,0,0,0,0,0,0,0,0,0
"2844085",0,0,0,0,0,0,0,0,0,0,0,0,0,0,0,0,0,0,0,0,0,0,0,0
"2844086",0,0,0,0,0,0,0,0,0,0,0,0,0,0,0,0,0,0,0,0,0,0,0,0
"2844090",0,0,0,0,0,0,0,0,0,0,0,0,0,0,0,0,0,0,0,0,0,0,0,0
"2844092",0,0,0,0,0,0,0,0,0,0,0,0,0,0,0,0,0,0,0,0,0,0,0,0
"2844093",0,0,0,0,0,0,0,0,0,0,0,0,0,0,0,0,0,0,0,0,0,0,0,0
"2844094",0,0,0,0,0,0,0,0,0,0,0,0,0,0,0,0,0,0,0,0,0,0,0,0
"2844095",0,0,0,0,0,0,0,0,0,0,0,0,0,0,0,0,0,0,0,0,0,0,0,0
"2844096",0,0,0,0,0,0,0,0,0,0,0,0,0,0,0,0,0,0,0,0,0,0,0,0
"2844098",0,0,0,0,0,0,0,0,0,0,0,0,0,0,0,0,0,0,0,0,0,0,0,0
"2844105",0,0,0,0,0,0,0,0,0,0,0,0,0,0,0,0,0,0,0,0,0,0,0,0
"2844106",0,0,0,0,0,0,0,0,0,0,0,0,0,0,0,0,0,0,0,0,0,0,0,0
"2844107",0,0,0,0,0,0,0,0,0,0,0,0,0,0,0,0,0,0,0,0,0,0,0,0
"2844113",0,0,0,0,0,0,0,0,0,0,0,0,0,0,0,0,0,0,0,0,0,0,0,0
"2844116",0,0,0,0,0,0,0,0,0,0,0,0,0,0,0,0,0,0,0,0,0,0,0,0
"2844117",0,0,0,0,0,0,0,0,0,0,0,0,0,0,0,0,0,0,0,0,0,0,0,0
"2844118",0,0,0,0,0,0,0,0,0,0,0,0,0,0,0,0,0,0,0,0,0,0,0,0
"2844123",0,0,0,0,0,0,0,0,0,0,0,0,0,0,0,0,0,0,0,0,0,0,0,0
"2844124",0,0,0,0,0,0,0,0,0,0,0,0,0,0,0,0,0,0,0,0,0,0,0,0
"2844126",0,0,0,0,0,0,0,0,0,0,0,0,0,0,0,0,0,0,0,0,0,0,0,0
"2844127",0,0,0,0,0,0,0,0,0,0,0,0,0,0,0,0,0,0,0,0,0,0,0,0
"2844128",0,0,0,0,0,0,0,0,0,0,0,0,0,0,0,0,0,0,0,0,0,0,0,0
"2844130",0,0,0,0,0,0,0,0,0,0,0,0,0,0,0,0,0,0,0,0,0,0,0,0
"2844131",0,0,0,0,0,0,0,0,0,0,0,0,0,0,0,0,0,0,0,0,0,0,0,0
"2844132",0,0,0,0,0,0,0,0,0,0,0,0,0,0,0,0,0,0,0,0,0,0,0,0
"2844135",0,0,0,0,0,0,0,0,0,0,0,0,0,0,0,0,0,0,0,0,0,0,0,0
"2844138",0,0,0,0,0,0,0,0,0,0,0,0,0,0,0,0,0,0,0,0,0,0,0,0
"2844139",0,0,0,0,0,0,0,0,0,0,0,0,0,0,0,0,0,0,0,0,0,0,0,0
"2844140",0,0,0,0,0,0,0,0,0,0,0,0,0,0,0,0,0,0,0,0,0,0,0,0
"2844141",0,0,0,0,0,0,0,0,0,0,0,0,0,0,0,0,0,0,0,0,0,0,0,0
"2844142",0,0,0,0,0,0,0,0,0,0,0,0,0,0,0,0,0,0,0,0,0,0,0,0
"2844143",0,0,0,0,0,0,0,0,0,0,0,0,0,0,0,0,0,0,0,0,0,0,0,0
"2844144",0,0,0,0,0,0,0,0,0,0,0,0,0,0,0,0,0,0,0,0,0,0,0,0
"2844146",0,0,0,0,0,0,0,0,0,0,0,0,0,0,0,0,0,0,0,0,0,0,0,0
"2844147",0,0,0,0,0,0,0,0,0,0,0,0,0,0,0,0,0,0,0,0,0,0,0,0
"2844149",0,0,0,0,0,0,0,0,0,0,0,0,0,0,0,0,0,0,0,0,0,0,0,0
"2844150",0,0,0,0,0,0,0,0,0,0,0,0,0,0,0,0,0,0,0,0,0,0,0,0
"2844152",0,0,0,0,0,0,0,0,0,0,0,0,0,0,0,0,0,0,0,0,0,0,0,0
"2844153",0,0,0,0,0,0,0,0,0,0,0,0,0,0,0,0,0,0,0,0,0,0,0,0
"2844154",0,0,0,0,0,0,0,0,0,0,0,0,0,0,0,0,0,0,0,0,0,0,0,0
"2844155",0,0,0,0,0,0,0,0,0,0,0,0,0,0,0,0,0,0,0,0,0,0,0,0
"2844156",0,0,0,0,0,0,0,0,0,0,0,0,0,0,0,0,0,0,0,0,0,0,0,0
"2844161",0,0,0,0,0,0,0,0,0,0,0,0,0,0,0,0,0,0,0,0,0,0,0,0
"2844168",0,0,0,0,0,0,0,0,0,0,0,0,0,0,0,0,0,0,0,0,0,0,0,0
"2844169",0,0,0,0,0,0,0,0,0,0,0,0,0,0,0,0,0,0,0,0,0,0,0,0
"2844171",0,0,0,0,0,0,0,0,0,0,0,0,0,0,0,0,0,0,0,0,0,0,0,0
"2844178",0,0,0,0,0,0,0,0,0,0,0,0,0,0,0,0,0,0,0,0,0,0,0,0
"2844180",0,0,0,0,0,0,0,0,0,0,0,0,0,0,0,0,0,0,0,0,0,0,0,0
"2844181",0,0,0,0,0,0,0,0,0,0,0,0,0,0,0,0,0,0,0,0,0,0,0,0
"2844185",0,0,0,0,0,0,0,0,0,0,0,0,0,0,0,0,0,0,0,0,0,0,0,0
"2844186",0,0,0,0,0,0,0,0,0,0,0,0,0,0,0,0,0,0,0,0,0,0,0,0
"2844187",0,0,0,0,0,0,0,0,0,0,0,0,0,0,0,0,0,0,0,0,0,0,0,0
"2844189",0,0,0,0,0,0,0,0,0,0,0,0,0,0,0,0,0,0,0,0,0,0,0,0
"2844191",0,0,0,0,0,0,0,0,0,0,0,0,0,0,0,0,0,0,0,0,0,0,0,0
"2844192",0,0,0,0,0,0,0,0,0,0,0,0,0,0,0,0,0,0,0,0,0,0,0,0
"2844194",0,0,0,0,0,0,0,0,0,0,0,0,0,0,0,0,0,0,0,0,0,0,0,0
"2844195",0,0,0,0,0,0,0,0,0,0,0,0,0,0,0,0,0,0,0,0,0,0,0,0
"2844196",0,0,0,0,0,0,0,0,0,0,0,0,0,0,0,0,0,0,0,0,0,0,0,0
"2844197",0,0,0,0,0,0,0,0,0,0,0,0,0,0,0,0,0,0,0,0,0,0,0,0
"2844199",0,0,0,0,0,0,0,0,0,0,0,0,0,0,0,0,0,0,0,0,0,0,0,0
"2844201",0,0,0,0,0,0,0,0,0,0,0,0,0,0,0,0,0,0,0,0,0,0,0,0
"2844203",0,0,0,0,0,0,0,0,0,0,0,0,0,0,0,0,0,0,0,0,0,0,0,0
"2844206",0,0,0,0,0,0,0,0,0,0,0,0,0,0,0,0,0,0,0,0,0,0,0,0
"2844208",0,0,0,0,0,0,0,0,0,0,0,0,0,0,0,0,0,0,0,0,0,0,0,0
"2844209",0,0,0,0,0,0,0,0,0,0,0,0,0,0,0,0,0,0,0,0,0,0,0,0
"2844210",0,0,0,0,0,0,0,0,0,0,0,0,0,0,0,0,0,0,0,0,0,0,0,0
"2844213",0,0,0,0,0,0,0,0,0,0,0,0,0,0,0,0,0,0,0,0,0,0,0,0
"2844215",0,0,0,0,0,0,0,0,0,0,0,0,0,0,0,0,0,0,0,0,0,0,0,0
"2844220",0,0,0,0,0,0,0,0,0,0,0,0,0,0,0,0,0,0,0,0,0,0,0,0
"2844223",0,0,0,0,0,0,0,0,0,0,0,0,0,0,0,0,0,0,0,0,0,0,0,0
"2844225",0,0,0,0,0,0,0,0,0,0,0,0,0,0,0,0,0,0,0,0,0,0,0,0
"2844227",0,0,0,0,0,0,0,0,0,0,0,0,0,0,0,0,0,0,0,0,0,0,0,0
"2844229",0,0,0,0,0,0,0,0,0,0,0,0,0,0,0,0,0,0,0,0,0,0,0,0
"2844231",0,0,0,0,0,0,0,0,0,0,0,0,0,0,0,0,0,0,0,0,0,0,0,0
"2844232",0,0,0,0,0,0,0,0,0,0,0,0,0,0,0,0,0,0,0,0,0,0,0,0
"2844235",0,0,0,0,0,0,0,0,0,0,0,0,0,0,0,0,0,0,0,0,0,0,0,0
"2844238",0,0,0,0,0,0,0,0,0,0,0,0,0,0,0,0,0,0,0,0,0,0,0,0
"2844239",0,0,0,0,0,0,0,0,0,0,0,0,0,0,0,0,0,0,0,0,0,0,0,0
"2844240",0,0,0,0,0,0,0,0,0,0,0,0,0,0,0,0,0,0,0,0,0,0,0,0
"2844241",0,0,0,0,0,0,0,0,0,0,0,0,0,0,0,0,0,0,0,0,0,0,0,0
"2844242",0,0,0,0,0,0,0,0,0,0,0,0,0,0,0,0,0,0,0,0,0,0,0,0
"2844243",0,0,0,0,0,0,0,0,0,0,0,0,0,0,0,0,0,0,0,0,0,0,0,0
"2844245",0,0,0,0,0,0,0,0,0,0,0,0,0,0,0,0,0,0,0,0,0,0,0,0
"2844249",0,0,0,0,0,0,0,0,0,0,0,0,0,0,0,0,0,0,0,0,0,0,0,0
"2844253",0,0,0,0,0,0,0,0,0,0,0,0,0,0,0,0,0,0,0,0,0,0,0,0
"2844254",0,0,0,0,0,0,0,0,0,0,0,0,0,0,0,0,0,0,0,0,0,0,0,0
"2844255",0,0,0,0,0,0,0,0,0,0,0,0,0,0,0,0,0,0,0,0,0,0,0,0
"2844258",0,0,0,0,0,0,0,0,0,0,0,0,0,0,0,0,0,0,0,0,0,0,0,0
"2844259",0,0,0,0,0,0,0,0,0,0,0,0,0,0,0,0,0,0,0,0,0,0,0,0
"2844260",0,0,0,0,0,0,0,0,0,0,0,0,0,0,0,0,0,0,0,0,0,0,0,0
"2844263",0,0,0,0,0,0,0,0,0,0,0,0,0,0,0,0,0,0,0,0,0,0,0,0
"2844264",0,0,0,0,0,0,0,0,0,0,0,0,0,0,0,0,0,0,0,0,0,0,0,0
"2844265",0,0,0,0,0,0,0,0,0,0,0,0,0,0,0,0,0,0,0,0,0,0,0,0
"2844266",0,0,0,0,0,0,0,0,0,0,0,0,0,0,0,0,0,0,0,0,0,0,0,0
"2844271",0,0,0,0,0,0,0,0,0,0,0,0,0,0,0,0,0,0,0,0,0,0,0,0
"2844273",0,0,0,0,0,0,0,0,0,0,0,0,0,0,0,0,0,0,0,0,0,0,0,0
"2844275",0,0,0,0,0,0,0,0,0,0,0,0,0,0,0,0,0,0,0,0,0,0,0,0
"2844276",0,0,0,0,0,0,0,0,0,0,0,0,0,0,0,0,0,0,0,0,0,0,0,0
"2844277",0,0,0,0,0,0,0,0,0,0,0,0,0,0,0,0,0,0,0,0,0,0,0,0
"2844278",0,0,0,0,0,0,0,0,0,0,0,0,0,0,0,0,0,0,0,0,0,0,0,0
"2844280",0,0,0,0,0,0,0,0,0,0,0,0,0,0,0,0,0,0,0,0,0,0,0,0
"2844284",0,0,0,0,0,0,0,0,0,0,0,0,0,0,0,0,0,0,0,0,0,0,0,0
"2844286",0,0,0,0,0,0,0,0,0,0,0,0,0,0,0,0,0,0,0,0,0,0,0,0
"2844287",0,0,0,0,0,0,0,0,0,0,0,0,0,0,0,0,0,0,0,0,0,0,0,0
"2844288",0,0,0,0,0,0,0,0,0,0,0,0,0,0,0,0,0,0,0,0,0,0,0,0
"2844289",0,0,0,0,0,0,0,0,0,0,0,0,0,0,0,0,0,0,0,0,0,0,0,0
"2844291",0,0,0,0,0,0,0,0,0,0,0,0,0,0,0,0,0,0,0,0,0,0,0,0
"2844292",0,0,0,0,0,0,0,0,0,0,0,0,0,0,0,0,0,0,0,0,0,0,0,0
"2844294",0,0,0,0,0,0,0,0,0,0,0,0,0,0,0,0,0,0,0,0,0,0,0,0
"2844295",0,0,0,0,0,0,0,0,0,0,0,0,0,0,0,0,0,0,0,0,0,0,0,0
"2844297",0,0,0,0,0,0,0,0,0,0,0,0,0,0,0,0,0,0,0,0,0,0,0,0
"2844298",0,0,0,0,0,0,0,0,0,0,0,0,0,0,0,0,0,0,0,0,0,0,0,0
"2844301",0,0,0,0,0,0,0,0,0,0,0,0,0,0,0,0,0,0,0,0,0,0,0,0
"2844302",0,0,0,0,0,0,0,0,0,0,0,0,0,0,0,0,0,0,0,0,0,0,0,0
"2844304",0,0,0,0,0,0,0,0,0,0,0,0,0,0,0,0,0,0,0,0,0,0,0,0
"2844307",0,0,0,0,0,0,0,0,0,0,0,0,0,0,0,0,0,0,0,0,0,0,0,0
"2844310",0,0,0,0,0,0,0,0,0,0,0,0,0,0,0,0,0,0,0,0,0,0,0,0
"2844312",0,0,0,0,0,0,0,0,0,0,0,0,0,0,0,0,0,0,0,0,0,0,0,0
"2844405",0,0,0,0,0,0,0,0,0,0,0,0,0,0,0,0,0,0,0,0,0,0,0,0
"2844407",0,0,0,0,0,0,0,0,0,0,0,0,0,0,0,0,0,0,0,0,0,0,0,0
"2844408",0,0,0,0,0,0,0,0,0,0,0,0,0,0,0,0,0,0,0,0,0,0,0,0
"2844409",0,0,0,0,0,0,0,0,0,0,0,0,0,0,0,0,0,0,0,0,0,0,0,0
"2844411",0,0,0,0,0,0,0,0,0,0,0,0,0,0,0,0,0,0,0,0,0,0,0,0
"2844412",0,0,0,0,0,0,0,0,0,0,0,0,0,0,0,0,0,0,0,0,0,0,0,0
"2844414",0,0,0,0,0,0,0,0,0,0,0,0,0,0,0,0,0,0,0,0,0,0,0,0
"2844415",0,0,0,0,0,0,0,0,0,0,0,0,0,0,0,0,0,0,0,0,0,0,0,0
"2844416",0,0,0,0,0,0,0,0,0,0,0,0,0,0,0,0,0,0,0,0,0,0,0,0
"2844417",0,0,0,0,0,0,0,0,0,0,0,0,0,0,0,0,0,0,0,0,0,0,0,0
"2844418",0,0,0,0,0,0,0,0,0,0,0,0,0,0,0,0,0,0,0,0,0,0,0,0
"2844419",0,0,0,0,0,0,0,0,0,0,0,0,0,0,0,0,0,0,0,0,0,0,0,0
"2844424",0,0,0,0,0,0,0,0,0,0,0,0,0,0,0,0,0,0,0,0,0,0,0,0
"2844425",0,0,0,0,0,0,0,0,0,0,0,0,0,0,0,0,0,0,0,0,0,0,0,0
"2844426",0,0,0,0,0,0,0,0,0,0,0,0,0,0,0,0,0,0,0,0,0,0,0,0
"2844427",0,0,0,0,0,0,0,0,0,0,0,0,0,0,0,0,0,0,0,0,0,0,0,0
"2844428",0,0,0,0,0,0,0,0,0,0,0,0,0,0,0,0,0,0,0,0,0,0,0,0
"2844429",0,0,0,0,0,0,0,0,0,0,0,0,0,0,0,0,0,0,0,0,0,0,0,0
"2844431",0,0,0,0,0,0,0,0,0,0,0,0,0,0,0,0,0,0,0,0,0,0,0,0
"2844433",0,0,0,0,0,0,0,0,0,0,0,0,0,0,0,0,0,0,0,0,0,0,0,0
"2844436",0,0,0,0,0,0,0,0,0,0,0,0,0,0,0,0,0,0,0,0,0,0,0,0
"2844437",0,0,0,0,0,0,0,0,0,0,0,0,0,0,0,0,0,0,0,0,0,0,0,0
"2844440",0,0,0,0,0,0,0,0,0,0,0,0,0,0,0,0,0,0,0,0,0,0,0,0
"2844441",0,0,0,0,0,0,0,0,0,0,0,0,0,0,0,0,0,0,0,0,0,0,0,0
"2844442",0,0,0,0,0,0,0,0,0,0,0,0,0,0,0,0,0,0,0,0,0,0,0,0
"2844444",0,0,0,0,0,0,0,0,0,0,0,0,0,0,0,0,0,0,0,0,0,0,0,0
"2844445",0,0,0,0,0,0,0,0,0,0,0,0,0,0,0,0,0,0,0,0,0,0,0,0
"2844446",0,0,0,0,0,0,0,0,0,0,0,0,0,0,0,0,0,0,0,0,0,0,0,0
"2844456",0,0,0,0,0,0,0,0,0,0,0,0,0,0,0,0,0,0,0,0,0,0,0,0
"2844457",0,0,0,0,0,0,0,0,0,0,0,0,0,0,0,0,0,0,0,0,0,0,0,0
"2844460",0,0,0,0,0,0,0,0,0,0,0,0,0,0,0,0,0,0,0,0,0,0,0,0
"2844461",0,0,0,0,0,0,0,0,0,0,0,0,0,0,0,0,0,0,0,0,0,0,0,0
"2844462",0,0,0,0,0,0,0,0,0,0,0,0,0,0,0,0,0,0,0,0,0,0,0,0
"2844463",0,0,0,0,0,0,0,0,0,0,0,0,0,0,0,0,0,0,0,0,0,0,0,0
"2844464",0,0,0,0,0,0,0,0,0,0,0,0,0,0,0,0,0,0,0,0,0,0,0,0
"2844465",0,0,0,0,0,0,0,0,0,0,0,0,0,0,0,0,0,0,0,0,0,0,0,0
"2844466",0,0,0,0,0,0,0,0,0,0,0,0,0,0,0,0,0,0,0,0,0,0,0,0
"2844467",0,0,0,0,0,0,0,0,0,0,0,0,0,0,0,0,0,0,0,0,0,0,0,0
"2844469",0,0,0,0,0,0,0,0,0,0,0,0,0,0,0,0,0,0,0,0,0,0,0,0
"2844471",0,0,0,0,0,0,0,0,0,0,0,0,0,0,0,0,0,0,0,0,0,0,0,0
"2844472",0,0,0,0,0,0,0,0,0,0,0,0,0,0,0,0,0,0,0,0,0,0,0,0
"2844475",0,0,0,0,0,0,0,0,0,0,0,0,0,0,0,0,0,0,0,0,0,0,0,0
"2844476",0,0,0,0,0,0,0,0,0,0,0,0,0,0,0,0,0,0,0,0,0,0,0,0
"2844477",0,0,0,0,0,0,0,0,0,0,0,0,0,0,0,0,0,0,0,0,0,0,0,0
"2844483",0,0,0,0,0,0,0,0,0,0,0,0,0,0,0,0,0,0,0,0,0,0,0,0
"2844484",0,0,0,0,0,0,0,0,0,0,0,0,0,0,0,0,0,0,0,0,0,0,0,0
"2844485",0,0,0,0,0,0,0,0,0,0,0,0,0,0,0,0,0,0,0,0,0,0,0,0
"2844498",0,0,0,0,0,0,0,0,0,0,0,0,0,0,0,0,0,0,0,0,0,0,0,0
"2844501",0,0,0,0,0,0,0,0,0,0,0,0,0,0,0,0,0,0,0,0,0,0,0,0
"2844502",0,0,0,0,0,0,0,0,0,0,0,0,0,0,0,0,0,0,0,0,0,0,0,0
"2844505",0,0,0,0,0,0,0,0,0,0,0,0,0,0,0,0,0,0,0,0,0,0,0,0
"2844506",0,0,0,0,0,0,0,0,0,0,0,0,0,0,0,0,0,0,0,0,0,0,0,0
"2844507",0,0,0,0,0,0,0,0,0,0,0,0,0,0,0,0,0,0,0,0,0,0,0,0
"2844508",0,0,0,0,0,0,0,0,0,0,0,0,0,0,0,0,0,0,0,0,0,0,0,0
"2844511",0,0,0,0,0,0,0,0,0,0,0,0,0,0,0,0,0,0,0,0,0,0,0,0
"2844513",0,0,0,0,0,0,0,0,0,0,0,0,0,0,0,0,0,0,0,0,0,0,0,0
"2844514",0,0,0,0,0,0,0,0,0,0,0,0,0,0,0,0,0,0,0,0,0,0,0,0
"2844515",0,0,0,0,0,0,0,0,0,0,0,0,0,0,0,0,0,0,0,0,0,0,0,0
"2844518",0,0,0,0,0,0,0,0,0,0,0,0,0,0,0,0,0,0,0,0,0,0,0,0
"2844519",0,0,0,0,0,0,0,0,0,0,0,0,0,0,0,0,0,0,0,0,0,0,0,0
"2844521",0,0,0,0,0,0,0,0,0,0,0,0,0,0,0,0,0,0,0,0,0,0,0,0
"2844522",0,0,0,0,0,0,0,0,0,0,0,0,0,0,0,0,0,0,0,0,0,0,0,0
"2844523",0,0,0,0,0,0,0,0,0,0,0,0,0,0,0,0,0,0,0,0,0,0,0,0
"2844524",0,0,0,0,0,0,0,0,0,0,0,0,0,0,0,0,0,0,0,0,0,0,0,0
"2844526",0,0,0,0,0,0,0,0,0,0,0,0,0,0,0,0,0,0,0,0,0,0,0,0
"2844527",0,0,0,0,0,0,0,0,0,0,0,0,0,0,0,0,0,0,0,0,0,0,0,0
"2844528",0,0,0,0,0,0,0,0,0,0,0,0,0,0,0,0,0,0,0,0,0,0,0,0
"2844529",0,0,0,0,0,0,0,0,0,0,0,0,0,0,0,0,0,0,0,0,0,0,0,0
"2844530",0,0,0,0,0,0,0,0,0,0,0,0,0,0,0,0,0,0,0,0,0,0,0,0
"2844531",0,0,0,0,0,0,0,0,0,0,0,0,0,0,0,0,0,0,0,0,0,0,0,0
"2844533",0,0,0,0,0,0,0,0,0,0,0,0,0,0,0,0,0,0,0,0,0,0,0,0
"2844535",0,0,0,0,0,0,0,0,0,0,0,0,0,0,0,0,0,0,0,0,0,0,0,0
"2844536",0,0,0,0,0,0,0,0,0,0,0,0,0,0,0,0,0,0,0,0,0,0,0,0
"2844537",0,0,0,0,0,0,0,0,0,0,0,0,0,0,0,0,0,0,0,0,0,0,0,0
"2844538",0,0,0,0,0,0,0,0,0,0,0,0,0,0,0,0,0,0,0,0,0,0,0,0
"2844539",0,0,0,0,0,0,0,0,0,0,0,0,0,0,0,0,0,0,0,0,0,0,0,0
"2844540",0,0,0,0,0,0,0,0,0,0,0,0,0,0,0,0,0,0,0,0,0,0,0,0
"2844541",0,0,0,0,0,0,0,0,0,0,0,0,0,0,0,0,0,0,0,0,0,0,0,0
"2844542",0,0,0,0,0,0,0,0,0,0,0,0,0,0,0,0,0,0,0,0,0,0,0,0
"2844543",0,0,0,0,0,0,0,0,0,0,0,0,0,0,0,0,0,0,0,0,0,0,0,0
"2844544",0,0,0,0,0,0,0,0,0,0,0,0,0,0,0,0,0,0,0,0,0,0,0,0
"2844548",0,0,0,0,0,0,0,0,0,0,0,0,0,0,0,0,0,0,0,0,0,0,0,0
"2844549",0,0,0,0,0,0,0,0,0,0,0,0,0,0,0,0,0,0,0,0,0,0,0,0
"2844550",0,0,0,0,0,0,0,0,0,0,0,0,0,0,0,0,0,0,0,0,0,0,0,0
"2844551",0,0,0,0,0,0,0,0,0,0,0,0,0,0,0,0,0,0,0,0,0,0,0,0
"2844552",0,0,0,0,0,0,0,0,0,0,0,0,0,0,0,0,0,0,0,0,0,0,0,0
"2844553",0,0,0,0,0,0,0,0,0,0,0,0,0,0,0,0,0,0,0,0,0,0,0,0
"2844555",0,0,0,0,0,0,0,0,0,0,0,0,0,0,0,0,0,0,0,0,0,0,0,0
"2844558",0,0,0,0,0,0,0,0,0,0,0,0,0,0,0,0,0,0,0,0,0,0,0,0
"2844559",0,0,0,0,0,0,0,0,0,0,0,0,0,0,0,0,0,0,0,0,0,0,0,0
"2844560",0,0,0,0,0,0,0,0,0,0,0,0,0,0,0,0,0,0,0,0,0,0,0,0
"2844561",0,0,0,0,0,0,0,0,0,0,0,0,0,0,0,0,0,0,0,0,0,0,0,0
"2844562",0,0,0,0,0,0,0,0,0,0,0,0,0,0,0,0,0,0,0,0,0,0,0,0
"2844563",0,0,0,0,0,0,0,0,0,0,0,0,0,0,0,0,0,0,0,0,0,0,0,0
"2844564",0,0,0,0,0,0,0,0,0,0,0,0,0,0,0,0,0,0,0,0,0,0,0,0
"2844565",0,0,0,0,0,0,0,0,0,0,0,0,0,0,0,0,0,0,0,0,0,0,0,0
"2844566",0,0,0,0,0,0,0,0,0,0,0,0,0,0,0,0,0,0,0,0,0,0,0,0
"2844567",0,0,0,0,0,0,0,0,0,0,0,0,0,0,0,0,0,0,0,0,0,0,0,0
"2844568",0,0,0,0,0,0,0,0,0,0,0,0,0,0,0,0,0,0,0,0,0,0,0,0
"2844569",0,0,0,0,0,0,0,0,0,0,0,0,0,0,0,0,0,0,0,0,0,0,0,0
"2844572",0,0,0,0,0,0,0,0,0,0,0,0,0,0,0,0,0,0,0,0,0,0,0,0
"2844575",0,0,0,0,0,0,0,0,0,0,0,0,0,0,0,0,0,0,0,0,0,0,0,0
"2844576",0,0,0,0,0,0,0,0,0,0,0,0,0,0,0,0,0,0,0,0,0,0,0,0
"2844577",0,0,0,0,0,0,0,0,0,0,0,0,0,0,0,0,0,0,0,0,0,0,0,0
"2844578",0,0,0,0,0,0,0,0,0,0,0,0,0,0,0,0,0,0,0,0,0,0,0,0
"2844579",0,0,0,0,0,0,0,0,0,0,0,0,0,0,0,0,0,0,0,0,0,0,0,0
"2844580",0,0,0,0,0,0,0,0,0,0,0,0,0,0,0,0,0,0,0,0,0,0,0,0
"2844581",0,0,0,0,0,0,0,0,0,0,0,0,0,0,0,0,0,0,0,0,0,0,0,0
"2844582",0,0,0,0,0,0,0,0,0,0,0,0,0,0,0,0,0,0,0,0,0,0,0,0
"2844583",0,0,0,0,0,0,0,0,0,0,0,0,0,0,0,0,0,0,0,0,0,0,0,0
"2844585",0,0,0,0,0,0,0,0,0,0,0,0,0,0,0,0,0,0,0,0,0,0,0,0
"2844587",0,0,0,0,0,0,0,0,0,0,0,0,0,0,0,0,0,0,0,0,0,0,0,0
"2844588",0,0,0,0,0,0,0,0,0,0,0,0,0,0,0,0,0,0,0,0,0,0,0,0
"2844590",0,0,0,0,0,0,0,0,0,0,0,0,0,0,0,0,0,0,0,0,0,0,0,0
"2844595",0,0,0,0,0,0,0,0,0,0,0,0,0,0,0,0,0,0,0,0,0,0,0,0
"2844597",0,0,0,0,0,0,0,0,0,0,0,0,0,0,0,0,0,0,0,0,0,0,0,0
"2844603",0,0,0,0,0,0,0,0,0,0,0,0,0,0,0,0,0,0,0,0,0,0,0,0
"2844604",0,0,0,0,0,0,0,0,0,0,0,0,0,0,0,0,0,0,0,0,0,0,0,0
"2844609",0,0,0,0,0,0,0,0,0,0,0,0,0,0,0,0,0,0,0,0,0,0,0,0
"2844611",0,0,0,0,0,0,0,0,0,0,0,0,0,0,0,0,0,0,0,0,0,0,0,0
"2844612",0,0,0,0,0,0,0,0,0,0,0,0,0,0,0,0,0,0,0,0,0,0,0,0
"2844613",0,0,0,0,0,0,0,0,0,0,0,0,0,0,0,0,0,0,0,0,0,0,0,0
"2844614",0,0,0,0,0,0,0,0,0,0,0,0,0,0,0,0,0,0,0,0,0,0,0,0
"2844616",0,0,0,0,0,0,0,0,0,0,0,0,0,0,0,0,0,0,0,0,0,0,0,0
"2844618",0,0,0,0,0,0,0,0,0,0,0,0,0,0,0,0,0,0,0,0,0,0,0,0
"2844619",0,0,0,0,0,0,0,0,0,0,0,0,0,0,0,0,0,0,0,0,0,0,0,0
"2844620",0,0,0,0,0,0,0,0,0,0,0,0,0,0,0,0,0,0,0,0,0,0,0,0
"2844621",0,0,0,0,0,0,0,0,0,0,0,0,0,0,0,0,0,0,0,0,0,0,0,0
"2844625",0,0,0,0,0,0,0,0,0,0,0,0,0,0,0,0,0,0,0,0,0,0,0,0
"2844626",0,0,0,0,0,0,0,0,0,0,0,0,0,0,0,0,0,0,0,0,0,0,0,0
"2844627",0,0,0,0,0,0,0,0,0,0,0,0,0,0,0,0,0,0,0,0,0,0,0,0
"2844628",0,0,0,0,0,0,0,0,0,0,0,0,0,0,0,0,0,0,0,0,0,0,0,0
"2844630",0,0,0,0,0,0,0,0,0,0,0,0,0,0,0,0,0,0,0,0,0,0,0,0
"2844632",0,0,0,0,0,0,0,0,0,0,0,0,0,0,0,0,0,0,0,0,0,0,0,0
"2844636",0,0,0,0,0,0,0,0,0,0,0,0,0,0,0,0,0,0,0,0,0,0,0,0
"2844638",0,0,0,0,0,0,0,0,0,0,0,0,0,0,0,0,0,0,0,0,0,0,0,0
"2844640",0,0,0,0,0,0,0,0,0,0,0,0,0,0,0,0,0,0,0,0,0,0,0,0
"2844642",0,0,0,0,0,0,0,0,0,0,0,0,0,0,0,0,0,0,0,0,0,0,0,0
"2844643",0,0,0,0,0,0,0,0,0,0,0,0,0,0,0,0,0,0,0,0,0,0,0,0
"2844645",0,0,0,0,0,0,0,0,0,0,0,0,0,0,0,0,0,0,0,0,0,0,0,0
"2844646",0,0,0,0,0,0,0,0,0,0,0,0,0,0,0,0,0,0,0,0,0,0,0,0
"2844649",0,0,0,0,0,0,0,0,0,0,0,0,0,0,0,0,0,0,0,0,0,0,0,0
"2844650",0,0,0,0,0,0,0,0,0,0,0,0,0,0,0,0,0,0,0,0,0,0,0,0
"2844652",0,0,0,0,0,0,0,0,0,0,0,0,0,0,0,0,0,0,0,0,0,0,0,0
"2844653",0,0,0,0,0,0,0,0,0,0,0,0,0,0,0,0,0,0,0,0,0,0,0,0
"2844655",0,0,0,0,0,0,0,0,0,0,0,0,0,0,0,0,0,0,0,0,0,0,0,0
"2844656",0,0,0,0,0,0,0,0,0,0,0,0,0,0,0,0,0,0,0,0,0,0,0,0
"2844657",0,0,0,0,0,0,0,0,0,0,0,0,0,0,0,0,0,0,0,0,0,0,0,0
"2844680",0,0,0,0,0,0,0,0,0,0,0,0,0,0,0,0,0,0,0,0,0,0,0,0
"2844681",0,0,0,0,0,0,0,0,0,0,0,0,0,0,0,0,0,0,0,0,0,0,0,0
"2844689",0,0,0,0,0,0,0,0,0,0,0,0,0,0,0,0,0,0,0,0,0,0,0,0
"2844690",0,0,0,0,0,0,0,0,0,0,0,0,0,0,0,0,0,0,0,0,0,0,0,0
"2844691",0,0,0,0,0,0,0,0,0,0,0,0,0,0,0,0,0,0,0,0,0,0,0,0
"2844692",0,0,0,0,0,0,0,0,0,0,0,0,0,0,0,0,0,0,0,0,0,0,0,0
"2844693",0,0,0,0,0,0,0,0,0,0,0,0,0,0,0,0,0,0,0,0,0,0,0,0
"2844694",0,0,0,0,0,0,0,0,0,0,0,0,0,0,0,0,0,0,0,0,0,0,0,0
"2844697",0,0,0,0,0,0,0,0,0,0,0,0,0,0,0,0,0,0,0,0,0,0,0,0
"2844698",0,0,0,0,0,0,0,0,0,0,0,0,0,0,0,0,0,0,0,0,0,0,0,0
"2844699",0,0,0,0,0,0,0,0,0,0,0,0,0,0,0,0,0,0,0,0,0,0,0,0
"2844700",0,0,0,0,0,0,0,0,0,0,0,0,0,0,0,0,0,0,0,0,0,0,0,0
"2844701",0,0,0,0,0,0,0,0,0,0,0,0,0,0,0,0,0,0,0,0,0,0,0,0
"2844702",0,0,0,0,0,0,0,0,0,0,0,0,0,0,0,0,0,0,0,0,0,0,0,0
"2844703",0,0,0,0,0,0,0,0,0,0,0,0,0,0,0,0,0,0,0,0,0,0,0,0
"2844704",0,0,0,0,0,0,0,0,0,0,0,0,0,0,0,0,0,0,0,0,0,0,0,0
"2844705",0,0,0,0,0,0,0,0,0,0,0,0,0,0,0,0,0,0,0,0,0,0,0,0
"2844707",0,0,0,0,0,0,0,0,0,0,0,0,0,0,0,0,0,0,0,0,0,0,0,0
"2844708",0,0,0,0,0,0,0,0,0,0,0,0,0,0,0,0,0,0,0,0,0,0,0,0
"2844709",0,0,0,0,0,0,0,0,0,0,0,0,0,0,0,0,0,0,0,0,0,0,0,0
"2844711",0,0,0,0,0,0,0,0,0,0,0,0,0,0,0,0,0,0,0,0,0,0,0,0
"2844712",0,0,0,0,0,0,0,0,0,0,0,0,0,0,0,0,0,0,0,0,0,0,0,0
"2844713",0,0,0,0,0,0,0,0,0,0,0,0,0,0,0,0,0,0,0,0,0,0,0,0
"2844714",0,0,0,0,0,0,0,0,0,0,0,0,0,0,0,0,0,0,0,0,0,0,0,0
"2844716",0,0,0,0,0,0,0,0,0,0,0,0,0,0,0,0,0,0,0,0,0,0,0,0
"2844718",0,0,0,0,0,0,0,0,0,0,0,0,0,0,0,0,0,0,0,0,0,0,0,0
"2844719",0,0,0,0,0,0,0,0,0,0,0,0,0,0,0,0,0,0,0,0,0,0,0,0
"2844721",0,0,0,0,0,0,0,0,0,0,0,0,0,0,0,0,0,0,0,0,0,0,0,0
"2844723",0,0,0,0,0,0,0,0,0,0,0,0,0,0,0,0,0,0,0,0,0,0,0,0
"2844724",0,0,0,0,0,0,0,0,0,0,0,0,0,0,0,0,0,0,0,0,0,0,0,0
"2844726",0,0,0,0,0,0,0,0,0,0,0,0,0,0,0,0,0,0,0,0,0,0,0,0
"2844727",0,0,0,0,0,0,0,0,0,0,0,0,0,0,0,0,0,0,0,0,0,0,0,0
"2844728",0,0,0,0,0,0,0,0,0,0,0,0,0,0,0,0,0,0,0,0,0,0,0,0
"2844729",0,0,0,0,0,0,0,0,0,0,0,0,0,0,0,0,0,0,0,0,0,0,0,0
"2844730",0,0,0,0,0,0,0,0,0,0,0,0,0,0,0,0,0,0,0,0,0,0,0,0
"2844731",0,0,0,0,0,0,0,0,0,0,0,0,0,0,0,0,0,0,0,0,0,0,0,0
"2844734",0,0,0,0,0,0,0,0,0,0,0,0,0,0,0,0,0,0,0,0,0,0,0,0
"2844735",0,0,0,0,0,0,0,0,0,0,0,0,0,0,0,0,0,0,0,0,0,0,0,0
"2844736",0,0,0,0,0,0,0,0,0,0,0,0,0,0,0,0,0,0,0,0,0,0,0,0
"2844737",0,0,0,0,0,0,0,0,0,0,0,0,0,0,0,0,0,0,0,0,0,0,0,0
"2844739",0,0,0,0,0,0,0,0,0,0,0,0,0,0,0,0,0,0,0,0,0,0,0,0
"2844740",0,0,0,0,0,0,0,0,0,0,0,0,0,0,0,0,0,0,0,0,0,0,0,0
"2844741",0,0,0,0,0,0,0,0,0,0,0,0,0,0,0,0,0,0,0,0,0,0,0,0
"2844742",0,0,0,0,0,0,0,0,0,0,0,0,0,0,0,0,0,0,0,0,0,0,0,0
"2844743",0,0,0,0,0,0,0,0,0,0,0,0,0,0,0,0,0,0,0,0,0,0,0,0
"2844744",0,0,0,0,0,0,0,0,0,0,0,0,0,0,0,0,0,0,0,0,0,0,0,0
"2844746",0,0,0,0,0,0,0,0,0,0,0,0,0,0,0,0,0,0,0,0,0,0,0,0
"2844748",0,0,0,0,0,0,0,0,0,0,0,0,0,0,0,0,0,0,0,0,0,0,0,0
"2844750",0,0,0,0,0,0,0,0,0,0,0,0,0,0,0,0,0,0,0,0,0,0,0,0
"2844751",0,0,0,0,0,0,0,0,0,0,0,0,0,0,0,0,0,0,0,0,0,0,0,0
"2844752",0,0,0,0,0,0,0,0,0,0,0,0,0,0,0,0,0,0,0,0,0,0,0,0
"2844755",0,0,0,0,0,0,0,0,0,0,0,0,0,0,0,0,0,0,0,0,0,0,0,0
"2844756",0,0,0,0,0,0,0,0,0,0,0,0,0,0,0,0,0,0,0,0,0,0,0,0
"2844757",0,0,0,0,0,0,0,0,0,0,0,0,0,0,0,0,0,0,0,0,0,0,0,0
"2844758",0,0,0,0,0,0,0,0,0,0,0,0,0,0,0,0,0,0,0,0,0,0,0,0
"2844760",0,0,0,0,0,0,0,0,0,0,0,0,0,0,0,0,0,0,0,0,0,0,0,0
"2844761",0,0,0,0,0,0,0,0,0,0,0,0,0,0,0,0,0,0,0,0,0,0,0,0
"2844762",0,0,0,0,0,0,0,0,0,0,0,0,0,0,0,0,0,0,0,0,0,0,0,0
"2844763",0,0,0,0,0,0,0,0,0,0,0,0,0,0,0,0,0,0,0,0,0,0,0,0
"2844764",0,0,0,0,0,0,0,0,0,0,0,0,0,0,0,0,0,0,0,0,0,0,0,0
"2844765",0,0,0,0,0,0,0,0,0,0,0,0,0,0,0,0,0,0,0,0,0,0,0,0
"2844766",0,0,0,0,0,0,0,0,0,0,0,0,0,0,0,0,0,0,0,0,0,0,0,0
"2844767",0,0,0,0,0,0,0,0,0,0,0,0,0,0,0,0,0,0,0,0,0,0,0,0
"2844769",0,0,0,0,0,0,0,0,0,0,0,0,0,0,0,0,0,0,0,0,0,0,0,0
"2844770",0,0,0,0,0,0,0,0,0,0,0,0,0,0,0,0,0,0,0,0,0,0,0,0
"2844773",0,0,0,0,0,0,0,0,0,0,0,0,0,0,0,0,0,0,0,0,0,0,0,0
"2844775",0,0,0,0,0,0,0,0,0,0,0,0,0,0,0,0,0,0,0,0,0,0,0,0
"2844776",0,0,0,0,0,0,0,0,0,0,0,0,0,0,0,0,0,0,0,0,0,0,0,0
"2844780",0,0,0,0,0,0,0,0,0,0,0,0,0,0,0,0,0,0,0,0,0,0,0,0
"2844781",0,0,0,0,0,0,0,0,0,0,0,0,0,0,0,0,0,0,0,0,0,0,0,0
"2844782",0,0,0,0,0,0,0,0,0,0,0,0,0,0,0,0,0,0,0,0,0,0,0,0
"2844784",0,0,0,0,0,0,0,0,0,0,0,0,0,0,0,0,0,0,0,0,0,0,0,0
"2844785",0,0,0,0,0,0,0,0,0,0,0,0,0,0,0,0,0,0,0,0,0,0,0,0
"2844787",0,0,0,0,0,0,0,0,0,0,0,0,0,0,0,0,0,0,0,0,0,0,0,0
"2844790",0,0,0,0,0,0,0,0,0,0,0,0,0,0,0,0,0,0,0,0,0,0,0,0
"2844792",0,0,0,0,0,0,0,0,0,0,0,0,0,0,0,0,0,0,0,0,0,0,0,0
"2844793",0,0,0,0,0,0,0,0,0,0,0,0,0,0,0,0,0,0,0,0,0,0,0,0
"2844794",0,0,0,0,0,0,0,0,0,0,0,0,0,0,0,0,0,0,0,0,0,0,0,0
"2844795",0,0,0,0,0,0,0,0,0,0,0,0,0,0,0,0,0,0,0,0,0,0,0,0
"2844796",0,0,0,0,0,0,0,0,0,0,0,0,0,0,0,0,0,0,0,0,0,0,0,0
"2844799",0,0,0,0,0,0,0,0,0,0,0,0,0,0,0,0,0,0,0,0,0,0,0,0
"2844800",0,0,0,0,0,0,0,0,0,0,0,0,0,0,0,0,0,0,0,0,0,0,0,0
"2844802",0,0,0,0,0,0,0,0,0,0,0,0,0,0,0,0,0,0,0,0,0,0,0,0
"2844804",0,0,0,0,0,0,0,0,0,0,0,0,0,0,0,0,0,0,0,0,0,0,0,0
"2844808",0,0,0,0,0,0,0,0,0,0,0,0,0,0,0,0,0,0,0,0,0,0,0,0
"2844810",0,0,0,0,0,0,0,0,0,0,0,0,0,0,0,0,0,0,0,0,0,0,0,0
"2844811",0,0,0,0,0,0,0,0,0,0,0,0,0,0,0,0,0,0,0,0,0,0,0,0
"2844818",0,0,0,0,0,0,0,0,0,0,0,0,0,0,0,0,0,0,0,0,0,0,0,0
"2844819",0,0,0,0,0,0,0,0,0,0,0,0,0,0,0,0,0,0,0,0,0,0,0,0
"2844820",0,0,0,0,0,0,0,0,0,0,0,0,0,0,0,0,0,0,0,0,0,0,0,0
"2844822",0,0,0,0,0,0,0,0,0,0,0,0,0,0,0,0,0,0,0,0,0,0,0,0
"2844826",0,0,0,0,0,0,0,0,0,0,0,0,0,0,0,0,0,0,0,0,0,0,0,0
"2844828",0,0,0,0,0,0,0,0,0,0,0,0,0,0,0,0,0,0,0,0,0,0,0,0
"2844832",0,0,0,0,0,0,0,0,0,0,0,0,0,0,0,0,0,0,0,0,0,0,0,0
"2844833",0,0,0,0,0,0,0,0,0,0,0,0,0,0,0,0,0,0,0,0,0,0,0,0
"2844834",0,0,0,0,0,0,0,0,0,0,0,0,0,0,0,0,0,0,0,0,0,0,0,0
"2844837",0,0,0,0,0,0,0,0,0,0,0,0,0,0,0,0,0,0,0,0,0,0,0,0
"2844842",0,0,0,0,0,0,0,0,0,0,0,0,0,0,0,0,0,0,0,0,0,0,0,0
"2844843",0,0,0,0,0,0,0,0,0,0,0,0,0,0,0,0,0,0,0,0,0,0,0,0
"2844846",0,0,0,0,0,0,0,0,0,0,0,0,0,0,0,0,0,0,0,0,0,0,0,0
"2844847",0,0,0,0,0,0,0,0,0,0,0,0,0,0,0,0,0,0,0,0,0,0,0,0
"2844848",0,0,0,0,0,0,0,0,0,0,0,0,0,0,0,0,0,0,0,0,0,0,0,0
"2844849",0,0,0,0,0,0,0,0,0,0,0,0,0,0,0,0,0,0,0,0,0,0,0,0
"2844850",0,0,0,0,0,0,0,0,0,0,0,0,0,0,0,0,0,0,0,0,0,0,0,0
"2844852",0,0,0,0,0,0,0,0,0,0,0,0,0,0,0,0,0,0,0,0,0,0,0,0
"2844856",0,0,0,0,0,0,0,0,0,0,0,0,0,0,0,0,0,0,0,0,0,0,0,0
"2844857",0,0,0,0,0,0,0,0,0,0,0,0,0,0,0,0,0,0,0,0,0,0,0,0
"2844858",0,0,0,0,0,0,0,0,0,0,0,0,0,0,0,0,0,0,0,0,0,0,0,0
"2844859",0,0,0,0,0,0,0,0,0,0,0,0,0,0,0,0,0,0,0,0,0,0,0,0
"2844862",0,0,0,0,0,0,0,0,0,0,0,0,0,0,0,0,0,0,0,0,0,0,0,0
"2844962",0,0,0,0,0,0,0,0,0,0,0,0,0,0,0,0,0,0,0,0,0,0,0,0
"2844963",0,0,0,0,0,0,0,0,0,0,0,0,0,0,0,0,0,0,0,0,0,0,0,0
"2844966",0,0,0,0,0,0,0,0,0,0,0,0,0,0,0,0,0,0,0,0,0,0,0,0
"2844970",0,0,0,0,0,0,0,0,0,0,0,0,0,0,0,0,0,0,0,0,0,0,0,0
"2844971",0,0,0,0,0,0,0,0,0,0,0,0,0,0,0,0,0,0,0,0,0,0,0,0
"2844973",0,0,0,0,0,0,0,0,0,0,0,0,0,0,0,0,0,0,0,0,0,0,0,0
"2844974",0,0,0,0,0,0,0,0,0,0,0,0,0,0,0,0,0,0,0,0,0,0,0,0
"2844978",0,0,0,0,0,0,0,0,0,0,0,0,0,0,0,0,0,0,0,0,0,0,0,0
"2844983",0,0,0,0,0,0,0,0,0,0,0,0,0,0,0,0,0,0,0,0,0,0,0,0
"2844986",0,0,0,0,0,0,0,0,0,0,0,0,0,0,0,0,0,0,0,0,0,0,0,0
"2844987",0,0,0,0,0,0,0,0,0,0,0,0,0,0,0,0,0,0,0,0,0,0,0,0
"2844989",0,0,0,0,0,0,0,0,0,0,0,0,0,0,0,0,0,0,0,0,0,0,0,0
"2844994",0,0,0,0,0,0,0,0,0,0,0,0,0,0,0,0,0,0,0,0,0,0,0,0
"2844995",0,0,0,0,0,0,0,0,0,0,0,0,0,0,0,0,0,0,0,0,0,0,0,0
"2844996",0,0,0,0,0,0,0,0,0,0,0,0,0,0,0,0,0,0,0,0,0,0,0,0
"2844997",0,0,0,0,0,0,0,0,0,0,0,0,0,0,0,0,0,0,0,0,0,0,0,0
"2844999",0,0,0,0,0,0,0,0,0,0,0,0,0,0,0,0,0,0,0,0,0,0,0,0
"2845000",0,0,0,0,0,0,0,0,0,0,0,0,0,0,0,0,0,0,0,0,0,0,0,0
"2845005",0,0,0,0,0,0,0,0,0,0,0,0,0,0,0,0,0,0,0,0,0,0,0,0
"2845006",0,0,0,0,0,0,0,0,0,0,0,0,0,0,0,0,0,0,0,0,0,0,0,0
"2845007",0,0,0,0,0,0,0,0,0,0,0,0,0,0,0,0,0,0,0,0,0,0,0,0
"2845008",0,0,0,0,0,0,0,0,0,0,0,0,0,0,0,0,0,0,0,0,0,0,0,0
"2845009",0,0,0,0,0,0,0,0,0,0,0,0,0,0,0,0,0,0,0,0,0,0,0,0
"2845010",0,0,0,0,0,0,0,0,0,0,0,0,0,0,0,0,0,0,0,0,0,0,0,0
"2845012",0,0,0,0,0,0,0,0,0,0,0,0,0,0,0,0,0,0,0,0,0,0,0,0
"2845013",0,0,0,0,0,0,0,0,0,0,0,0,0,0,0,0,0,0,0,0,0,0,0,0
"2845014",0,0,0,0,0,0,0,0,0,0,0,0,0,0,0,0,0,0,0,0,0,0,0,0
"2845015",0,0,0,0,0,0,0,0,0,0,0,0,0,0,0,0,0,0,0,0,0,0,0,0
"2845016",0,0,0,0,0,0,0,0,0,0,0,0,0,0,0,0,0,0,0,0,0,0,0,0
"2845017",0,0,0,0,0,0,0,0,0,0,0,0,0,0,0,0,0,0,0,0,0,0,0,0
"2845018",0,0,0,0,0,0,0,0,0,0,0,0,0,0,0,0,0,0,0,0,0,0,0,0
"2845019",0,0,0,0,0,0,0,0,0,0,0,0,0,0,0,0,0,0,0,0,0,0,0,0
"2845020",0,0,0,0,0,0,0,0,0,0,0,0,0,0,0,0,0,0,0,0,0,0,0,0
"2845024",0,0,0,0,0,0,0,0,0,0,0,0,0,0,0,0,0,0,0,0,0,0,0,0
"2845025",0,0,0,0,0,0,0,0,0,0,0,0,0,0,0,0,0,0,0,0,0,0,0,0
"2845026",0,0,0,0,0,0,0,0,0,0,0,0,0,0,0,0,0,0,0,0,0,0,0,0
"2845028",0,0,0,0,0,0,0,0,0,0,0,0,0,0,0,0,0,0,0,0,0,0,0,0
"2845031",0,0,0,0,0,0,0,0,0,0,0,0,0,0,0,0,0,0,0,0,0,0,0,0
"2845033",0,0,0,0,0,0,0,0,0,0,0,0,0,0,0,0,0,0,0,0,0,0,0,0
"2845035",0,0,0,0,0,0,0,0,0,0,0,0,0,0,0,0,0,0,0,0,0,0,0,0
"2845036",0,0,0,0,0,0,0,0,0,0,0,0,0,0,0,0,0,0,0,0,0,0,0,0
"2845037",0,0,0,0,0,0,0,0,0,0,0,0,0,0,0,0,0,0,0,0,0,0,0,0
"2845038",0,0,0,0,0,0,0,0,0,0,0,0,0,0,0,0,0,0,0,0,0,0,0,0
"2845039",0,0,0,0,0,0,0,0,0,0,0,0,0,0,0,0,0,0,0,0,0,0,0,0
"2845041",0,0,0,0,0,0,0,0,0,0,0,0,0,0,0,0,0,0,0,0,0,0,0,0
"2845042",0,0,0,0,0,0,0,0,0,0,0,0,0,0,0,0,0,0,0,0,0,0,0,0
"2845043",0,0,0,0,0,0,0,0,0,0,0,0,0,0,0,0,0,0,0,0,0,0,0,0
"2845044",0,0,0,0,0,0,0,0,0,0,0,0,0,0,0,0,0,0,0,0,0,0,0,0
"2845045",0,0,0,0,0,0,0,0,0,0,0,0,0,0,0,0,0,0,0,0,0,0,0,0
"2845046",0,0,0,0,0,0,0,0,0,0,0,0,0,0,0,0,0,0,0,0,0,0,0,0
"2845047",0,0,0,0,0,0,0,0,0,0,0,0,0,0,0,0,0,0,0,0,0,0,0,0
"2845048",0,0,0,0,0,0,0,0,0,0,0,0,0,0,0,0,0,0,0,0,0,0,0,0
"2845049",0,0,0,0,0,0,0,0,0,0,0,0,0,0,0,0,0,0,0,0,0,0,0,0
"2845051",0,0,0,0,0,0,0,0,0,0,0,0,0,0,0,0,0,0,0,0,0,0,0,0
"2845052",0,0,0,0,0,0,0,0,0,0,0,0,0,0,0,0,0,0,0,0,0,0,0,0
"2845054",0,0,0,0,0,0,0,0,0,0,0,0,0,0,0,0,0,0,0,0,0,0,0,0
"2845055",0,0,0,0,0,0,0,0,0,0,0,0,0,0,0,0,0,0,0,0,0,0,0,0
"2845056",0,0,0,0,0,0,0,0,0,0,0,0,0,0,0,0,0,0,0,0,0,0,0,0
"2845057",0,0,0,0,0,0,0,0,0,0,0,0,0,0,0,0,0,0,0,0,0,0,0,0
"2845060",0,0,0,0,0,0,0,0,0,0,0,0,0,0,0,0,0,0,0,0,0,0,0,0
"2845061",0,0,0,0,0,0,0,0,0,0,0,0,0,0,0,0,0,0,0,0,0,0,0,0
"2845062",0,0,0,0,0,0,0,0,0,0,0,0,0,0,0,0,0,0,0,0,0,0,0,0
"2845064",0,0,0,0,0,0,0,0,0,0,0,0,0,0,0,0,0,0,0,0,0,0,0,0
"2845066",0,0,0,0,0,0,0,0,0,0,0,0,0,0,0,0,0,0,0,0,0,0,0,0
"2845070",0,0,0,0,0,0,0,0,0,0,0,0,0,0,0,0,0,0,0,0,0,0,0,0
"2845071",0,0,0,0,0,0,0,0,0,0,0,0,0,0,0,0,0,0,0,0,0,0,0,0
"2845074",0,0,0,0,0,0,0,0,0,0,0,0,0,0,0,0,0,0,0,0,0,0,0,0
"2845077",0,0,0,0,0,0,0,0,0,0,0,0,0,0,0,0,0,0,0,0,0,0,0,0
"2845078",0,0,0,0,0,0,0,0,0,0,0,0,0,0,0,0,0,0,0,0,0,0,0,0
"2845082",0,0,0,0,0,0,0,0,0,0,0,0,0,0,0,0,0,0,0,0,0,0,0,0
"2845083",0,0,0,0,0,0,0,0,0,0,0,0,0,0,0,0,0,0,0,0,0,0,0,0
"2845084",0,0,0,0,0,0,0,0,0,0,0,0,0,0,0,0,0,0,0,0,0,0,0,0
"2845087",0,0,0,0,0,0,0,0,0,0,0,0,0,0,0,0,0,0,0,0,0,0,0,0
"2845092",0,0,0,0,0,0,0,0,0,0,0,0,0,0,0,0,0,0,0,0,0,0,0,0
"2845095",0,0,0,0,0,0,0,0,0,0,0,0,0,0,0,0,0,0,0,0,0,0,0,0
"2845103",0,0,0,0,0,0,0,0,0,0,0,0,0,0,0,0,0,0,0,0,0,0,0,0
"2845105",0,0,0,0,0,0,0,0,0,0,0,0,0,0,0,0,0,0,0,0,0,0,0,0
"2845107",0,0,0,0,0,0,0,0,0,0,0,0,0,0,0,0,0,0,0,0,0,0,0,0
"2845110",0,0,0,0,0,0,0,0,0,0,0,0,0,0,0,0,0,0,0,0,0,0,0,0
"2845112",0,0,0,0,0,0,0,0,0,0,0,0,0,0,0,0,0,0,0,0,0,0,0,0
"2845113",0,0,0,0,0,0,0,0,0,0,0,0,0,0,0,0,0,0,0,0,0,0,0,0
"2845114",0,0,0,0,0,0,0,0,0,0,0,0,0,0,0,0,0,0,0,0,0,0,0,0
"2845115",0,0,0,0,0,0,0,0,0,0,0,0,0,0,0,0,0,0,0,0,0,0,0,0
"2845116",0,0,0,0,0,0,0,0,0,0,0,0,0,0,0,0,0,0,0,0,0,0,0,0
"2845117",0,0,0,0,0,0,0,0,0,0,0,0,0,0,0,0,0,0,0,0,0,0,0,0
"2845119",0,0,0,0,0,0,0,0,0,0,0,0,0,0,0,0,0,0,0,0,0,0,0,0
"2845122",0,0,0,0,0,0,0,0,0,0,0,0,0,0,0,0,0,0,0,0,0,0,0,0
"2845128",0,0,0,0,0,0,0,0,0,0,0,0,0,0,0,0,0,0,0,0,0,0,0,0
"2845131",0,0,0,0,0,0,0,0,0,0,0,0,0,0,0,0,0,0,0,0,0,0,0,0
"2845134",0,0,0,0,0,0,0,0,0,0,0,0,0,0,0,0,0,0,0,0,0,0,0,0
"2845135",0,0,0,0,0,0,0,0,0,0,0,0,0,0,0,0,0,0,0,0,0,0,0,0
"2845145",0,0,0,0,0,0,0,0,0,0,0,0,0,0,0,0,0,0,0,0,0,0,0,0
"2845148",0,0,0,0,0,0,0,0,0,0,0,0,0,0,0,0,0,0,0,0,0,0,0,0
"2845149",0,0,0,0,0,0,0,0,0,0,0,0,0,0,0,0,0,0,0,0,0,0,0,0
"2845150",0,0,0,0,0,0,0,0,0,0,0,0,0,0,0,0,0,0,0,0,0,0,0,0
"2845152",0,0,0,0,0,0,0,0,0,0,0,0,0,0,0,0,0,0,0,0,0,0,0,0
"2845153",0,0,0,0,0,0,0,0,0,0,0,0,0,0,0,0,0,0,0,0,0,0,0,0
"2845154",0,0,0,0,0,0,0,0,0,0,0,0,0,0,0,0,0,0,0,0,0,0,0,0
"2845156",0,0,0,0,0,0,0,0,0,0,0,0,0,0,0,0,0,0,0,0,0,0,0,0
"2845157",0,0,0,0,0,0,0,0,0,0,0,0,0,0,0,0,0,0,0,0,0,0,0,0
"2845158",0,0,0,0,0,0,0,0,0,0,0,0,0,0,0,0,0,0,0,0,0,0,0,0
"2845159",0,0,0,0,0,0,0,0,0,0,0,0,0,0,0,0,0,0,0,0,0,0,0,0
"2845160",0,0,0,0,0,0,0,0,0,0,0,0,0,0,0,0,0,0,0,0,0,0,0,0
"2845161",0,0,0,0,0,0,0,0,0,0,0,0,0,0,0,0,0,0,0,0,0,0,0,0
"2845162",0,0,0,0,0,0,0,0,0,0,0,0,0,0,0,0,0,0,0,0,0,0,0,0
"2845165",0,0,0,0,0,0,0,0,0,0,0,0,0,0,0,0,0,0,0,0,0,0,0,0
"2845167",0,0,0,0,0,0,0,0,0,0,0,0,0,0,0,0,0,0,0,0,0,0,0,0
"2845168",0,0,0,0,0,0,0,0,0,0,0,0,0,0,0,0,0,0,0,0,0,0,0,0
"2845170",0,0,0,0,0,0,0,0,0,0,0,0,0,0,0,0,0,0,0,0,0,0,0,0
"2845171",0,0,0,0,0,0,0,0,0,0,0,0,0,0,0,0,0,0,0,0,0,0,0,0
"2845172",0,0,0,0,0,0,0,0,0,0,0,0,0,0,0,0,0,0,0,0,0,0,0,0
"2845174",0,0,0,0,0,0,0,0,0,0,0,0,0,0,0,0,0,0,0,0,0,0,0,0
"2845175",0,0,0,0,0,0,0,0,0,0,0,0,0,0,0,0,0,0,0,0,0,0,0,0
"2845176",0,0,0,0,0,0,0,0,0,0,0,0,0,0,0,0,0,0,0,0,0,0,0,0
"2845177",0,0,0,0,0,0,0,0,0,0,0,0,0,0,0,0,0,0,0,0,0,0,0,0
"2845178",0,0,0,0,0,0,0,0,0,0,0,0,0,0,0,0,0,0,0,0,0,0,0,0
"2845179",0,0,0,0,0,0,0,0,0,0,0,0,0,0,0,0,0,0,0,0,0,0,0,0
"2845180",0,0,0,0,0,0,0,0,0,0,0,0,0,0,0,0,0,0,0,0,0,0,0,0
"2845181",0,0,0,0,0,0,0,0,0,0,0,0,0,0,0,0,0,0,0,0,0,0,0,0
"2845182",0,0,0,0,0,0,0,0,0,0,0,0,0,0,0,0,0,0,0,0,0,0,0,0
"2845183",0,0,0,0,0,0,0,0,0,0,0,0,0,0,0,0,0,0,0,0,0,0,0,0
"2845184",0,0,0,0,0,0,0,0,0,0,0,0,0,0,0,0,0,0,0,0,0,0,0,0
"2845185",0,0,0,0,0,0,0,0,0,0,0,0,0,0,0,0,0,0,0,0,0,0,0,0
"2845186",0,0,0,0,0,0,0,0,0,0,0,0,0,0,0,0,0,0,0,0,0,0,0,0
"2845187",0,0,0,0,0,0,0,0,0,0,0,0,0,0,0,0,0,0,0,0,0,0,0,0
"2845188",0,0,0,0,0,0,0,0,0,0,0,0,0,0,0,0,0,0,0,0,0,0,0,0
"2845191",0,0,0,0,0,0,0,0,0,0,0,0,0,0,0,0,0,0,0,0,0,0,0,0
"2845386",0,0,0,0,0,0,0,0,0,0,0,0,0,0,0,0,0,0,0,0,0,0,0,0
"2845387",0,0,0,0,0,0,0,0,0,0,0,0,0,0,0,0,0,0,0,0,0,0,0,0
"2845389",0,0,0,0,0,0,0,0,0,0,0,0,0,0,0,0,0,0,0,0,0,0,0,0
"2845390",0,0,0,0,0,0,0,0,0,0,0,0,0,0,0,0,0,0,0,0,0,0,0,0
"2845391",0,0,0,0,0,0,0,0,0,0,0,0,0,0,0,0,0,0,0,0,0,0,0,0
"2845392",0,0,0,0,0,0,0,0,0,0,0,0,0,0,0,0,0,0,0,0,0,0,0,0
"2845393",0,0,0,0,0,0,0,0,0,0,0,0,0,0,0,0,0,0,0,0,0,0,0,0
"2845394",0,0,0,0,0,0,0,0,0,0,0,0,0,0,0,0,0,0,0,0,0,0,0,0
"2845395",0,0,0,0,0,0,0,0,0,0,0,0,0,0,0,0,0,0,0,0,0,0,0,0
"2845396",0,0,0,0,0,0,0,0,0,0,0,0,0,0,0,0,0,0,0,0,0,0,0,0
"2845397",0,0,0,0,0,0,0,0,0,0,0,0,0,0,0,0,0,0,0,0,0,0,0,0
"2845398",0,0,0,0,0,0,0,0,0,0,0,0,0,0,0,0,0,0,0,0,0,0,0,0
"2845399",0,0,0,0,0,0,0,0,0,0,0,0,0,0,0,0,0,0,0,0,0,0,0,0
"2845400",0,0,0,0,0,0,0,0,0,0,0,0,0,0,0,0,0,0,0,0,0,0,0,0
"2845401",0,0,0,0,0,0,0,0,0,0,0,0,0,0,0,0,0,0,0,0,0,0,0,0
"2845402",0,0,0,0,0,0,0,0,0,0,0,0,0,0,0,0,0,0,0,0,0,0,0,0
"2845403",0,0,0,0,0,0,0,0,0,0,0,0,0,0,0,0,0,0,0,0,0,0,0,0
"2845404",0,0,0,0,0,0,0,0,0,0,0,0,0,0,0,0,0,0,0,0,0,0,0,0
"2845405",0,0,0,0,0,0,0,0,0,0,0,0,0,0,0,0,0,0,0,0,0,0,0,0
"2845407",0,0,0,0,0,0,0,0,0,0,0,0,0,0,0,0,0,0,0,0,0,0,0,0
"2845409",0,0,0,0,0,0,0,0,0,0,0,0,0,0,0,0,0,0,0,0,0,0,0,0
"2845410",0,0,0,0,0,0,0,0,0,0,0,0,0,0,0,0,0,0,0,0,0,0,0,0
"2845411",0,0,0,0,0,0,0,0,0,0,0,0,0,0,0,0,0,0,0,0,0,0,0,0
"2845412",0,0,0,0,0,0,0,0,0,0,0,0,0,0,0,0,0,0,0,0,0,0,0,0
"2845413",0,0,0,0,0,0,0,0,0,0,0,0,0,0,0,0,0,0,0,0,0,0,0,0
"2845414",0,0,0,0,0,0,0,0,0,0,0,0,0,0,0,0,0,0,0,0,0,0,0,0
"2845419",0,0,0,0,0,0,0,0,0,0,0,0,0,0,0,0,0,0,0,0,0,0,0,0
"2845420",0,0,0,0,0,0,0,0,0,0,0,0,0,0,0,0,0,0,0,0,0,0,0,0
"2845422",0,0,0,0,0,0,0,0,0,0,0,0,0,0,0,0,0,0,0,0,0,0,0,0
"2845425",0,0,0,0,0,0,0,0,0,0,0,0,0,0,0,0,0,0,0,0,0,0,0,0
"2845426",0,0,0,0,0,0,0,0,0,0,0,0,0,0,0,0,0,0,0,0,0,0,0,0
"2845427",0,0,0,0,0,0,0,0,0,0,0,0,0,0,0,0,0,0,0,0,0,0,0,0
"2845431",0,0,0,0,0,0,0,0,0,0,0,0,0,0,0,0,0,0,0,0,0,0,0,0
"2845432",0,0,0,0,0,0,0,0,0,0,0,0,0,0,0,0,0,0,0,0,0,0,0,0
"2845434",0,0,0,0,0,0,0,0,0,0,0,0,0,0,0,0,0,0,0,0,0,0,0,0
"2845435",0,0,0,0,0,0,0,0,0,0,0,0,0,0,0,0,0,0,0,0,0,0,0,0
"2845436",0,0,0,0,0,0,0,0,0,0,0,0,0,0,0,0,0,0,0,0,0,0,0,0
"2845437",0,0,0,0,0,0,0,0,0,0,0,0,0,0,0,0,0,0,0,0,0,0,0,0
"2845439",0,0,0,0,0,0,0,0,0,0,0,0,0,0,0,0,0,0,0,0,0,0,0,0
"2845440",0,0,0,0,0,0,0,0,0,0,0,0,0,0,0,0,0,0,0,0,0,0,0,0
"2845441",0,0,0,0,0,0,0,0,0,0,0,0,0,0,0,0,0,0,0,0,0,0,0,0
"2845445",0,0,0,0,0,0,0,0,0,0,0,0,0,0,0,0,0,0,0,0,0,0,0,0
"2845446",0,0,0,0,0,0,0,0,0,0,0,0,0,0,0,0,0,0,0,0,0,0,0,0
"2845448",0,0,0,0,0,0,0,0,0,0,0,0,0,0,0,0,0,0,0,0,0,0,0,0
"2845449",0,0,0,0,0,0,0,0,0,0,0,0,0,0,0,0,0,0,0,0,0,0,0,0
"2845450",0,0,0,0,0,0,0,0,0,0,0,0,0,0,0,0,0,0,0,0,0,0,0,0
"2845451",0,0,0,0,0,0,0,0,0,0,0,0,0,0,0,0,0,0,0,0,0,0,0,0
"2845455",0,0,0,0,0,0,0,0,0,0,0,0,0,0,0,0,0,0,0,0,0,0,0,0
"2845456",0,0,0,0,0,0,0,0,0,0,0,0,0,0,0,0,0,0,0,0,0,0,0,0
"2845459",0,0,0,0,0,0,0,0,0,0,0,0,0,0,0,0,0,0,0,0,0,0,0,0
"2845461",0,0,0,0,0,0,0,0,0,0,0,0,0,0,0,0,0,0,0,0,0,0,0,0
"2845463",0,0,0,0,0,0,0,0,0,0,0,0,0,0,0,0,0,0,0,0,0,0,0,0
"2845464",0,0,0,0,0,0,0,0,0,0,0,0,0,0,0,0,0,0,0,0,0,0,0,0
"2845466",0,0,0,0,0,0,0,0,0,0,0,0,0,0,0,0,0,0,0,0,0,0,0,0
"2845467",0,0,0,0,0,0,0,0,0,0,0,0,0,0,0,0,0,0,0,0,0,0,0,0
"2845469",0,0,0,0,0,0,0,0,0,0,0,0,0,0,0,0,0,0,0,0,0,0,0,0
"2845470",0,0,0,0,0,0,0,0,0,0,0,0,0,0,0,0,0,0,0,0,0,0,0,0
"2845471",0,0,0,0,0,0,0,0,0,0,0,0,0,0,0,0,0,0,0,0,0,0,0,0
"2845472",0,0,0,0,0,0,0,0,0,0,0,0,0,0,0,0,0,0,0,0,0,0,0,0
"2845473",0,0,0,0,0,0,0,0,0,0,0,0,0,0,0,0,0,0,0,0,0,0,0,0
"2845474",0,0,0,0,0,0,0,0,0,0,0,0,0,0,0,0,0,0,0,0,0,0,0,0
"2845475",0,0,0,0,0,0,0,0,0,0,0,0,0,0,0,0,0,0,0,0,0,0,0,0
"2845476",0,0,0,0,0,0,0,0,0,0,0,0,0,0,0,0,0,0,0,0,0,0,0,0
"2845477",0,0,0,0,0,0,0,0,0,0,0,0,0,0,0,0,0,0,0,0,0,0,0,0
"2845482",0,0,0,0,0,0,0,0,0,0,0,0,0,0,0,0,0,0,0,0,0,0,0,0
"2845484",0,0,0,0,0,0,0,0,0,0,0,0,0,0,0,0,0,0,0,0,0,0,0,0
"2845485",0,0,0,0,0,0,0,0,0,0,0,0,0,0,0,0,0,0,0,0,0,0,0,0
"2845488",0,0,0,0,0,0,0,0,0,0,0,0,0,0,0,0,0,0,0,0,0,0,0,0
"2845489",0,0,0,0,0,0,0,0,0,0,0,0,0,0,0,0,0,0,0,0,0,0,0,0
"2845490",0,0,0,0,0,0,0,0,0,0,0,0,0,0,0,0,0,0,0,0,0,0,0,0
"2845491",0,0,0,0,0,0,0,0,0,0,0,0,0,0,0,0,0,0,0,0,0,0,0,0
"2845492",0,0,0,0,0,0,0,0,0,0,0,0,0,0,0,0,0,0,0,0,0,0,0,0
"2845493",0,0,0,0,0,0,0,0,0,0,0,0,0,0,0,0,0,0,0,0,0,0,0,0
"2845494",0,0,0,0,0,0,0,0,0,0,0,0,0,0,0,0,0,0,0,0,0,0,0,0
"2845499",0,0,0,0,0,0,0,0,0,0,0,0,0,0,0,0,0,0,0,0,0,0,0,0
"2845502",0,0,0,0,0,0,0,0,0,0,0,0,0,0,0,0,0,0,0,0,0,0,0,0
"2845503",0,0,0,0,0,0,0,0,0,0,0,0,0,0,0,0,0,0,0,0,0,0,0,0
"2845504",0,0,0,0,0,0,0,0,0,0,0,0,0,0,0,0,0,0,0,0,0,0,0,0
"2845506",0,0,0,0,0,0,0,0,0,0,0,0,0,0,0,0,0,0,0,0,0,0,0,0
"2845509",0,0,0,0,0,0,0,0,0,0,0,0,0,0,0,0,0,0,0,0,0,0,0,0
"2845510",0,0,0,0,0,0,0,0,0,0,0,0,0,0,0,0,0,0,0,0,0,0,0,0
"2845512",0,0,0,0,0,0,0,0,0,0,0,0,0,0,0,0,0,0,0,0,0,0,0,0
"2845513",0,0,0,0,0,0,0,0,0,0,0,0,0,0,0,0,0,0,0,0,0,0,0,0
"2845516",0,0,0,0,0,0,0,0,0,0,0,0,0,0,0,0,0,0,0,0,0,0,0,0
"2845519",0,0,0,0,0,0,0,0,0,0,0,0,0,0,0,0,0,0,0,0,0,0,0,0
"2845520",0,0,0,0,0,0,0,0,0,0,0,0,0,0,0,0,0,0,0,0,0,0,0,0
"2845523",0,0,0,0,0,0,0,0,0,0,0,0,0,0,0,0,0,0,0,0,0,0,0,0
"2845525",0,0,0,0,0,0,0,0,0,0,0,0,0,0,0,0,0,0,0,0,0,0,0,0
"2845528",0,0,0,0,0,0,0,0,0,0,0,0,0,0,0,0,0,0,0,0,0,0,0,0
"2845529",0,0,0,0,0,0,0,0,0,0,0,0,0,0,0,0,0,0,0,0,0,0,0,0
"2845530",0,0,0,0,0,0,0,0,0,0,0,0,0,0,0,0,0,0,0,0,0,0,0,0
"2845531",0,0,0,0,0,0,0,0,0,0,0,0,0,0,0,0,0,0,0,0,0,0,0,0
"2845534",0,0,0,0,0,0,0,0,0,0,0,0,0,0,0,0,0,0,0,0,0,0,0,0
"2845536",0,0,0,0,0,0,0,0,0,0,0,0,0,0,0,0,0,0,0,0,0,0,0,0
"2845537",0,0,0,0,0,0,0,0,0,0,0,0,0,0,0,0,0,0,0,0,0,0,0,0
"2845538",0,0,0,0,0,0,0,0,0,0,0,0,0,0,0,0,0,0,0,0,0,0,0,0
"2845539",0,0,0,0,0,0,0,0,0,0,0,0,0,0,0,0,0,0,0,0,0,0,0,0
"2845548",0,0,0,0,0,0,0,0,0,0,0,0,0,0,0,0,0,0,0,0,0,0,0,0
"2845550",0,0,0,0,0,0,0,0,0,0,0,0,0,0,0,0,0,0,0,0,0,0,0,0
"2845552",0,0,0,0,0,0,0,0,0,0,0,0,0,0,0,0,0,0,0,0,0,0,0,0
"2845553",0,0,0,0,0,0,0,0,0,0,0,0,0,0,0,0,0,0,0,0,0,0,0,0
"2845556",0,0,0,0,0,0,0,0,0,0,0,0,0,0,0,0,0,0,0,0,0,0,0,0
"2845557",0,0,0,0,0,0,0,0,0,0,0,0,0,0,0,0,0,0,0,0,0,0,0,0
"2845558",0,0,0,0,0,0,0,0,0,0,0,0,0,0,0,0,0,0,0,0,0,0,0,0
"2845559",0,0,0,0,0,0,0,0,0,0,0,0,0,0,0,0,0,0,0,0,0,0,0,0
"2845562",0,0,0,0,0,0,0,0,0,0,0,0,0,0,0,0,0,0,0,0,0,0,0,0
"2845564",0,0,0,0,0,0,0,0,0,0,0,0,0,0,0,0,0,0,0,0,0,0,0,0
"2845569",0,0,0,0,0,0,0,0,0,0,0,0,0,0,0,0,0,0,0,0,0,0,0,0
"2845573",0,0,0,0,0,0,0,0,0,0,0,0,0,0,0,0,0,0,0,0,0,0,0,0
"2845574",0,0,0,0,0,0,0,0,0,0,0,0,0,0,0,0,0,0,0,0,0,0,0,0
"2845577",0,0,0,0,0,0,0,0,0,0,0,0,0,0,0,0,0,0,0,0,0,0,0,0
"2845578",0,0,0,0,0,0,0,0,0,0,0,0,0,0,0,0,0,0,0,0,0,0,0,0
"2845579",0,0,0,0,0,0,0,0,0,0,0,0,0,0,0,0,0,0,0,0,0,0,0,0
"2845580",0,0,0,0,0,0,0,0,0,0,0,0,0,0,0,0,0,0,0,0,0,0,0,0
"2845583",0,0,0,0,0,0,0,0,0,0,0,0,0,0,0,0,0,0,0,0,0,0,0,0
"2845584",0,0,0,0,0,0,0,0,0,0,0,0,0,0,0,0,0,0,0,0,0,0,0,0
"2845585",0,0,0,0,0,0,0,0,0,0,0,0,0,0,0,0,0,0,0,0,0,0,0,0
"2845599",0,0,0,0,0,0,0,0,0,0,0,0,0,0,0,0,0,0,0,0,0,0,0,0
"2845600",0,0,0,0,0,0,0,0,0,0,0,0,0,0,0,0,0,0,0,0,0,0,0,0
"2845601",0,0,0,0,0,0,0,0,0,0,0,0,0,0,0,0,0,0,0,0,0,0,0,0
"2845603",0,0,0,0,0,0,0,0,0,0,0,0,0,0,0,0,0,0,0,0,0,0,0,0
"2845604",0,0,0,0,0,0,0,0,0,0,0,0,0,0,0,0,0,0,0,0,0,0,0,0
"2845605",0,0,0,0,0,0,0,0,0,0,0,0,0,0,0,0,0,0,0,0,0,0,0,0
"2845606",0,0,0,0,0,0,0,0,0,0,0,0,0,0,0,0,0,0,0,0,0,0,0,0
"2845608",0,0,0,0,0,0,0,0,0,0,0,0,0,0,0,0,0,0,0,0,0,0,0,0
"2845610",0,0,0,0,0,0,0,0,0,0,0,0,0,0,0,0,0,0,0,0,0,0,0,0
"2845611",0,0,0,0,0,0,0,0,0,0,0,0,0,0,0,0,0,0,0,0,0,0,0,0
"2845612",0,0,0,0,0,0,0,0,0,0,0,0,0,0,0,0,0,0,0,0,0,0,0,0
"2845614",0,0,0,0,0,0,0,0,0,0,0,0,0,0,0,0,0,0,0,0,0,0,0,0
"2845615",0,0,0,0,0,0,0,0,0,0,0,0,0,0,0,0,0,0,0,0,0,0,0,0
"2845617",0,0,0,0,0,0,0,0,0,0,0,0,0,0,0,0,0,0,0,0,0,0,0,0
"2845618",0,0,0,0,0,0,0,0,0,0,0,0,0,0,0,0,0,0,0,0,0,0,0,0
"2845619",0,0,0,0,0,0,0,0,0,0,0,0,0,0,0,0,0,0,0,0,0,0,0,0
"2845621",0,0,0,0,0,0,0,0,0,0,0,0,0,0,0,0,0,0,0,0,0,0,0,0
"2845622",0,0,0,0,0,0,0,0,0,0,0,0,0,0,0,0,0,0,0,0,0,0,0,0
"2845623",0,0,0,0,0,0,0,0,0,0,0,0,0,0,0,0,0,0,0,0,0,0,0,0
"2845625",0,0,0,0,0,0,0,0,0,0,0,0,0,0,0,0,0,0,0,0,0,0,0,0
"2845626",0,0,0,0,0,0,0,0,0,0,0,0,0,0,0,0,0,0,0,0,0,0,0,0
"2845631",0,0,0,0,0,0,0,0,0,0,0,0,0,0,0,0,0,0,0,0,0,0,0,0
"2845632",0,0,0,0,0,0,0,0,0,0,0,0,0,0,0,0,0,0,0,0,0,0,0,0
"2845634",0,0,0,0,0,0,0,0,0,0,0,0,0,0,0,0,0,0,0,0,0,0,0,0
"2845635",0,0,0,0,0,0,0,0,0,0,0,0,0,0,0,0,0,0,0,0,0,0,0,0
"2845637",0,0,0,0,0,0,0,0,0,0,0,0,0,0,0,0,0,0,0,0,0,0,0,0
"2845638",0,0,0,0,0,0,0,0,0,0,0,0,0,0,0,0,0,0,0,0,0,0,0,0
"2845639",0,0,0,0,0,0,0,0,0,0,0,0,0,0,0,0,0,0,0,0,0,0,0,0
"2845640",0,0,0,0,0,0,0,0,0,0,0,0,0,0,0,0,0,0,0,0,0,0,0,0
"2845641",0,0,0,0,0,0,0,0,0,0,0,0,0,0,0,0,0,0,0,0,0,0,0,0
"2845642",0,0,0,0,0,0,0,0,0,0,0,0,0,0,0,0,0,0,0,0,0,0,0,0
"2845643",0,0,0,0,0,0,0,0,0,0,0,0,0,0,0,0,0,0,0,0,0,0,0,0
"2845644",0,0,0,0,0,0,0,0,0,0,0,0,0,0,0,0,0,0,0,0,0,0,0,0
"2845645",0,0,0,0,0,0,0,0,0,0,0,0,0,0,0,0,0,0,0,0,0,0,0,0
"2845647",0,0,0,0,0,0,0,0,0,0,0,0,0,0,0,0,0,0,0,0,0,0,0,0
"2845660",0,0,0,0,0,0,0,0,0,0,0,0,0,0,0,0,0,0,0,0,0,0,0,0
"2845661",0,0,0,0,0,0,0,0,0,0,0,0,0,0,0,0,0,0,0,0,0,0,0,0
"2845662",0,0,0,0,0,0,0,0,0,0,0,0,0,0,0,0,0,0,0,0,0,0,0,0
"2845663",0,0,0,0,0,0,0,0,0,0,0,0,0,0,0,0,0,0,0,0,0,0,0,0
"2845664",0,0,0,0,0,0,0,0,0,0,0,0,0,0,0,0,0,0,0,0,0,0,0,0
"2845665",0,0,0,0,0,0,0,0,0,0,0,0,0,0,0,0,0,0,0,0,0,0,0,0
"2845666",0,0,0,0,0,0,0,0,0,0,0,0,0,0,0,0,0,0,0,0,0,0,0,0
"2845667",0,0,0,0,0,0,0,0,0,0,0,0,0,0,0,0,0,0,0,0,0,0,0,0
"2845669",0,0,0,0,0,0,0,0,0,0,0,0,0,0,0,0,0,0,0,0,0,0,0,0
"2845670",0,0,0,0,0,0,0,0,0,0,0,0,0,0,0,0,0,0,0,0,0,0,0,0
"2845671",0,0,0,0,0,0,0,0,0,0,0,0,0,0,0,0,0,0,0,0,0,0,0,0
"2845672",0,0,0,0,0,0,0,0,0,0,0,0,0,0,0,0,0,0,0,0,0,0,0,0
"2845673",0,0,0,0,0,0,0,0,0,0,0,0,0,0,0,0,0,0,0,0,0,0,0,0
"2845674",0,0,0,0,0,0,0,0,0,0,0,0,0,0,0,0,0,0,0,0,0,0,0,0
"2845675",0,0,0,0,0,0,0,0,0,0,0,0,0,0,0,0,0,0,0,0,0,0,0,0
"2845676",0,0,0,0,0,0,0,0,0,0,0,0,0,0,0,0,0,0,0,0,0,0,0,0
"2845678",0,0,0,0,0,0,0,0,0,0,0,0,0,0,0,0,0,0,0,0,0,0,0,0
"2845679",0,0,0,0,0,0,0,0,0,0,0,0,0,0,0,0,0,0,0,0,0,0,0,0
"2845680",0,0,0,0,0,0,0,0,0,0,0,0,0,0,0,0,0,0,0,0,0,0,0,0
"2845681",0,0,0,0,0,0,0,0,0,0,0,0,0,0,0,0,0,0,0,0,0,0,0,0
"2845682",0,0,0,0,0,0,0,0,0,0,0,0,0,0,0,0,0,0,0,0,0,0,0,0
"2845683",0,0,0,0,0,0,0,0,0,0,0,0,0,0,0,0,0,0,0,0,0,0,0,0
"2845685",0,0,0,0,0,0,0,0,0,0,0,0,0,0,0,0,0,0,0,0,0,0,0,0
"2845686",0,0,0,0,0,0,0,0,0,0,0,0,0,0,0,0,0,0,0,0,0,0,0,0
"2845688",0,0,0,0,0,0,0,0,0,0,0,0,0,0,0,0,0,0,0,0,0,0,0,0
"2845689",0,0,0,0,0,0,0,0,0,0,0,0,0,0,0,0,0,0,0,0,0,0,0,0
"2845692",0,0,0,0,0,0,0,0,0,0,0,0,0,0,0,0,0,0,0,0,0,0,0,0
"2845693",0,0,0,0,0,0,0,0,0,0,0,0,0,0,0,0,0,0,0,0,0,0,0,0
"2845697",0,0,0,0,0,0,0,0,0,0,0,0,0,0,0,0,0,0,0,0,0,0,0,0
"2845699",0,0,0,0,0,0,0,0,0,0,0,0,0,0,0,0,0,0,0,0,0,0,0,0
"2845700",0,0,0,0,0,0,0,0,0,0,0,0,0,0,0,0,0,0,0,0,0,0,0,0
"2845701",0,0,0,0,0,0,0,0,0,0,0,0,0,0,0,0,0,0,0,0,0,0,0,0
"2845702",0,0,0,0,0,0,0,0,0,0,0,0,0,0,0,0,0,0,0,0,0,0,0,0
"2845703",0,0,0,0,0,0,0,0,0,0,0,0,0,0,0,0,0,0,0,0,0,0,0,0
"2845704",0,0,0,0,0,0,0,0,0,0,0,0,0,0,0,0,0,0,0,0,0,0,0,0
"2845705",0,0,0,0,0,0,0,0,0,0,0,0,0,0,0,0,0,0,0,0,0,0,0,0
"2845706",0,0,0,0,0,0,0,0,0,0,0,0,0,0,0,0,0,0,0,0,0,0,0,0
"2845707",0,0,0,0,0,0,0,0,0,0,0,0,0,0,0,0,0,0,0,0,0,0,0,0
"2845709",0,0,0,0,0,0,0,0,0,0,0,0,0,0,0,0,0,0,0,0,0,0,0,0
"2845710",0,0,0,0,0,0,0,0,0,0,0,0,0,0,0,0,0,0,0,0,0,0,0,0
"2845711",0,0,0,0,0,0,0,0,0,0,0,0,0,0,0,0,0,0,0,0,0,0,0,0
"2845712",0,0,0,0,0,0,0,0,0,0,0,0,0,0,0,0,0,0,0,0,0,0,0,0
"2845714",0,0,0,0,0,0,0,0,0,0,0,0,0,0,0,0,0,0,0,0,0,0,0,0
"2845715",0,0,0,0,0,0,0,0,0,0,0,0,0,0,0,0,0,0,0,0,0,0,0,0
"2845716",0,0,0,0,0,0,0,0,0,0,0,0,0,0,0,0,0,0,0,0,0,0,0,0
"2845717",0,0,0,0,0,0,0,0,0,0,0,0,0,0,0,0,0,0,0,0,0,0,0,0
"2845718",0,0,0,0,0,0,0,0,0,0,0,0,0,0,0,0,0,0,0,0,0,0,0,0
"2845721",0,0,0,0,0,0,0,0,0,0,0,0,0,0,0,0,0,0,0,0,0,0,0,0
"2845722",0,0,0,0,0,0,0,0,0,0,0,0,0,0,0,0,0,0,0,0,0,0,0,0
"2845724",0,0,0,0,0,0,0,0,0,0,0,0,0,0,0,0,0,0,0,0,0,0,0,0
"2845726",0,0,0,0,0,0,0,0,0,0,0,0,0,0,0,0,0,0,0,0,0,0,0,0
"2845728",0,0,0,0,0,0,0,0,0,0,0,0,0,0,0,0,0,0,0,0,0,0,0,0
"2845729",0,0,0,0,0,0,0,0,0,0,0,0,0,0,0,0,0,0,0,0,0,0,0,0
"2845730",0,0,0,0,0,0,0,0,0,0,0,0,0,0,0,0,0,0,0,0,0,0,0,0
"2845733",0,0,0,0,0,0,0,0,0,0,0,0,0,0,0,0,0,0,0,0,0,0,0,0
"2845734",0,0,0,0,0,0,0,0,0,0,0,0,0,0,0,0,0,0,0,0,0,0,0,0
"2845739",0,0,0,0,0,0,0,0,0,0,0,0,0,0,0,0,0,0,0,0,0,0,0,0
"2845741",0,0,0,0,0,0,0,0,0,0,0,0,0,0,0,0,0,0,0,0,0,0,0,0
"2845743",0,0,0,0,0,0,0,0,0,0,0,0,0,0,0,0,0,0,0,0,0,0,0,0
"2845744",0,0,0,0,0,0,0,0,0,0,0,0,0,0,0,0,0,0,0,0,0,0,0,0
"2845749",0,0,0,0,0,0,0,0,0,0,0,0,0,0,0,0,0,0,0,0,0,0,0,0
"2845751",0,0,0,0,0,0,0,0,0,0,0,0,0,0,0,0,0,0,0,0,0,0,0,0
"2845752",0,0,0,0,0,0,0,0,0,0,0,0,0,0,0,0,0,0,0,0,0,0,0,0
"2845753",0,0,0,0,0,0,0,0,0,0,0,0,0,0,0,0,0,0,0,0,0,0,0,0
"2845754",0,0,0,0,0,0,0,0,0,0,0,0,0,0,0,0,0,0,0,0,0,0,0,0
"2845755",0,0,0,0,0,0,0,0,0,0,0,0,0,0,0,0,0,0,0,0,0,0,0,0
"2845759",0,0,0,0,0,0,0,0,0,0,0,0,0,0,0,0,0,0,0,0,0,0,0,0
"2845768",0,0,0,0,0,0,0,0,0,0,0,0,0,0,0,0,0,0,0,0,0,0,0,0
"2845769",0,0,0,0,0,0,0,0,0,0,0,0,0,0,0,0,0,0,0,0,0,0,0,0
"2845770",0,0,0,0,0,0,0,0,0,0,0,0,0,0,0,0,0,0,0,0,0,0,0,0
"2845771",0,0,0,0,0,0,0,0,0,0,0,0,0,0,0,0,0,0,0,0,0,0,0,0
"2845772",0,0,0,0,0,0,0,0,0,0,0,0,0,0,0,0,0,0,0,0,0,0,0,0
"2845773",0,0,0,0,0,0,0,0,0,0,0,0,0,0,0,0,0,0,0,0,0,0,0,0
"2845775",0,0,0,0,0,0,0,0,0,0,0,0,0,0,0,0,0,0,0,0,0,0,0,0
"2845776",0,0,0,0,0,0,0,0,0,0,0,0,0,0,0,0,0,0,0,0,0,0,0,0
"2845777",0,0,0,0,0,0,0,0,0,0,0,0,0,0,0,0,0,0,0,0,0,0,0,0
"2845778",0,0,0,0,0,0,0,0,0,0,0,0,0,0,0,0,0,0,0,0,0,0,0,0
"2845780",0,0,0,0,0,0,0,0,0,0,0,0,0,0,0,0,0,0,0,0,0,0,0,0
"2845781",0,0,0,0,0,0,0,0,0,0,0,0,0,0,0,0,0,0,0,0,0,0,0,0
"2845782",0,0,0,0,0,0,0,0,0,0,0,0,0,0,0,0,0,0,0,0,0,0,0,0
"2845785",0,0,0,0,0,0,0,0,0,0,0,0,0,0,0,0,0,0,0,0,0,0,0,0
"2845786",0,0,0,0,0,0,0,0,0,0,0,0,0,0,0,0,0,0,0,0,0,0,0,0
"2845787",0,0,0,0,0,0,0,0,0,0,0,0,0,0,0,0,0,0,0,0,0,0,0,0
"2845789",0,0,0,0,0,0,0,0,0,0,0,0,0,0,0,0,0,0,0,0,0,0,0,0
"2845790",0,0,0,0,0,0,0,0,0,0,0,0,0,0,0,0,0,0,0,0,0,0,0,0
"2845791",0,0,0,0,0,0,0,0,0,0,0,0,0,0,0,0,0,0,0,0,0,0,0,0
"2845794",0,0,0,0,0,0,0,0,0,0,0,0,0,0,0,0,0,0,0,0,0,0,0,0
"2845795",0,0,0,0,0,0,0,0,0,0,0,0,0,0,0,0,0,0,0,0,0,0,0,0
"2845796",0,0,0,0,0,0,0,0,0,0,0,0,0,0,0,0,0,0,0,0,0,0,0,0
"2845798",0,0,0,0,0,0,0,0,0,0,0,0,0,0,0,0,0,0,0,0,0,0,0,0
"2845801",0,0,0,0,0,0,0,0,0,0,0,0,0,0,0,0,0,0,0,0,0,0,0,0
"2845804",0,0,0,0,0,0,0,0,0,0,0,0,0,0,0,0,0,0,0,0,0,0,0,0
"2845805",0,0,0,0,0,0,0,0,0,0,0,0,0,0,0,0,0,0,0,0,0,0,0,0
"2845806",0,0,0,0,0,0,0,0,0,0,0,0,0,0,0,0,0,0,0,0,0,0,0,0
"2845807",0,0,0,0,0,0,0,0,0,0,0,0,0,0,0,0,0,0,0,0,0,0,0,0
"2845831",0,0,0,0,0,0,0,0,0,0,0,0,0,0,0,0,0,0,0,0,0,0,0,0
"2845832",0,0,0,0,0,0,0,0,0,0,0,0,0,0,0,0,0,0,0,0,0,0,0,0
"2845833",0,0,0,0,0,0,0,0,0,0,0,0,0,0,0,0,0,0,0,0,0,0,0,0
"2845834",0,0,0,0,0,0,0,0,0,0,0,0,0,0,0,0,0,0,0,0,0,0,0,0
"2845835",0,0,0,0,0,0,0,0,0,0,0,0,0,0,0,0,0,0,0,0,0,0,0,0
"2845838",0,0,0,0,0,0,0,0,0,0,0,0,0,0,0,0,0,0,0,0,0,0,0,0
"2845839",0,0,0,0,0,0,0,0,0,0,0,0,0,0,0,0,0,0,0,0,0,0,0,0
"2845840",0,0,0,0,0,0,0,0,0,0,0,0,0,0,0,0,0,0,0,0,0,0,0,0
"2845841",0,0,0,0,0,0,0,0,0,0,0,0,0,0,0,0,0,0,0,0,0,0,0,0
"2845842",0,0,0,0,0,0,0,0,0,0,0,0,0,0,0,0,0,0,0,0,0,0,0,0
"2845843",0,0,0,0,0,0,0,0,0,0,0,0,0,0,0,0,0,0,0,0,0,0,0,0
"2845845",0,0,0,0,0,0,0,0,0,0,0,0,0,0,0,0,0,0,0,0,0,0,0,0
"2845846",0,0,0,0,0,0,0,0,0,0,0,0,0,0,0,0,0,0,0,0,0,0,0,0
"2845847",0,0,0,0,0,0,0,0,0,0,0,0,0,0,0,0,0,0,0,0,0,0,0,0
"2845848",0,0,0,0,0,0,0,0,0,0,0,0,0,0,0,0,0,0,0,0,0,0,0,0
"2845849",0,0,0,0,0,0,0,0,0,0,0,0,0,0,0,0,0,0,0,0,0,0,0,0
"2845850",0,0,0,0,0,0,0,0,0,0,0,0,0,0,0,0,0,0,0,0,0,0,0,0
"2845852",0,0,0,0,0,0,0,0,0,0,0,0,0,0,0,0,0,0,0,0,0,0,0,0
"2845853",0,0,0,0,0,0,0,0,0,0,0,0,0,0,0,0,0,0,0,0,0,0,0,0
"2845854",0,0,0,0,0,0,0,0,0,0,0,0,0,0,0,0,0,0,0,0,0,0,0,0
"2845855",0,0,0,0,0,0,0,0,0,0,0,0,0,0,0,0,0,0,0,0,0,0,0,0
"2845856",0,0,0,0,0,0,0,0,0,0,0,0,0,0,0,0,0,0,0,0,0,0,0,0
"2845857",0,0,0,0,0,0,0,0,0,0,0,0,0,0,0,0,0,0,0,0,0,0,0,0
"2845858",0,0,0,0,0,0,0,0,0,0,0,0,0,0,0,0,0,0,0,0,0,0,0,0
"2845859",0,0,0,0,0,0,0,0,0,0,0,0,0,0,0,0,0,0,0,0,0,0,0,0
"2845860",0,0,0,0,0,0,0,0,0,0,0,0,0,0,0,0,0,0,0,0,0,0,0,0
"2845861",0,0,0,0,0,0,0,0,0,0,0,0,0,0,0,0,0,0,0,0,0,0,0,0
"2845862",0,0,0,0,0,0,0,0,0,0,0,0,0,0,0,0,0,0,0,0,0,0,0,0
"2845863",0,0,0,0,0,0,0,0,0,0,0,0,0,0,0,0,0,0,0,0,0,0,0,0
"2845864",0,0,0,0,0,0,0,0,0,0,0,0,0,0,0,0,0,0,0,0,0,0,0,0
"2845865",0,0,0,0,0,0,0,0,0,0,0,0,0,0,0,0,0,0,0,0,0,0,0,0
"2845866",0,0,0,0,0,0,0,0,0,0,0,0,0,0,0,0,0,0,0,0,0,0,0,0
"2845867",0,0,0,0,0,0,0,0,0,0,0,0,0,0,0,0,0,0,0,0,0,0,0,0
"2845868",0,0,0,0,0,0,0,0,0,0,0,0,0,0,0,0,0,0,0,0,0,0,0,0
"2845869",0,0,0,0,0,0,0,0,0,0,0,0,0,0,0,0,0,0,0,0,0,0,0,0
"2845870",0,0,0,0,0,0,0,0,0,0,0,0,0,0,0,0,0,0,0,0,0,0,0,0
"2845872",0,0,0,0,0,0,0,0,0,0,0,0,0,0,0,0,0,0,0,0,0,0,0,0
"2845874",0,0,0,0,0,0,0,0,0,0,0,0,0,0,0,0,0,0,0,0,0,0,0,0
"2845875",0,0,0,0,0,0,0,0,0,0,0,0,0,0,0,0,0,0,0,0,0,0,0,0
"2845877",0,0,0,0,0,0,0,0,0,0,0,0,0,0,0,0,0,0,0,0,0,0,0,0
"2845883",0,0,0,0,0,0,0,0,0,0,0,0,0,0,0,0,0,0,0,0,0,0,0,0
"2845885",0,0,0,0,0,0,0,0,0,0,0,0,0,0,0,0,0,0,0,0,0,0,0,0
"2845886",0,0,0,0,0,0,0,0,0,0,0,0,0,0,0,0,0,0,0,0,0,0,0,0
"2845887",0,0,0,0,0,0,0,0,0,0,0,0,0,0,0,0,0,0,0,0,0,0,0,0
"2845888",0,0,0,0,0,0,0,0,0,0,0,0,0,0,0,0,0,0,0,0,0,0,0,0
"2845889",0,0,0,0,0,0,0,0,0,0,0,0,0,0,0,0,0,0,0,0,0,0,0,0
"2845893",0,0,0,0,0,0,0,0,0,0,0,0,0,0,0,0,0,0,0,0,0,0,0,0
"2845895",0,0,0,0,0,0,0,0,0,0,0,0,0,0,0,0,0,0,0,0,0,0,0,0
"2845896",0,0,0,0,0,0,0,0,0,0,0,0,0,0,0,0,0,0,0,0,0,0,0,0
"2845897",0,0,0,0,0,0,0,0,0,0,0,0,0,0,0,0,0,0,0,0,0,0,0,0
"2845899",0,0,0,0,0,0,0,0,0,0,0,0,0,0,0,0,0,0,0,0,0,0,0,0
"2845900",0,0,0,0,0,0,0,0,0,0,0,0,0,0,0,0,0,0,0,0,0,0,0,0
"2845902",0,0,0,0,0,0,0,0,0,0,0,0,0,0,0,0,0,0,0,0,0,0,0,0
"2845903",0,0,0,0,0,0,0,0,0,0,0,0,0,0,0,0,0,0,0,0,0,0,0,0
"2845905",0,0,0,0,0,0,0,0,0,0,0,0,0,0,0,0,0,0,0,0,0,0,0,0
"2845906",0,0,0,0,0,0,0,0,0,0,0,0,0,0,0,0,0,0,0,0,0,0,0,0
"2845909",0,0,0,0,0,0,0,0,0,0,0,0,0,0,0,0,0,0,0,0,0,0,0,0
"2845924",0,0,0,0,0,0,0,0,0,0,0,0,0,0,0,0,0,0,0,0,0,0,0,0
"2845933",0,0,0,0,0,0,0,0,0,0,0,0,0,0,0,0,0,0,0,0,0,0,0,0
"2845934",0,0,0,0,0,0,0,0,0,0,0,0,0,0,0,0,0,0,0,0,0,0,0,0
"2845935",0,0,0,0,0,0,0,0,0,0,0,0,0,0,0,0,0,0,0,0,0,0,0,0
"2845943",0,0,0,0,0,0,0,0,0,0,0,0,0,0,0,0,0,0,0,0,0,0,0,0
"2845944",0,0,0,0,0,0,0,0,0,0,0,0,0,0,0,0,0,0,0,0,0,0,0,0
"2845946",0,0,0,0,0,0,0,0,0,0,0,0,0,0,0,0,0,0,0,0,0,0,0,0
"2845947",0,0,0,0,0,0,0,0,0,0,0,0,0,0,0,0,0,0,0,0,0,0,0,0
"2845948",0,0,0,0,0,0,0,0,0,0,0,0,0,0,0,0,0,0,0,0,0,0,0,0
"2845951",0,0,0,0,0,0,0,0,0,0,0,0,0,0,0,0,0,0,0,0,0,0,0,0
"2845956",0,0,0,0,0,0,0,0,0,0,0,0,0,0,0,0,0,0,0,0,0,0,0,0
"2845964",0,0,0,0,0,0,0,0,0,0,0,0,0,0,0,0,0,0,0,0,0,0,0,0
"2845965",0,0,0,0,0,0,0,0,0,0,0,0,0,0,0,0,0,0,0,0,0,0,0,0
"2845974",0,0,0,0,0,0,0,0,0,0,0,0,0,0,0,0,0,0,0,0,0,0,0,0
"2845978",0,0,0,0,0,0,0,0,0,0,0,0,0,0,0,0,0,0,0,0,0,0,0,0
"2845979",0,0,0,0,0,0,0,0,0,0,0,0,0,0,0,0,0,0,0,0,0,0,0,0
"2845980",0,0,0,0,0,0,0,0,0,0,0,0,0,0,0,0,0,0,0,0,0,0,0,0
"2845981",0,0,0,0,0,0,0,0,0,0,0,0,0,0,0,0,0,0,0,0,0,0,0,0
"2845982",0,0,0,0,0,0,0,0,0,0,0,0,0,0,0,0,0,0,0,0,0,0,0,0
"2845983",0,0,0,0,0,0,0,0,0,0,0,0,0,0,0,0,0,0,0,0,0,0,0,0
"2845984",0,0,0,0,0,0,0,0,0,0,0,0,0,0,0,0,0,0,0,0,0,0,0,0
"2845985",0,0,0,0,0,0,0,0,0,0,0,0,0,0,0,0,0,0,0,0,0,0,0,0
"2845986",0,0,0,0,0,0,0,0,0,0,0,0,0,0,0,0,0,0,0,0,0,0,0,0
"2845987",0,0,0,0,0,0,0,0,0,0,0,0,0,0,0,0,0,0,0,0,0,0,0,0
"2845988",0,0,0,0,0,0,0,0,0,0,0,0,0,0,0,0,0,0,0,0,0,0,0,0
"2845989",0,0,0,0,0,0,0,0,0,0,0,0,0,0,0,0,0,0,0,0,0,0,0,0
"2845990",0,0,0,0,0,0,0,0,0,0,0,0,0,0,0,0,0,0,0,0,0,0,0,0
"2845991",0,0,0,0,0,0,0,0,0,0,0,0,0,0,0,0,0,0,0,0,0,0,0,0
"2845992",0,0,0,0,0,0,0,0,0,0,0,0,0,0,0,0,0,0,0,0,0,0,0,0
"2845993",0,0,0,0,0,0,0,0,0,0,0,0,0,0,0,0,0,0,0,0,0,0,0,0
"2845994",0,0,0,0,0,0,0,0,0,0,0,0,0,0,0,0,0,0,0,0,0,0,0,0
"2845995",0,0,0,0,0,0,0,0,0,0,0,0,0,0,0,0,0,0,0,0,0,0,0,0
"2845996",0,0,0,0,0,0,0,0,0,0,0,0,0,0,0,0,0,0,0,0,0,0,0,0
"2845997",0,0,0,0,0,0,0,0,0,0,0,0,0,0,0,0,0,0,0,0,0,0,0,0
"2845998",0,0,0,0,0,0,0,0,0,0,0,0,0,0,0,0,0,0,0,0,0,0,0,0
"2845999",0,0,0,0,0,0,0,0,0,0,0,0,0,0,0,0,0,0,0,0,0,0,0,0
"2846000",0,0,0,0,0,0,0,0,0,0,0,0,0,0,0,0,0,0,0,0,0,0,0,0
"2846001",0,0,0,0,0,0,0,0,0,0,0,0,0,0,0,0,0,0,0,0,0,0,0,0
"2846002",0,0,0,0,0,0,0,0,0,0,0,0,0,0,0,0,0,0,0,0,0,0,0,0
"2846005",0,0,0,0,0,0,0,0,0,0,0,0,0,0,0,0,0,0,0,0,0,0,0,0
"2846006",0,0,0,0,0,0,0,0,0,0,0,0,0,0,0,0,0,0,0,0,0,0,0,0
"2846007",0,0,0,0,0,0,0,0,0,0,0,0,0,0,0,0,0,0,0,0,0,0,0,0
"2846008",0,0,0,0,0,0,0,0,0,0,0,0,0,0,0,0,0,0,0,0,0,0,0,0
"2846010",0,0,0,0,0,0,0,0,0,0,0,0,0,0,0,0,0,0,0,0,0,0,0,0
"2846011",0,0,0,0,0,0,0,0,0,0,0,0,0,0,0,0,0,0,0,0,0,0,0,0
"2846015",0,0,0,0,0,0,0,0,0,0,0,0,0,0,0,0,0,0,0,0,0,0,0,0
"2846016",0,0,0,0,0,0,0,0,0,0,0,0,0,0,0,0,0,0,0,0,0,0,0,0
"2846020",0,0,0,0,0,0,0,0,0,0,0,0,0,0,0,0,0,0,0,0,0,0,0,0
"2846021",0,0,0,0,0,0,0,0,0,0,0,0,0,0,0,0,0,0,0,0,0,0,0,0
"2846022",0,0,0,0,0,0,0,0,0,0,0,0,0,0,0,0,0,0,0,0,0,0,0,0
"2846025",0,0,0,0,0,0,0,0,0,0,0,0,0,0,0,0,0,0,0,0,0,0,0,0
"2846026",0,0,0,0,0,0,0,0,0,0,0,0,0,0,0,0,0,0,0,0,0,0,0,0
"2846029",0,0,0,0,0,0,0,0,0,0,0,0,0,0,0,0,0,0,0,0,0,0,0,0
"2846030",0,0,0,0,0,0,0,0,0,0,0,0,0,0,0,0,0,0,0,0,0,0,0,0
"2846031",0,0,0,0,0,0,0,0,0,0,0,0,0,0,0,0,0,0,0,0,0,0,0,0
"2846032",0,0,0,0,0,0,0,0,0,0,0,0,0,0,0,0,0,0,0,0,0,0,0,0
"2846033",0,0,0,0,0,0,0,0,0,0,0,0,0,0,0,0,0,0,0,0,0,0,0,0
"2846034",0,0,0,0,0,0,0,0,0,0,0,0,0,0,0,0,0,0,0,0,0,0,0,0
"2846035",0,0,0,0,0,0,0,0,0,0,0,0,0,0,0,0,0,0,0,0,0,0,0,0
"2846037",0,0,0,0,0,0,0,0,0,0,0,0,0,0,0,0,0,0,0,0,0,0,0,0
"2846055",0,0,0,0,0,0,0,0,0,0,0,0,0,0,0,0,0,0,0,0,0,0,0,0
"2846058",0,0,0,0,0,0,0,0,0,0,0,0,0,0,0,0,0,0,0,0,0,0,0,0
"2846059",0,0,0,0,0,0,0,0,0,0,0,0,0,0,0,0,0,0,0,0,0,0,0,0
"2846065",0,0,0,0,0,0,0,0,0,0,0,0,0,0,0,0,0,0,0,0,0,0,0,0
"2846066",0,0,0,0,0,0,0,0,0,0,0,0,0,0,0,0,0,0,0,0,0,0,0,0
"2846067",0,0,0,0,0,0,0,0,0,0,0,0,0,0,0,0,0,0,0,0,0,0,0,0
"2846076",0,0,0,0,0,0,0,0,0,0,0,0,0,0,0,0,0,0,0,0,0,0,0,0
"2846078",0,0,0,0,0,0,0,0,0,0,0,0,0,0,0,0,0,0,0,0,0,0,0,0
"2846085",0,0,0,0,0,0,0,0,0,0,0,0,0,0,0,0,0,0,0,0,0,0,0,0
"2846087",0,0,0,0,0,0,0,0,0,0,0,0,0,0,0,0,0,0,0,0,0,0,0,0
"2846091",0,0,0,0,0,0,0,0,0,0,0,0,0,0,0,0,0,0,0,0,0,0,0,0
"2846095",0,0,0,0,0,0,0,0,0,0,0,0,0,0,0,0,0,0,0,0,0,0,0,0
"2846098",0,0,0,0,0,0,0,0,0,0,0,0,0,0,0,0,0,0,0,0,0,0,0,0
"2846099",0,0,0,0,0,0,0,0,0,0,0,0,0,0,0,0,0,0,0,0,0,0,0,0
"2846101",0,0,0,0,0,0,0,0,0,0,0,0,0,0,0,0,0,0,0,0,0,0,0,0
"2846102",0,0,0,0,0,0,0,0,0,0,0,0,0,0,0,0,0,0,0,0,0,0,0,0
"2846105",0,0,0,0,0,0,0,0,0,0,0,0,0,0,0,0,0,0,0,0,0,0,0,0
"2846106",0,0,0,0,0,0,0,0,0,0,0,0,0,0,0,0,0,0,0,0,0,0,0,0
"2846107",0,0,0,0,0,0,0,0,0,0,0,0,0,0,0,0,0,0,0,0,0,0,0,0
"2846110",0,0,0,0,0,0,0,0,0,0,0,0,0,0,0,0,0,0,0,0,0,0,0,0
"2846112",0,0,0,0,0,0,0,0,0,0,0,0,0,0,0,0,0,0,0,0,0,0,0,0
"2846113",0,0,0,0,0,0,0,0,0,0,0,0,0,0,0,0,0,0,0,0,0,0,0,0
"2846114",0,0,0,0,0,0,0,0,0,0,0,0,0,0,0,0,0,0,0,0,0,0,0,0
"2846115",0,0,0,0,0,0,0,0,0,0,0,0,0,0,0,0,0,0,0,0,0,0,0,0
"2846116",0,0,0,0,0,0,0,0,0,0,0,0,0,0,0,0,0,0,0,0,0,0,0,0
"2846117",0,0,0,0,0,0,0,0,0,0,0,0,0,0,0,0,0,0,0,0,0,0,0,0
"2846120",0,0,0,0,0,0,0,0,0,0,0,0,0,0,0,0,0,0,0,0,0,0,0,0
"2846121",0,0,0,0,0,0,0,0,0,0,0,0,0,0,0,0,0,0,0,0,0,0,0,0
"2846122",0,0,0,0,0,0,0,0,0,0,0,0,0,0,0,0,0,0,0,0,0,0,0,0
"2846123",0,0,0,0,0,0,0,0,0,0,0,0,0,0,0,0,0,0,0,0,0,0,0,0
"2846124",0,0,0,0,0,0,0,0,0,0,0,0,0,0,0,0,0,0,0,0,0,0,0,0
"2846125",0,0,0,0,0,0,0,0,0,0,0,0,0,0,0,0,0,0,0,0,0,0,0,0
"2846127",0,0,0,0,0,0,0,0,0,0,0,0,0,0,0,0,0,0,0,0,0,0,0,0
"2846129",0,0,0,0,0,0,0,0,0,0,0,0,0,0,0,0,0,0,0,0,0,0,0,0
"2846130",0,0,0,0,0,0,0,0,0,0,0,0,0,0,0,0,0,0,0,0,0,0,0,0
"2846131",0,0,0,0,0,0,0,0,0,0,0,0,0,0,0,0,0,0,0,0,0,0,0,0
"2846132",0,0,0,0,0,0,0,0,0,0,0,0,0,0,0,0,0,0,0,0,0,0,0,0
"2846133",0,0,0,0,0,0,0,0,0,0,0,0,0,0,0,0,0,0,0,0,0,0,0,0
"2846134",0,0,0,0,0,0,0,0,0,0,0,0,0,0,0,0,0,0,0,0,0,0,0,0
"2846135",0,0,0,0,0,0,0,0,0,0,0,0,0,0,0,0,0,0,0,0,0,0,0,0
"2846136",0,0,0,0,0,0,0,0,0,0,0,0,0,0,0,0,0,0,0,0,0,0,0,0
"2846139",0,0,0,0,0,0,0,0,0,0,0,0,0,0,0,0,0,0,0,0,0,0,0,0
"2846140",0,0,0,0,0,0,0,0,0,0,0,0,0,0,0,0,0,0,0,0,0,0,0,0
"2846141",0,0,0,0,0,0,0,0,0,0,0,0,0,0,0,0,0,0,0,0,0,0,0,0
"2846142",0,0,0,0,0,0,0,0,0,0,0,0,0,0,0,0,0,0,0,0,0,0,0,0
"2846144",0,0,0,0,0,0,0,0,0,0,0,0,0,0,0,0,0,0,0,0,0,0,0,0
"2846146",0,0,0,0,0,0,0,0,0,0,0,0,0,0,0,0,0,0,0,0,0,0,0,0
"2846147",0,0,0,0,0,0,0,0,0,0,0,0,0,0,0,0,0,0,0,0,0,0,0,0
"2846148",0,0,0,0,0,0,0,0,0,0,0,0,0,0,0,0,0,0,0,0,0,0,0,0
"2846150",0,0,0,0,0,0,0,0,0,0,0,0,0,0,0,0,0,0,0,0,0,0,0,0
"2846151",0,0,0,0,0,0,0,0,0,0,0,0,0,0,0,0,0,0,0,0,0,0,0,0
"2846153",0,0,0,0,0,0,0,0,0,0,0,0,0,0,0,0,0,0,0,0,0,0,0,0
"2846157",0,0,0,0,0,0,0,0,0,0,0,0,0,0,0,0,0,0,0,0,0,0,0,0
"2846158",0,0,0,0,0,0,0,0,0,0,0,0,0,0,0,0,0,0,0,0,0,0,0,0
"2846159",0,0,0,0,0,0,0,0,0,0,0,0,0,0,0,0,0,0,0,0,0,0,0,0
"2846160",0,0,0,0,0,0,0,0,0,0,0,0,0,0,0,0,0,0,0,0,0,0,0,0
"2846161",0,0,0,0,0,0,0,0,0,0,0,0,0,0,0,0,0,0,0,0,0,0,0,0
"2846165",0,0,0,0,0,0,0,0,0,0,0,0,0,0,0,0,0,0,0,0,0,0,0,0
"2846166",0,0,0,0,0,0,0,0,0,0,0,0,0,0,0,0,0,0,0,0,0,0,0,0
"2846168",0,0,0,0,0,0,0,0,0,0,0,0,0,0,0,0,0,0,0,0,0,0,0,0
"2846169",0,0,0,0,0,0,0,0,0,0,0,0,0,0,0,0,0,0,0,0,0,0,0,0
"2846170",0,0,0,0,0,0,0,0,0,0,0,0,0,0,0,0,0,0,0,0,0,0,0,0
"2846171",0,0,0,0,0,0,0,0,0,0,0,0,0,0,0,0,0,0,0,0,0,0,0,0
"2846172",0,0,0,0,0,0,0,0,0,0,0,0,0,0,0,0,0,0,0,0,0,0,0,0
"2846174",0,0,0,0,0,0,0,0,0,0,0,0,0,0,0,0,0,0,0,0,0,0,0,0
"2846175",0,0,0,0,0,0,0,0,0,0,0,0,0,0,0,0,0,0,0,0,0,0,0,0
"2846186",0,0,0,0,0,0,0,0,0,0,0,0,0,0,0,0,0,0,0,0,0,0,0,0
"2846188",0,0,0,0,0,0,0,0,0,0,0,0,0,0,0,0,0,0,0,0,0,0,0,0
"2846190",0,0,0,0,0,0,0,0,0,0,0,0,0,0,0,0,0,0,0,0,0,0,0,0
"2846193",0,0,0,0,0,0,0,0,0,0,0,0,0,0,0,0,0,0,0,0,0,0,0,0
"2846196",0,0,0,0,0,0,0,0,0,0,0,0,0,0,0,0,0,0,0,0,0,0,0,0
"2846198",0,0,0,0,0,0,0,0,0,0,0,0,0,0,0,0,0,0,0,0,0,0,0,0
"2846199",0,0,0,0,0,0,0,0,0,0,0,0,0,0,0,0,0,0,0,0,0,0,0,0
"2846200",0,0,0,0,0,0,0,0,0,0,0,0,0,0,0,0,0,0,0,0,0,0,0,0
"2846201",0,0,0,0,0,0,0,0,0,0,0,0,0,0,0,0,0,0,0,0,0,0,0,0
"2846203",0,0,0,0,0,0,0,0,0,0,0,0,0,0,0,0,0,0,0,0,0,0,0,0
"2846204",0,0,0,0,0,0,0,0,0,0,0,0,0,0,0,0,0,0,0,0,0,0,0,0
"2846205",0,0,0,0,0,0,0,0,0,0,0,0,0,0,0,0,0,0,0,0,0,0,0,0
"2846208",0,0,0,0,0,0,0,0,0,0,0,0,0,0,0,0,0,0,0,0,0,0,0,0
"2846209",0,0,0,0,0,0,0,0,0,0,0,0,0,0,0,0,0,0,0,0,0,0,0,0
"2846210",0,0,0,0,0,0,0,0,0,0,0,0,0,0,0,0,0,0,0,0,0,0,0,0
"2846212",0,0,0,0,0,0,0,0,0,0,0,0,0,0,0,0,0,0,0,0,0,0,0,0
"2846214",0,0,0,0,0,0,0,0,0,0,0,0,0,0,0,0,0,0,0,0,0,0,0,0
"2846215",0,0,0,0,0,0,0,0,0,0,0,0,0,0,0,0,0,0,0,0,0,0,0,0
"2846217",0,0,0,0,0,0,0,0,0,0,0,0,0,0,0,0,0,0,0,0,0,0,0,0
"2846226",0,0,0,0,0,0,0,0,0,0,0,0,0,0,0,0,0,0,0,0,0,0,0,0
"2846235",0,0,0,0,0,0,0,0,0,0,0,0,0,0,0,0,0,0,0,0,0,0,0,0
"2846236",0,0,0,0,0,0,0,0,0,0,0,0,0,0,0,0,0,0,0,0,0,0,0,0
"2846237",0,0,0,0,0,0,0,0,0,0,0,0,0,0,0,0,0,0,0,0,0,0,0,0
"2846239",0,0,0,0,0,0,0,0,0,0,0,0,0,0,0,0,0,0,0,0,0,0,0,0
"2846241",0,0,0,0,0,0,0,0,0,0,0,0,0,0,0,0,0,0,0,0,0,0,0,0
"2846242",0,0,0,0,0,0,0,0,0,0,0,0,0,0,0,0,0,0,0,0,0,0,0,0
"2846243",0,0,0,0,0,0,0,0,0,0,0,0,0,0,0,0,0,0,0,0,0,0,0,0
"2846253",0,0,0,0,0,0,0,0,0,0,0,0,0,0,0,0,0,0,0,0,0,0,0,0
"2846259",0,0,0,0,0,0,0,0,0,0,0,0,0,0,0,0,0,0,0,0,0,0,0,0
"2846269",0,0,0,0,0,0,0,0,0,0,0,0,0,0,0,0,0,0,0,0,0,0,0,0
"2846271",0,0,0,0,0,0,0,0,0,0,0,0,0,0,0,0,0,0,0,0,0,0,0,0
"2846275",0,0,0,0,0,0,0,0,0,0,0,0,0,0,0,0,0,0,0,0,0,0,0,0
"2846286",0,0,0,0,0,0,0,0,0,0,0,0,0,0,0,0,0,0,0,0,0,0,0,0
"2846302",0,0,0,0,0,0,0,0,0,0,0,0,0,0,0,0,0,0,0,0,0,0,0,0
"2846379",0,0,0,0,0,0,0,0,0,0,0,0,0,0,0,0,0,0,0,0,0,0,0,0
"2846383",0,0,0,0,0,0,0,0,0,0,0,0,0,0,0,0,0,0,0,0,0,0,0,0
"2846384",0,0,0,0,0,0,0,0,0,0,0,0,0,0,0,0,0,0,0,0,0,0,0,0
"2846385",0,0,0,0,0,0,0,0,0,0,0,0,0,0,0,0,0,0,0,0,0,0,0,0
"2846386",0,0,0,0,0,0,0,0,0,0,0,0,0,0,0,0,0,0,0,0,0,0,0,0
"2846387",0,0,0,0,0,0,0,0,0,0,0,0,0,0,0,0,0,0,0,0,0,0,0,0
"2846409",0,0,0,0,0,0,0,0,0,0,0,0,0,0,0,0,0,0,0,0,0,0,0,0
"2846410",0,0,0,0,0,0,0,0,0,0,0,0,0,0,0,0,0,0,0,0,0,0,0,0
"2846411",0,0,0,0,0,0,0,0,0,0,0,0,0,0,0,0,0,0,0,0,0,0,0,0
"2846413",0,0,0,0,0,0,0,0,0,0,0,0,0,0,0,0,0,0,0,0,0,0,0,0
"2846416",0,0,0,0,0,0,0,0,0,0,0,0,0,0,0,0,0,0,0,0,0,0,0,0
"2846417",0,0,0,0,0,0,0,0,0,0,0,0,0,0,0,0,0,0,0,0,0,0,0,0
"2846418",0,0,0,0,0,0,0,0,0,0,0,0,0,0,0,0,0,0,0,0,0,0,0,0
"2846423",0,0,0,0,0,0,0,0,0,0,0,0,0,0,0,0,0,0,0,0,0,0,0,0
"2846425",0,0,0,0,0,0,0,0,0,0,0,0,0,0,0,0,0,0,0,0,0,0,0,0
"2846426",0,0,0,0,0,0,0,0,0,0,0,0,0,0,0,0,0,0,0,0,0,0,0,0
"2846427",0,0,0,0,0,0,0,0,0,0,0,0,0,0,0,0,0,0,0,0,0,0,0,0
"2846429",0,0,0,0,0,0,0,0,0,0,0,0,0,0,0,0,0,0,0,0,0,0,0,0
"2846430",0,0,0,0,0,0,0,0,0,0,0,0,0,0,0,0,0,0,0,0,0,0,0,0
"2846432",0,0,0,0,0,0,0,0,0,0,0,0,0,0,0,0,0,0,0,0,0,0,0,0
"2846434",0,0,0,0,0,0,0,0,0,0,0,0,0,0,0,0,0,0,0,0,0,0,0,0
"2846439",0,0,0,0,0,0,0,0,0,0,0,0,0,0,0,0,0,0,0,0,0,0,0,0
"2846440",0,0,0,0,0,0,0,0,0,0,0,0,0,0,0,0,0,0,0,0,0,0,0,0
"2846442",0,0,0,0,0,0,0,0,0,0,0,0,0,0,0,0,0,0,0,0,0,0,0,0
"2846446",0,0,0,0,0,0,0,0,0,0,0,0,0,0,0,0,0,0,0,0,0,0,0,0
"2846447",0,0,0,0,0,0,0,0,0,0,0,0,0,0,0,0,0,0,0,0,0,0,0,0
"2846449",0,0,0,0,0,0,0,0,0,0,0,0,0,0,0,0,0,0,0,0,0,0,0,0
"2846450",0,0,0,0,0,0,0,0,0,0,0,0,0,0,0,0,0,0,0,0,0,0,0,0
"2846454",0,0,0,0,0,0,0,0,0,0,0,0,0,0,0,0,0,0,0,0,0,0,0,0
"2846455",0,0,0,0,0,0,0,0,0,0,0,0,0,0,0,0,0,0,0,0,0,0,0,0
"2846570",0,0,0,0,0,0,0,0,0,0,0,0,0,0,0,0,0,0,0,0,0,0,0,0
"2846571",0,0,0,0,0,0,0,0,0,0,0,0,0,0,0,0,0,0,0,0,0,0,0,0
"2846573",0,0,0,0,0,0,0,0,0,0,0,0,0,0,0,0,0,0,0,0,0,0,0,0
"2846578",0,0,0,0,0,0,0,0,0,0,0,0,0,0,0,0,0,0,0,0,0,0,0,0
"2846581",0,0,0,0,0,0,0,0,0,0,0,0,0,0,0,0,0,0,0,0,0,0,0,0
"2846583",0,0,0,0,0,0,0,0,0,0,0,0,0,0,0,0,0,0,0,0,0,0,0,0
"2846584",0,0,0,0,0,0,0,0,0,0,0,0,0,0,0,0,0,0,0,0,0,0,0,0
"2846587",0,0,0,0,0,0,0,0,0,0,0,0,0,0,0,0,0,0,0,0,0,0,0,0
"2846588",0,0,0,0,0,0,0,0,0,0,0,0,0,0,0,0,0,0,0,0,0,0,0,0
"2846589",0,0,0,0,0,0,0,0,0,0,0,0,0,0,0,0,0,0,0,0,0,0,0,0
"2846592",0,0,0,0,0,0,0,0,0,0,0,0,0,0,0,0,0,0,0,0,0,0,0,0
"2846593",0,0,0,0,0,0,0,0,0,0,0,0,0,0,0,0,0,0,0,0,0,0,0,0
"2846594",0,0,0,0,0,0,0,0,0,0,0,0,0,0,0,0,0,0,0,0,0,0,0,0
"2846595",0,0,0,0,0,0,0,0,0,0,0,0,0,0,0,0,0,0,0,0,0,0,0,0
"2846596",0,0,0,0,0,0,0,0,0,0,0,0,0,0,0,0,0,0,0,0,0,0,0,0
"2846597",0,0,0,0,0,0,0,0,0,0,0,0,0,0,0,0,0,0,0,0,0,0,0,0
"2846600",0,0,0,0,0,0,0,0,0,0,0,0,0,0,0,0,0,0,0,0,0,0,0,0
"2846603",0,0,0,0,0,0,0,0,0,0,0,0,0,0,0,0,0,0,0,0,0,0,0,0
"2846607",0,0,0,0,0,0,0,0,0,0,0,0,0,0,0,0,0,0,0,0,0,0,0,0
"2846609",0,0,0,0,0,0,0,0,0,0,0,0,0,0,0,0,0,0,0,0,0,0,0,0
"2846610",0,0,0,0,0,0,0,0,0,0,0,0,0,0,0,0,0,0,0,0,0,0,0,0
"2846612",0,0,0,0,0,0,0,0,0,0,0,0,0,0,0,0,0,0,0,0,0,0,0,0
"2846613",0,0,0,0,0,0,0,0,0,0,0,0,0,0,0,0,0,0,0,0,0,0,0,0
"2846614",0,0,0,0,0,0,0,0,0,0,0,0,0,0,0,0,0,0,0,0,0,0,0,0
"2846616",0,0,0,0,0,0,0,0,0,0,0,0,0,0,0,0,0,0,0,0,0,0,0,0
"2846617",0,0,0,0,0,0,0,0,0,0,0,0,0,0,0,0,0,0,0,0,0,0,0,0
"2846618",0,0,0,0,0,0,0,0,0,0,0,0,0,0,0,0,0,0,0,0,0,0,0,0
"2846621",0,0,0,0,0,0,0,0,0,0,0,0,0,0,0,0,0,0,0,0,0,0,0,0
"2846622",0,0,0,0,0,0,0,0,0,0,0,0,0,0,0,0,0,0,0,0,0,0,0,0
"2846623",0,0,0,0,0,0,0,0,0,0,0,0,0,0,0,0,0,0,0,0,0,0,0,0
"2846624",0,0,0,0,0,0,0,0,0,0,0,0,0,0,0,0,0,0,0,0,0,0,0,0
"2846625",0,0,0,0,0,0,0,0,0,0,0,0,0,0,0,0,0,0,0,0,0,0,0,0
"2846626",0,0,0,0,0,0,0,0,0,0,0,0,0,0,0,0,0,0,0,0,0,0,0,0
"2846627",0,0,0,0,0,0,0,0,0,0,0,0,0,0,0,0,0,0,0,0,0,0,0,0
"2846628",0,0,0,0,0,0,0,0,0,0,0,0,0,0,0,0,0,0,0,0,0,0,0,0
"2846629",0,0,0,0,0,0,0,0,0,0,0,0,0,0,0,0,0,0,0,0,0,0,0,0
"2846631",0,0,0,0,0,0,0,0,0,0,0,0,0,0,0,0,0,0,0,0,0,0,0,0
"2846632",0,0,0,0,0,0,0,0,0,0,0,0,0,0,0,0,0,0,0,0,0,0,0,0
"2846634",0,0,0,0,0,0,0,0,0,0,0,0,0,0,0,0,0,0,0,0,0,0,0,0
"2846635",0,0,0,0,0,0,0,0,0,0,0,0,0,0,0,0,0,0,0,0,0,0,0,0
"2846636",0,0,0,0,0,0,0,0,0,0,0,0,0,0,0,0,0,0,0,0,0,0,0,0
"2846637",0,0,0,0,0,0,0,0,0,0,0,0,0,0,0,0,0,0,0,0,0,0,0,0
"2846638",0,0,0,0,0,0,0,0,0,0,0,0,0,0,0,0,0,0,0,0,0,0,0,0
"2846642",0,0,0,0,0,0,0,0,0,0,0,0,0,0,0,0,0,0,0,0,0,0,0,0
"2846643",0,0,0,0,0,0,0,0,0,0,0,0,0,0,0,0,0,0,0,0,0,0,0,0
"2846644",0,0,0,0,0,0,0,0,0,0,0,0,0,0,0,0,0,0,0,0,0,0,0,0
"2846645",0,0,0,0,0,0,0,0,0,0,0,0,0,0,0,0,0,0,0,0,0,0,0,0
"2846646",0,0,0,0,0,0,0,0,0,0,0,0,0,0,0,0,0,0,0,0,0,0,0,0
"2846647",0,0,0,0,0,0,0,0,0,0,0,0,0,0,0,0,0,0,0,0,0,0,0,0
"2846648",0,0,0,0,0,0,0,0,0,0,0,0,0,0,0,0,0,0,0,0,0,0,0,0
"2846649",0,0,0,0,0,0,0,0,0,0,0,0,0,0,0,0,0,0,0,0,0,0,0,0
"2846653",0,0,0,0,0,0,0,0,0,0,0,0,0,0,0,0,0,0,0,0,0,0,0,0
"2846654",0,0,0,0,0,0,0,0,0,0,0,0,0,0,0,0,0,0,0,0,0,0,0,0
"2846655",0,0,0,0,0,0,0,0,0,0,0,0,0,0,0,0,0,0,0,0,0,0,0,0
"2846656",0,0,0,0,0,0,0,0,0,0,0,0,0,0,0,0,0,0,0,0,0,0,0,0
"2846657",0,0,0,0,0,0,0,0,0,0,0,0,0,0,0,0,0,0,0,0,0,0,0,0
"2846660",0,0,0,0,0,0,0,0,0,0,0,0,0,0,0,0,0,0,0,0,0,0,0,0
"2846661",0,0,0,0,0,0,0,0,0,0,0,0,0,0,0,0,0,0,0,0,0,0,0,0
"2846662",0,0,0,0,0,0,0,0,0,0,0,0,0,0,0,0,0,0,0,0,0,0,0,0
"2846663",0,0,0,0,0,0,0,0,0,0,0,0,0,0,0,0,0,0,0,0,0,0,0,0
"2846664",0,0,0,0,0,0,0,0,0,0,0,0,0,0,0,0,0,0,0,0,0,0,0,0
"2846665",0,0,0,0,0,0,0,0,0,0,0,0,0,0,0,0,0,0,0,0,0,0,0,0
"2846667",0,0,0,0,0,0,0,0,0,0,0,0,0,0,0,0,0,0,0,0,0,0,0,0
"2846668",0,0,0,0,0,0,0,0,0,0,0,0,0,0,0,0,0,0,0,0,0,0,0,0
"2846675",0,0,0,0,0,0,0,0,0,0,0,0,0,0,0,0,0,0,0,0,0,0,0,0
"2846676",0,0,0,0,0,0,0,0,0,0,0,0,0,0,0,0,0,0,0,0,0,0,0,0
"2846677",0,0,0,0,0,0,0,0,0,0,0,0,0,0,0,0,0,0,0,0,0,0,0,0
"2846678",0,0,0,0,0,0,0,0,0,0,0,0,0,0,0,0,0,0,0,0,0,0,0,0
"2846679",0,0,0,0,0,0,0,0,0,0,0,0,0,0,0,0,0,0,0,0,0,0,0,0
"2846680",0,0,0,0,0,0,0,0,0,0,0,0,0,0,0,0,0,0,0,0,0,0,0,0
"2846682",0,0,0,0,0,0,0,0,0,0,0,0,0,0,0,0,0,0,0,0,0,0,0,0
"2846683",0,0,0,0,0,0,0,0,0,0,0,0,0,0,0,0,0,0,0,0,0,0,0,0
"2846684",0,0,0,0,0,0,0,0,0,0,0,0,0,0,0,0,0,0,0,0,0,0,0,0
"2846685",0,0,0,0,0,0,0,0,0,0,0,0,0,0,0,0,0,0,0,0,0,0,0,0
"2846686",0,0,0,0,0,0,0,0,0,0,0,0,0,0,0,0,0,0,0,0,0,0,0,0
"2846691",0,0,0,0,0,0,0,0,0,0,0,0,0,0,0,0,0,0,0,0,0,0,0,0
"2846692",0,0,0,0,0,0,0,0,0,0,0,0,0,0,0,0,0,0,0,0,0,0,0,0
"2846693",0,0,0,0,0,0,0,0,0,0,0,0,0,0,0,0,0,0,0,0,0,0,0,0
"2846694",0,0,0,0,0,0,0,0,0,0,0,0,0,0,0,0,0,0,0,0,0,0,0,0
"2846695",0,0,0,0,0,0,0,0,0,0,0,0,0,0,0,0,0,0,0,0,0,0,0,0
"2846696",0,0,0,0,0,0,0,0,0,0,0,0,0,0,0,0,0,0,0,0,0,0,0,0
"2846700",0,0,0,0,0,0,0,0,0,0,0,0,0,0,0,0,0,0,0,0,0,0,0,0
"2846701",0,0,0,0,0,0,0,0,0,0,0,0,0,0,0,0,0,0,0,0,0,0,0,0
"284687",0,0,0,0,0,0,0,0,0,0,0,0,0,0,0,0,0,0,0,0,0,0,0,0
"284688",0,0,0,0,0,0,0,0,0,0,0,0,0,0,0,0,0,0,0,0,0,0,0,0
"2849081",0,0,0,0,0,0,0,0,0,0,0,0,0,0,0,0,0,0,0,0,0,0,0,0
"2849244",0,0,0,0,0,0,0,0,0,0,0,0,0,0,0,0,0,0,0,0,0,0,0,0
"2849246",0,0,0,0,0,0,0,0,0,0,0,0,0,0,0,0,0,0,0,0,0,0,0,0
"2849971",0,0,0,0,0,0,0,0,0,0,0,0,0,0,0,0,0,0,0,0,0,0,0,0
"2849972",0,0,0,0,0,0,0,0,0,0,0,0,0,0,0,0,0,0,0,0,0,0,0,0
"2851077",0,0,0,0,0,0,0,0,0,0,0,0,0,0,0,0,0,0,0,0,0,0,0,0
"2852099",0,0,0,0,0,0,0,0,0,0,0,0,0,0,0,0,0,0,0,0,0,0,0,0
"2852116",0,0,0,0,0,0,0,0,0,0,0,0,0,0,0,0,0,0,0,0,0,0,0,0
"2853091",0,0,0,0,0,0,0,0,0,0,0,0,0,0,0,0,0,0,0,0,0,0,0,0
"2855688",0,0,0,0,0,0,0,0,0,0,0,0,0,0,0,0,0,0,0,0,0,0,0,0
"2856573",0,0,0,0,0,0,0,0,0,0,0,0,0,0,0,0,0,0,0,0,0,0,0,0
"2857061",0,0,0,0,0,0,0,0,0,0,0,0,0,0,0,0,0,0,0,0,0,0,0,0
"2860051",0,0,0,0,0,0,0,0,0,0,0,0,0,0,0,0,0,0,0,0,0,0,0,0
"2860269",0,0,0,0,0,0,0,0,0,0,0,0,0,0,0,0,0,0,0,0,0,0,0,0
"2860374",0,0,0,0,0,0,0,0,0,0,0,0,0,0,0,0,0,0,0,0,0,0,0,0
"2860377",0,0,0,0,0,0,0,0,0,0,0,0,0,0,0,0,0,0,0,0,0,0,0,0
"2860396",0,0,0,0,0,0,0,0,0,0,0,0,0,0,0,0,0,0,0,0,0,0,0,0
"2865794",0,0,0,0,0,0,0,0,0,0,0,0,0,0,0,0,0,0,0,0,0,0,0,0
"2865806",0,0,0,0,0,0,0,0,0,0,0,0,0,0,0,0,0,0,0,0,0,0,0,0
"2866663",0,0,0,0,0,0,0,0,0,0,0,0,0,0,0,0,0,0,0,0,0,0,0,0
"2867550",0,0,0,0,0,0,0,0,0,0,0,0,0,0,0,0,0,0,0,0,0,0,0,0
"2872567",0,0,0,0,0,0,0,0,0,0,0,0,0,0,0,0,0,0,0,0,0,0,0,0
"2872675",0,0,0,0,0,0,0,0,0,0,0,0,0,0,0,0,0,0,0,0,0,0,0,0
"2872676",0,0,0,0,0,0,0,0,0,0,0,0,0,0,0,0,0,0,0,0,0,0,0,0
"2872811",0,0,0,0,0,0,0,0,0,0,0,0,0,0,0,0,0,0,0,0,0,0,0,0
"2873557",0,0,0,0,0,0,0,0,0,0,0,0,0,0,0,0,0,0,0,0,0,0,0,0
"2873951",0,0,0,0,0,0,0,0,0,0,0,0,0,0,0,0,0,0,0,0,0,0,0,0
"2874031",0,0,0,0,0,0,0,0,0,0,0,0,0,0,0,0,0,0,0,0,0,0,0,0
"287412",0,0,0,0,0,0,0,0,0,0,0,0,0,0,0,0,0,0,0,0,0,0,0,0
"2874141",0,0,0,0,0,0,0,0,0,0,0,0,0,0,0,0,0,0,0,0,0,0,0,0
"2874890",0,0,0,0,0,0,0,0,0,0,0,0,0,0,0,0,0,0,0,0,0,0,0,0
"2875722",0,0,0,0,0,0,0,0,0,0,0,0,0,0,0,0,0,0,0,0,0,0,0,0
"2875723",0,0,0,0,0,0,0,0,0,0,0,0,0,0,0,0,0,0,0,0,0,0,0,0
"2875798",0,0,0,0,0,0,0,0,0,0,0,0,0,0,0,0,0,0,0,0,0,0,0,0
"2875869",0,0,0,0,0,0,0,0,0,0,0,0,0,0,0,0,0,0,0,0,0,0,0,0
"2876620",0,0,0,0,0,0,0,0,0,0,0,0,0,0,0,0,0,0,0,0,0,0,0,0
"2876789",0,0,0,0,0,0,0,0,0,0,0,0,0,0,0,0,0,0,0,0,0,0,0,0
"2877511",0,0,0,0,0,0,0,0,0,0,0,0,0,0,0,0,0,0,0,0,0,0,0,0
"2878269",0,0,0,0,0,0,0,0,0,0,0,0,0,0,0,0,0,0,0,0,0,0,0,0
"2879117",0,0,0,0,0,0,0,0,0,0,0,0,0,0,0,0,0,0,0,0,0,0,0,0
"2879287",0,0,0,0,0,0,0,0,0,0,0,0,0,0,0,0,0,0,0,0,0,0,0,0
"2879396",0,0,0,0,0,0,0,0,0,0,0,0,0,0,0,0,0,0,0,0,0,0,0,0
"2879399",0,0,0,0,0,0,0,0,0,0,0,0,0,0,0,0,0,0,0,0,0,0,0,0
"2879515",0,0,0,0,0,0,0,0,0,0,0,0,0,0,0,0,0,0,0,0,0,0,0,0
"2880839",0,0,0,0,0,0,0,0,0,0,0,0,0,0,0,0,0,0,0,0,0,0,0,0
"288456",0,0,0,0,0,0,0,0,0,0,0,0,0,0,0,0,0,0,0,0,0,0,0,0
"2885687",0,0,0,0,0,0,0,0,0,0,0,0,0,0,0,0,0,0,0,0,0,0,0,0
"2886209",0,0,0,0,0,0,0,0,0,0,0,0,0,0,0,0,0,0,0,0,0,0,0,0
"2886398",0,0,0,0,0,0,0,0,0,0,0,0,0,0,0,0,0,0,0,0,0,0,0,0
"2886399",0,0,0,0,0,0,0,0,0,0,0,0,0,0,0,0,0,0,0,0,0,0,0,0
"2886400",0,0,0,0,0,0,0,0,0,0,0,0,0,0,0,0,0,0,0,0,0,0,0,0
"2886401",0,0,0,0,0,0,0,0,0,0,0,0,0,0,0,0,0,0,0,0,0,0,0,0
"2886406",0,0,0,0,0,0,0,0,0,0,0,0,0,0,0,0,0,0,0,0,0,0,0,0
"28875",0,0,0,0,0,0,0,0,0,0,0,0,0,0,0,0,0,0,0,0,0,0,0,0
"28876",0,0,0,0,0,0,0,0,0,0,0,0,0,0,0,0,0,0,0,0,0,0,0,0
"28882",0,0,0,0,0,0,0,0,0,0,0,0,0,0,0,0,0,0,0,0,0,0,0,0
"2891955",0,0,0,0,0,0,0,0,0,0,0,0,0,0,0,0,0,0,0,0,0,0,0,0
"2894297",0,0,0,0,0,0,0,0,0,0,0,0,0,0,0,0,0,0,0,0,0,0,0,0
"2894344",0,0,0,0,0,0,0,0,0,0,0,0,0,0,0,0,0,0,0,0,0,0,0,0
"2894395",0,0,0,0,0,0,0,0,0,0,0,0,0,0,0,0,0,0,0,0,0,0,0,0
"2894753",0,0,0,0,0,0,0,0,0,0,0,0,0,0,0,0,0,0,0,0,0,0,0,0
"2894778",0,0,0,0,0,0,0,0,0,0,0,0,0,0,0,0,0,0,0,0,0,0,0,0
"2894779",0,0,0,0,0,0,0,0,0,0,0,0,0,0,0,0,0,0,0,0,0,0,0,0
"2894795",0,0,0,0,0,0,0,0,0,0,0,0,0,0,0,0,0,0,0,0,0,0,0,0
"2894801",0,0,0,0,0,0,0,0,0,0,0,0,0,0,0,0,0,0,0,0,0,0,0,0
"2894929",0,0,0,0,0,0,0,0,0,0,0,0,0,0,0,0,0,0,0,0,0,0,0,0
"2897335",0,0,0,0,0,0,0,0,0,0,0,0,0,0,0,0,0,0,0,0,0,0,0,0
"2899887",0,0,0,0,0,0,0,0,0,0,0,0,0,0,0,0,0,0,0,0,0,0,0,0
"290028",0,0,0,0,0,0,0,0,0,0,0,0,0,0,0,0,0,0,0,0,0,0,0,0
"2900297",0,0,0,0,0,0,0,0,0,0,0,0,0,0,0,0,0,0,0,0,0,0,0,0
"290030",0,0,0,0,0,0,0,0,0,0,0,0,0,0,0,0,0,0,0,0,0,0,0,0
"2902422",0,0,0,0,0,0,0,0,0,0,0,0,0,0,0,0,0,0,0,0,0,0,0,0
"2902690",0,0,0,0,0,0,0,0,0,0,0,0,0,0,0,0,0,0,0,0,0,0,0,0
"2902747",0,0,0,0,0,0,0,0,0,0,0,0,0,0,0,0,0,0,0,0,0,0,0,0
"2903266",0,0,0,0,0,0,0,0,0,0,0,0,0,0,0,0,0,0,0,0,0,0,0,0
"2904972",0,0,0,0,0,0,0,0,0,0,0,0,0,0,0,0,0,0,0,0,0,0,0,0
"2905464",0,0,0,0,0,0,0,0,0,0,0,0,0,0,0,0,0,0,0,0,0,0,0,0
"2905465",0,0,0,0,0,0,0,0,0,0,0,0,0,0,0,0,0,0,0,0,0,0,0,0
"2905564",0,0,0,0,0,0,0,0,0,0,0,0,0,0,0,0,0,0,0,0,0,0,0,0
"2905565",0,0,0,0,0,0,0,0,0,0,0,0,0,0,0,0,0,0,0,0,0,0,0,0
"2905566",0,0,0,0,0,0,0,0,0,0,0,0,0,0,0,0,0,0,0,0,0,0,0,0
"2905567",0,0,0,0,0,0,0,0,0,0,0,0,0,0,0,0,0,0,0,0,0,0,0,0
"2905569",0,0,0,0,0,0,0,0,0,0,0,0,0,0,0,0,0,0,0,0,0,0,0,0
"2905570",0,0,0,0,0,0,0,0,0,0,0,0,0,0,0,0,0,0,0,0,0,0,0,0
"2905571",0,0,0,0,0,0,0,0,0,0,0,0,0,0,0,0,0,0,0,0,0,0,0,0
"2905620",0,0,0,0,0,0,0,0,0,0,0,0,0,0,0,0,0,0,0,0,0,0,0,0
"2906028",0,0,0,0,0,0,0,0,0,0,0,0,0,0,0,0,0,0,0,0,0,0,0,0
"2906742",0,0,0,0,0,0,0,0,0,0,0,0,0,0,0,0,0,0,0,0,0,0,0,0
"2906743",0,0,0,0,0,0,0,0,0,0,0,0,0,0,0,0,0,0,0,0,0,0,0,0
"2907287",0,0,0,0,0,0,0,0,0,0,0,0,0,0,0,0,0,0,0,0,0,0,0,0
"2908099",0,0,0,0,0,0,0,0,0,0,0,0,0,0,0,0,0,0,0,0,0,0,0,0
"2909205",0,0,0,0,0,0,0,0,0,0,0,0,0,0,0,0,0,0,0,0,0,0,0,0
"2909736",0,0,0,0,0,0,0,0,0,0,0,0,0,0,0,0,0,0,0,0,0,0,0,0
"2909742",0,0,0,0,0,0,0,0,0,0,0,0,0,0,0,0,0,0,0,0,0,0,0,0
"2910948",0,0,0,0,0,0,0,0,0,0,0,0,0,0,0,0,0,0,0,0,0,0,0,0
"2910949",0,0,0,0,0,0,0,0,0,0,0,0,0,0,0,0,0,0,0,0,0,0,0,0
"2910951",0,0,0,0,0,0,0,0,0,0,0,0,0,0,0,0,0,0,0,0,0,0,0,0
"2911954",0,0,0,0,0,0,0,0,0,0,0,0,0,0,0,0,0,0,0,0,0,0,0,0
"2911956",0,0,0,0,0,0,0,0,0,0,0,0,0,0,0,0,0,0,0,0,0,0,0,0
"2911957",0,0,0,0,0,0,0,0,0,0,0,0,0,0,0,0,0,0,0,0,0,0,0,0
"2912606",0,0,0,0,0,0,0,0,0,0,0,0,0,0,0,0,0,0,0,0,0,0,0,0
"2912631",0,0,0,0,0,0,0,0,0,0,0,0,0,0,0,0,0,0,0,0,0,0,0,0
"291286",0,0,0,0,0,0,0,0,0,0,0,0,0,0,0,0,0,0,0,0,0,0,0,0
"2912878",0,0,0,0,0,0,0,0,0,0,0,0,0,0,0,0,0,0,0,0,0,0,0,0
"2912895",0,0,0,0,0,0,0,0,0,0,0,0,0,0,0,0,0,0,0,0,0,0,0,0
"2913478",0,0,0,0,0,0,0,0,0,0,0,0,0,0,0,0,0,0,0,0,0,0,0,0
"2913660",0,0,0,0,0,0,0,0,0,0,0,0,0,0,0,0,0,0,0,0,0,0,0,0
"2914024",0,0,0,0,0,0,0,0,0,0,0,0,0,0,0,0,0,0,0,0,0,0,0,0
"2914027",0,0,0,0,0,0,0,0,0,0,0,0,0,0,0,0,0,0,0,0,0,0,0,0
"2914178",0,0,0,0,0,0,0,0,0,0,0,0,0,0,0,0,0,0,0,0,0,0,0,0
"2914454",0,0,0,0,0,0,0,0,0,0,0,0,0,0,0,0,0,0,0,0,0,0,0,0
"2914456",0,0,0,0,0,0,0,0,0,0,0,0,0,0,0,0,0,0,0,0,0,0,0,0
"2914457",0,0,0,0,0,0,0,0,0,0,0,0,0,0,0,0,0,0,0,0,0,0,0,0
"2914460",0,0,0,0,0,0,0,0,0,0,0,0,0,0,0,0,0,0,0,0,0,0,0,0
"2914477",0,0,0,0,0,0,0,0,0,0,0,0,0,0,0,0,0,0,0,0,0,0,0,0
"2914480",0,0,0,0,0,0,0,0,0,0,0,0,0,0,0,0,0,0,0,0,0,0,0,0
"2914481",0,0,0,0,0,0,0,0,0,0,0,0,0,0,0,0,0,0,0,0,0,0,0,0
"2914483",0,0,0,0,0,0,0,0,0,0,0,0,0,0,0,0,0,0,0,0,0,0,0,0
"2914484",0,0,0,0,0,0,0,0,0,0,0,0,0,0,0,0,0,0,0,0,0,0,0,0
"2914485",0,0,0,0,0,0,0,0,0,0,0,0,0,0,0,0,0,0,0,0,0,0,0,0
"2914486",0,0,0,0,0,0,0,0,0,0,0,0,0,0,0,0,0,0,0,0,0,0,0,0
"2914487",0,0,0,0,0,0,0,0,0,0,0,0,0,0,0,0,0,0,0,0,0,0,0,0
"2914488",0,0,0,0,0,0,0,0,0,0,0,0,0,0,0,0,0,0,0,0,0,0,0,0
"2917160",0,0,0,0,0,0,0,0,0,0,0,0,0,0,0,0,0,0,0,0,0,0,0,0
"2917713",0,0,0,0,0,0,0,0,0,0,0,0,0,0,0,0,0,0,0,0,0,0,0,0
"2917714",0,0,0,0,0,0,0,0,0,0,0,0,0,0,0,0,0,0,0,0,0,0,0,0
"2917716",0,0,0,0,0,0,0,0,0,0,0,0,0,0,0,0,0,0,0,0,0,0,0,0
"2918454",0,0,0,0,0,0,0,0,0,0,0,0,0,0,0,0,0,0,0,0,0,0,0,0
"2918921",0,0,0,0,0,0,0,0,0,0,0,0,0,0,0,0,0,0,0,0,0,0,0,0
"2918927",0,0,0,0,0,0,0,0,0,0,0,0,0,0,0,0,0,0,0,0,0,0,0,0
"2919376",0,0,0,0,0,0,0,0,0,0,0,0,0,0,0,0,0,0,0,0,0,0,0,0
"2919614",0,0,0,0,0,0,0,0,0,0,0,0,0,0,0,0,0,0,0,0,0,0,0,0
"2919922",0,0,0,0,0,0,0,0,0,0,0,0,0,0,0,0,0,0,0,0,0,0,0,0
"292029",0,0,0,0,0,0,0,0,0,0,0,0,0,0,0,0,0,0,0,0,0,0,0,0
"292052",0,0,0,0,0,0,0,0,0,0,0,0,0,0,0,0,0,0,0,0,0,0,0,0
"2921215",0,0,0,0,0,0,0,0,0,0,0,0,0,0,0,0,0,0,0,0,0,0,0,0
"2921791",0,0,0,0,0,0,0,0,0,0,0,0,0,0,0,0,0,0,0,0,0,0,0,0
"2921792",0,0,0,0,0,0,0,0,0,0,0,0,0,0,0,0,0,0,0,0,0,0,0,0
"2923088",0,0,0,0,0,0,0,0,0,0,0,0,0,0,0,0,0,0,0,0,0,0,0,0
"292477",0,0,0,0,0,0,0,0,0,0,0,0,0,0,0,0,0,0,0,0,0,0,0,0
"2924880",0,0,0,0,0,0,0,0,0,0,0,0,0,0,0,0,0,0,0,0,0,0,0,0
"2924881",0,0,0,0,0,0,0,0,0,0,0,0,0,0,0,0,0,0,0,0,0,0,0,0
"2924884",0,0,0,0,0,0,0,0,0,0,0,0,0,0,0,0,0,0,0,0,0,0,0,0
"2924906",0,0,0,0,0,0,0,0,0,0,0,0,0,0,0,0,0,0,0,0,0,0,0,0
"2924907",0,0,0,0,0,0,0,0,0,0,0,0,0,0,0,0,0,0,0,0,0,0,0,0
"29256",0,0,0,0,0,0,0,0,0,0,0,0,0,0,0,0,0,0,0,0,0,0,0,0
"29257",0,0,0,0,0,0,0,0,0,0,0,0,0,0,0,0,0,0,0,0,0,0,0,0
"292627",0,0,0,0,0,0,0,0,0,0,0,0,0,0,0,0,0,0,0,0,0,0,0,0
"29271",0,0,0,0,0,0,0,0,0,0,0,0,0,0,0,0,0,0,0,0,0,0,0,0
"29272",0,0,0,0,0,0,0,0,0,0,0,0,0,0,0,0,0,0,0,0,0,0,0,0
"2927268",0,0,0,0,0,0,0,0,0,0,0,0,0,0,0,0,0,0,0,0,0,0,0,0
"2928187",0,0,0,0,0,0,0,0,0,0,0,0,0,0,0,0,0,0,0,0,0,0,0,0
"2928256",0,0,0,0,0,0,0,0,0,0,0,0,0,0,0,0,0,0,0,0,0,0,0,0
"2928257",0,0,0,0,0,0,0,0,0,0,0,0,0,0,0,0,0,0,0,0,0,0,0,0
"2929005",0,0,0,0,0,0,0,0,0,0,0,0,0,0,0,0,0,0,0,0,0,0,0,0
"2929007",0,0,0,0,0,0,0,0,0,0,0,0,0,0,0,0,0,0,0,0,0,0,0,0
"2929250",0,0,0,0,0,0,0,0,0,0,0,0,0,0,0,0,0,0,0,0,0,0,0,0
"2929252",0,0,0,0,0,0,0,0,0,0,0,0,0,0,0,0,0,0,0,0,0,0,0,0
"2929287",0,0,0,0,0,0,0,0,0,0,0,0,0,0,0,0,0,0,0,0,0,0,0,0
"29323",0,0,0,0,0,0,0,0,0,0,0,0,0,0,0,0,0,0,0,0,0,0,0,0
"293386",0,0,0,0,0,0,0,0,0,0,0,0,0,0,0,0,0,0,0,0,0,0,0,0
"2936919",0,0,0,0,0,0,0,0,0,0,0,0,0,0,0,0,0,0,0,0,0,0,0,0
"2937408",0,0,0,0,0,0,0,0,0,0,0,0,0,0,0,0,0,0,0,0,0,0,0,0
"2940487",0,0,0,0,0,0,0,0,0,0,0,0,0,0,0,0,0,0,0,0,0,0,0,0
"29429",0,0,0,0,0,0,0,0,0,0,0,0,0,0,0,0,0,0,0,0,0,0,0,0
"2942964",0,0,0,0,0,0,0,0,0,0,0,0,0,0,0,0,0,0,0,0,0,0,0,0
"2942966",0,0,0,0,0,0,0,0,0,0,0,0,0,0,0,0,0,0,0,0,0,0,0,0
"2942980",0,0,0,0,0,0,0,0,0,0,0,0,0,0,0,0,0,0,0,0,0,0,0,0
"2942991",0,0,0,0,0,0,0,0,0,0,0,0,0,0,0,0,0,0,0,0,0,0,0,0
"2945588",0,0,0,0,0,0,0,0,0,0,0,0,0,0,0,0,0,0,0,0,0,0,0,0
"2945982",0,0,0,0,0,0,0,0,0,0,0,0,0,0,0,0,0,0,0,0,0,0,0,0
"2946038",0,0,0,0,0,0,0,0,0,0,0,0,0,0,0,0,0,0,0,0,0,0,0,0
"2946156",0,0,0,0,0,0,0,0,0,0,0,0,0,0,0,0,0,0,0,0,0,0,0,0
"2946166",0,0,0,0,0,0,0,0,0,0,0,0,0,0,0,0,0,0,0,0,0,0,0,0
"2946167",0,0,0,0,0,0,0,0,0,0,0,0,0,0,0,0,0,0,0,0,0,0,0,0
"2946173",0,0,0,0,0,0,0,0,0,0,0,0,0,0,0,0,0,0,0,0,0,0,0,0
"2946175",0,0,0,0,0,0,0,0,0,0,0,0,0,0,0,0,0,0,0,0,0,0,0,0
"2946816",0,0,0,0,0,0,0,0,0,0,0,0,0,0,0,0,0,0,0,0,0,0,0,0
"2946822",0,0,0,0,0,0,0,0,0,0,0,0,0,0,0,0,0,0,0,0,0,0,0,0
"2948640",0,0,0,0,0,0,0,0,0,0,0,0,0,0,0,0,0,0,0,0,0,0,0,0
"2948648",0,0,0,0,0,0,0,0,0,0,0,0,0,0,0,0,0,0,0,0,0,0,0,0
"2948678",0,0,0,0,0,0,0,0,0,0,0,0,0,0,0,0,0,0,0,0,0,0,0,0
"2948680",0,0,0,0,0,0,0,0,0,0,0,0,0,0,0,0,0,0,0,0,0,0,0,0
"2948787",0,0,0,0,0,0,0,0,0,0,0,0,0,0,0,0,0,0,0,0,0,0,0,0
"2948826",0,0,0,0,0,0,0,0,0,0,0,0,0,0,0,0,0,0,0,0,0,0,0,0
"2948856",0,0,0,0,0,0,0,0,0,0,0,0,0,0,0,0,0,0,0,0,0,0,0,0
"2948872",0,0,0,0,0,0,0,0,0,0,0,0,0,0,0,0,0,0,0,0,0,0,0,0
"2948876",0,0,0,0,0,0,0,0,0,0,0,0,0,0,0,0,0,0,0,0,0,0,0,0
"2948898",0,0,0,0,0,0,0,0,0,0,0,0,0,0,0,0,0,0,0,0,0,0,0,0
"2948900",0,0,0,0,0,0,0,0,0,0,0,0,0,0,0,0,0,0,0,0,0,0,0,0
"2948913",0,0,0,0,0,0,0,0,0,0,0,0,0,0,0,0,0,0,0,0,0,0,0,0
"2948940",0,0,0,0,0,0,0,0,0,0,0,0,0,0,0,0,0,0,0,0,0,0,0,0
"2950075",0,0,0,0,0,0,0,0,0,0,0,0,0,0,0,0,0,0,0,0,0,0,0,0
"2950076",0,0,0,0,0,0,0,0,0,0,0,0,0,0,0,0,0,0,0,0,0,0,0,0
"2950460",0,0,0,0,0,0,0,0,0,0,0,0,0,0,0,0,0,0,0,0,0,0,0,0
"2951256",0,0,0,0,0,0,0,0,0,0,0,0,0,0,0,0,0,0,0,0,0,0,0,0
"2951261",0,0,0,0,0,0,0,0,0,0,0,0,0,0,0,0,0,0,0,0,0,0,0,0
"2951616",0,0,0,0,0,0,0,0,0,0,0,0,0,0,0,0,0,0,0,0,0,0,0,0
"2951617",0,0,0,0,0,0,0,0,0,0,0,0,0,0,0,0,0,0,0,0,0,0,0,0
"2951618",0,0,0,0,0,0,0,0,0,0,0,0,0,0,0,0,0,0,0,0,0,0,0,0
"2951978",0,0,0,0,0,0,0,0,0,0,0,0,0,0,0,0,0,0,0,0,0,0,0,0
"2953667",0,0,0,0,0,0,0,0,0,0,0,0,0,0,0,0,0,0,0,0,0,0,0,0
"2953972",0,0,0,0,0,0,0,0,0,0,0,0,0,0,0,0,0,0,0,0,0,0,0,0
"2953981",0,0,0,0,0,0,0,0,0,0,0,0,0,0,0,0,0,0,0,0,0,0,0,0
"2953983",0,0,0,0,0,0,0,0,0,0,0,0,0,0,0,0,0,0,0,0,0,0,0,0
"2953990",0,0,0,0,0,0,0,0,0,0,0,0,0,0,0,0,0,0,0,0,0,0,0,0
"2953993",0,0,0,0,0,0,0,0,0,0,0,0,0,0,0,0,0,0,0,0,0,0,0,0
"2953994",0,0,0,0,0,0,0,0,0,0,0,0,0,0,0,0,0,0,0,0,0,0,0,0
"2953995",0,0,0,0,0,0,0,0,0,0,0,0,0,0,0,0,0,0,0,0,0,0,0,0
"2953998",0,0,0,0,0,0,0,0,0,0,0,0,0,0,0,0,0,0,0,0,0,0,0,0
"2953999",0,0,0,0,0,0,0,0,0,0,0,0,0,0,0,0,0,0,0,0,0,0,0,0
"2954013",0,0,0,0,0,0,0,0,0,0,0,0,0,0,0,0,0,0,0,0,0,0,0,0
"2954015",0,0,0,0,0,0,0,0,0,0,0,0,0,0,0,0,0,0,0,0,0,0,0,0
"2954017",0,0,0,0,0,0,0,0,0,0,0,0,0,0,0,0,0,0,0,0,0,0,0,0
"2954027",0,0,0,0,0,0,0,0,0,0,0,0,0,0,0,0,0,0,0,0,0,0,0,0
"2954034",0,0,0,0,0,0,0,0,0,0,0,0,0,0,0,0,0,0,0,0,0,0,0,0
"2954037",0,0,0,0,0,0,0,0,0,0,0,0,0,0,0,0,0,0,0,0,0,0,0,0
"2954039",0,0,0,0,0,0,0,0,0,0,0,0,0,0,0,0,0,0,0,0,0,0,0,0
"2954041",0,0,0,0,0,0,0,0,0,0,0,0,0,0,0,0,0,0,0,0,0,0,0,0
"2954042",0,0,0,0,0,0,0,0,0,0,0,0,0,0,0,0,0,0,0,0,0,0,0,0
"2954044",0,0,0,0,0,0,0,0,0,0,0,0,0,0,0,0,0,0,0,0,0,0,0,0
"2954045",0,0,0,0,0,0,0,0,0,0,0,0,0,0,0,0,0,0,0,0,0,0,0,0
"2954049",0,0,0,0,0,0,0,0,0,0,0,0,0,0,0,0,0,0,0,0,0,0,0,0
"2954050",0,0,0,0,0,0,0,0,0,0,0,0,0,0,0,0,0,0,0,0,0,0,0,0
"2954052",0,0,0,0,0,0,0,0,0,0,0,0,0,0,0,0,0,0,0,0,0,0,0,0
"2954062",0,0,0,0,0,0,0,0,0,0,0,0,0,0,0,0,0,0,0,0,0,0,0,0
"2954066",0,0,0,0,0,0,0,0,0,0,0,0,0,0,0,0,0,0,0,0,0,0,0,0
"2954067",0,0,0,0,0,0,0,0,0,0,0,0,0,0,0,0,0,0,0,0,0,0,0,0
"2955190",0,0,0,0,0,0,0,0,0,0,0,0,0,0,0,0,0,0,0,0,0,0,0,0
"2955236",0,0,0,0,0,0,0,0,0,0,0,0,0,0,0,0,0,0,0,0,0,0,0,0
"2955242",0,0,0,0,0,0,0,0,0,0,0,0,0,0,0,0,0,0,0,0,0,0,0,0
"2955245",0,0,0,0,0,0,0,0,0,0,0,0,0,0,0,0,0,0,0,0,0,0,0,0
"2955248",0,0,0,0,0,0,0,0,0,0,0,0,0,0,0,0,0,0,0,0,0,0,0,0
"2955250",0,0,0,0,0,0,0,0,0,0,0,0,0,0,0,0,0,0,0,0,0,0,0,0
"2955253",0,0,0,0,0,0,0,0,0,0,0,0,0,0,0,0,0,0,0,0,0,0,0,0
"2955254",0,0,0,0,0,0,0,0,0,0,0,0,0,0,0,0,0,0,0,0,0,0,0,0
"2955260",0,0,0,0,0,0,0,0,0,0,0,0,0,0,0,0,0,0,0,0,0,0,0,0
"2955261",0,0,0,0,0,0,0,0,0,0,0,0,0,0,0,0,0,0,0,0,0,0,0,0
"2955263",0,0,0,0,0,0,0,0,0,0,0,0,0,0,0,0,0,0,0,0,0,0,0,0
"2955264",0,0,0,0,0,0,0,0,0,0,0,0,0,0,0,0,0,0,0,0,0,0,0,0
"2955265",0,0,0,0,0,0,0,0,0,0,0,0,0,0,0,0,0,0,0,0,0,0,0,0
"2955266",0,0,0,0,0,0,0,0,0,0,0,0,0,0,0,0,0,0,0,0,0,0,0,0
"2955267",0,0,0,0,0,0,0,0,0,0,0,0,0,0,0,0,0,0,0,0,0,0,0,0
"2955268",0,0,0,0,0,0,0,0,0,0,0,0,0,0,0,0,0,0,0,0,0,0,0,0
"2955269",0,0,0,0,0,0,0,0,0,0,0,0,0,0,0,0,0,0,0,0,0,0,0,0
"2955270",0,0,0,0,0,0,0,0,0,0,0,0,0,0,0,0,0,0,0,0,0,0,0,0
"2955271",0,0,0,0,0,0,0,0,0,0,0,0,0,0,0,0,0,0,0,0,0,0,0,0
"2955272",0,0,0,0,0,0,0,0,0,0,0,0,0,0,0,0,0,0,0,0,0,0,0,0
"2955273",0,0,0,0,0,0,0,0,0,0,0,0,0,0,0,0,0,0,0,0,0,0,0,0
"2955275",0,0,0,0,0,0,0,0,0,0,0,0,0,0,0,0,0,0,0,0,0,0,0,0
"2955276",0,0,0,0,0,0,0,0,0,0,0,0,0,0,0,0,0,0,0,0,0,0,0,0
"2955277",0,0,0,0,0,0,0,0,0,0,0,0,0,0,0,0,0,0,0,0,0,0,0,0
"2955279",0,0,0,0,0,0,0,0,0,0,0,0,0,0,0,0,0,0,0,0,0,0,0,0
"2955281",0,0,0,0,0,0,0,0,0,0,0,0,0,0,0,0,0,0,0,0,0,0,0,0
"2955282",0,0,0,0,0,0,0,0,0,0,0,0,0,0,0,0,0,0,0,0,0,0,0,0
"2955283",0,0,0,0,0,0,0,0,0,0,0,0,0,0,0,0,0,0,0,0,0,0,0,0
"2955285",0,0,0,0,0,0,0,0,0,0,0,0,0,0,0,0,0,0,0,0,0,0,0,0
"2955287",0,0,0,0,0,0,0,0,0,0,0,0,0,0,0,0,0,0,0,0,0,0,0,0
"2955289",0,0,0,0,0,0,0,0,0,0,0,0,0,0,0,0,0,0,0,0,0,0,0,0
"2955290",0,0,0,0,0,0,0,0,0,0,0,0,0,0,0,0,0,0,0,0,0,0,0,0
"2955292",0,0,0,0,0,0,0,0,0,0,0,0,0,0,0,0,0,0,0,0,0,0,0,0
"2955294",0,0,0,0,0,0,0,0,0,0,0,0,0,0,0,0,0,0,0,0,0,0,0,0
"2955295",0,0,0,0,0,0,0,0,0,0,0,0,0,0,0,0,0,0,0,0,0,0,0,0
"2955296",0,0,0,0,0,0,0,0,0,0,0,0,0,0,0,0,0,0,0,0,0,0,0,0
"2955298",0,0,0,0,0,0,0,0,0,0,0,0,0,0,0,0,0,0,0,0,0,0,0,0
"2955300",0,0,0,0,0,0,0,0,0,0,0,0,0,0,0,0,0,0,0,0,0,0,0,0
"2955302",0,0,0,0,0,0,0,0,0,0,0,0,0,0,0,0,0,0,0,0,0,0,0,0
"2955304",0,0,0,0,0,0,0,0,0,0,0,0,0,0,0,0,0,0,0,0,0,0,0,0
"2955306",0,0,0,0,0,0,0,0,0,0,0,0,0,0,0,0,0,0,0,0,0,0,0,0
"2955307",0,0,0,0,0,0,0,0,0,0,0,0,0,0,0,0,0,0,0,0,0,0,0,0
"2955308",0,0,0,0,0,0,0,0,0,0,0,0,0,0,0,0,0,0,0,0,0,0,0,0
"2955319",0,0,0,0,0,0,0,0,0,0,0,0,0,0,0,0,0,0,0,0,0,0,0,0
"2955321",0,0,0,0,0,0,0,0,0,0,0,0,0,0,0,0,0,0,0,0,0,0,0,0
"2955322",0,0,0,0,0,0,0,0,0,0,0,0,0,0,0,0,0,0,0,0,0,0,0,0
"2955323",0,0,0,0,0,0,0,0,0,0,0,0,0,0,0,0,0,0,0,0,0,0,0,0
"2955334",0,0,0,0,0,0,0,0,0,0,0,0,0,0,0,0,0,0,0,0,0,0,0,0
"2955356",0,0,0,0,0,0,0,0,0,0,0,0,0,0,0,0,0,0,0,0,0,0,0,0
"2955357",0,0,0,0,0,0,0,0,0,0,0,0,0,0,0,0,0,0,0,0,0,0,0,0
"2955361",0,0,0,0,0,0,0,0,0,0,0,0,0,0,0,0,0,0,0,0,0,0,0,0
"2955362",0,0,0,0,0,0,0,0,0,0,0,0,0,0,0,0,0,0,0,0,0,0,0,0
"2955365",0,0,0,0,0,0,0,0,0,0,0,0,0,0,0,0,0,0,0,0,0,0,0,0
"2955367",0,0,0,0,0,0,0,0,0,0,0,0,0,0,0,0,0,0,0,0,0,0,0,0
"2955381",0,0,0,0,0,0,0,0,0,0,0,0,0,0,0,0,0,0,0,0,0,0,0,0
"2955393",0,0,0,0,0,0,0,0,0,0,0,0,0,0,0,0,0,0,0,0,0,0,0,0
"2955398",0,0,0,0,0,0,0,0,0,0,0,0,0,0,0,0,0,0,0,0,0,0,0,0
"2955411",0,0,0,0,0,0,0,0,0,0,0,0,0,0,0,0,0,0,0,0,0,0,0,0
"2955414",0,0,0,0,0,0,0,0,0,0,0,0,0,0,0,0,0,0,0,0,0,0,0,0
"2955417",0,0,0,0,0,0,0,0,0,0,0,0,0,0,0,0,0,0,0,0,0,0,0,0
"2955419",0,0,0,0,0,0,0,0,0,0,0,0,0,0,0,0,0,0,0,0,0,0,0,0
"2955421",0,0,0,0,0,0,0,0,0,0,0,0,0,0,0,0,0,0,0,0,0,0,0,0
"2955433",0,0,0,0,0,0,0,0,0,0,0,0,0,0,0,0,0,0,0,0,0,0,0,0
"2955434",0,0,0,0,0,0,0,0,0,0,0,0,0,0,0,0,0,0,0,0,0,0,0,0
"2955435",0,0,0,0,0,0,0,0,0,0,0,0,0,0,0,0,0,0,0,0,0,0,0,0
"2955436",0,0,0,0,0,0,0,0,0,0,0,0,0,0,0,0,0,0,0,0,0,0,0,0
"2955437",0,0,0,0,0,0,0,0,0,0,0,0,0,0,0,0,0,0,0,0,0,0,0,0
"2955438",0,0,0,0,0,0,0,0,0,0,0,0,0,0,0,0,0,0,0,0,0,0,0,0
"2955441",0,0,0,0,0,0,0,0,0,0,0,0,0,0,0,0,0,0,0,0,0,0,0,0
"2955443",0,0,0,0,0,0,0,0,0,0,0,0,0,0,0,0,0,0,0,0,0,0,0,0
"2955444",0,0,0,0,0,0,0,0,0,0,0,0,0,0,0,0,0,0,0,0,0,0,0,0
"2955445",0,0,0,0,0,0,0,0,0,0,0,0,0,0,0,0,0,0,0,0,0,0,0,0
"2955446",0,0,0,0,0,0,0,0,0,0,0,0,0,0,0,0,0,0,0,0,0,0,0,0
"2955447",0,0,0,0,0,0,0,0,0,0,0,0,0,0,0,0,0,0,0,0,0,0,0,0
"2955448",0,0,0,0,0,0,0,0,0,0,0,0,0,0,0,0,0,0,0,0,0,0,0,0
"2955449",0,0,0,0,0,0,0,0,0,0,0,0,0,0,0,0,0,0,0,0,0,0,0,0
"2955450",0,0,0,0,0,0,0,0,0,0,0,0,0,0,0,0,0,0,0,0,0,0,0,0
"2955451",0,0,0,0,0,0,0,0,0,0,0,0,0,0,0,0,0,0,0,0,0,0,0,0
"2955452",0,0,0,0,0,0,0,0,0,0,0,0,0,0,0,0,0,0,0,0,0,0,0,0
"2955453",0,0,0,0,0,0,0,0,0,0,0,0,0,0,0,0,0,0,0,0,0,0,0,0
"2955454",0,0,0,0,0,0,0,0,0,0,0,0,0,0,0,0,0,0,0,0,0,0,0,0
"2955455",0,0,0,0,0,0,0,0,0,0,0,0,0,0,0,0,0,0,0,0,0,0,0,0
"2955457",0,0,0,0,0,0,0,0,0,0,0,0,0,0,0,0,0,0,0,0,0,0,0,0
"2955458",0,0,0,0,0,0,0,0,0,0,0,0,0,0,0,0,0,0,0,0,0,0,0,0
"2955464",0,0,0,0,0,0,0,0,0,0,0,0,0,0,0,0,0,0,0,0,0,0,0,0
"2955465",0,0,0,0,0,0,0,0,0,0,0,0,0,0,0,0,0,0,0,0,0,0,0,0
"2955466",0,0,0,0,0,0,0,0,0,0,0,0,0,0,0,0,0,0,0,0,0,0,0,0
"2955467",0,0,0,0,0,0,0,0,0,0,0,0,0,0,0,0,0,0,0,0,0,0,0,0
"2955468",0,0,0,0,0,0,0,0,0,0,0,0,0,0,0,0,0,0,0,0,0,0,0,0
"2955470",0,0,0,0,0,0,0,0,0,0,0,0,0,0,0,0,0,0,0,0,0,0,0,0
"2955472",0,0,0,0,0,0,0,0,0,0,0,0,0,0,0,0,0,0,0,0,0,0,0,0
"2955474",0,0,0,0,0,0,0,0,0,0,0,0,0,0,0,0,0,0,0,0,0,0,0,0
"2955475",0,0,0,0,0,0,0,0,0,0,0,0,0,0,0,0,0,0,0,0,0,0,0,0
"2955477",0,0,0,0,0,0,0,0,0,0,0,0,0,0,0,0,0,0,0,0,0,0,0,0
"2955479",0,0,0,0,0,0,0,0,0,0,0,0,0,0,0,0,0,0,0,0,0,0,0,0
"2955482",0,0,0,0,0,0,0,0,0,0,0,0,0,0,0,0,0,0,0,0,0,0,0,0
"2955483",0,0,0,0,0,0,0,0,0,0,0,0,0,0,0,0,0,0,0,0,0,0,0,0
"2955486",0,0,0,0,0,0,0,0,0,0,0,0,0,0,0,0,0,0,0,0,0,0,0,0
"2955487",0,0,0,0,0,0,0,0,0,0,0,0,0,0,0,0,0,0,0,0,0,0,0,0
"2955488",0,0,0,0,0,0,0,0,0,0,0,0,0,0,0,0,0,0,0,0,0,0,0,0
"2955490",0,0,0,0,0,0,0,0,0,0,0,0,0,0,0,0,0,0,0,0,0,0,0,0
"2955491",0,0,0,0,0,0,0,0,0,0,0,0,0,0,0,0,0,0,0,0,0,0,0,0
"2955492",0,0,0,0,0,0,0,0,0,0,0,0,0,0,0,0,0,0,0,0,0,0,0,0
"2955493",0,0,0,0,0,0,0,0,0,0,0,0,0,0,0,0,0,0,0,0,0,0,0,0
"2955494",0,0,0,0,0,0,0,0,0,0,0,0,0,0,0,0,0,0,0,0,0,0,0,0
"2955495",0,0,0,0,0,0,0,0,0,0,0,0,0,0,0,0,0,0,0,0,0,0,0,0
"2955503",0,0,0,0,0,0,0,0,0,0,0,0,0,0,0,0,0,0,0,0,0,0,0,0
"2955505",0,0,0,0,0,0,0,0,0,0,0,0,0,0,0,0,0,0,0,0,0,0,0,0
"2955506",0,0,0,0,0,0,0,0,0,0,0,0,0,0,0,0,0,0,0,0,0,0,0,0
"2955510",0,0,0,0,0,0,0,0,0,0,0,0,0,0,0,0,0,0,0,0,0,0,0,0
"2955518",0,0,0,0,0,0,0,0,0,0,0,0,0,0,0,0,0,0,0,0,0,0,0,0
"2955519",0,0,0,0,0,0,0,0,0,0,0,0,0,0,0,0,0,0,0,0,0,0,0,0
"2955520",0,0,0,0,0,0,0,0,0,0,0,0,0,0,0,0,0,0,0,0,0,0,0,0
"2955521",0,0,0,0,0,0,0,0,0,0,0,0,0,0,0,0,0,0,0,0,0,0,0,0
"2955522",0,0,0,0,0,0,0,0,0,0,0,0,0,0,0,0,0,0,0,0,0,0,0,0
"2955524",0,0,0,0,0,0,0,0,0,0,0,0,0,0,0,0,0,0,0,0,0,0,0,0
"2955526",0,0,0,0,0,0,0,0,0,0,0,0,0,0,0,0,0,0,0,0,0,0,0,0
"2955527",0,0,0,0,0,0,0,0,0,0,0,0,0,0,0,0,0,0,0,0,0,0,0,0
"2955528",0,0,0,0,0,0,0,0,0,0,0,0,0,0,0,0,0,0,0,0,0,0,0,0
"2955531",0,0,0,0,0,0,0,0,0,0,0,0,0,0,0,0,0,0,0,0,0,0,0,0
"2955532",0,0,0,0,0,0,0,0,0,0,0,0,0,0,0,0,0,0,0,0,0,0,0,0
"2955541",0,0,0,0,0,0,0,0,0,0,0,0,0,0,0,0,0,0,0,0,0,0,0,0
"2955548",0,0,0,0,0,0,0,0,0,0,0,0,0,0,0,0,0,0,0,0,0,0,0,0
"2955551",0,0,0,0,0,0,0,0,0,0,0,0,0,0,0,0,0,0,0,0,0,0,0,0
"2955554",0,0,0,0,0,0,0,0,0,0,0,0,0,0,0,0,0,0,0,0,0,0,0,0
"2955556",0,0,0,0,0,0,0,0,0,0,0,0,0,0,0,0,0,0,0,0,0,0,0,0
"2955557",0,0,0,0,0,0,0,0,0,0,0,0,0,0,0,0,0,0,0,0,0,0,0,0
"2955560",0,0,0,0,0,0,0,0,0,0,0,0,0,0,0,0,0,0,0,0,0,0,0,0
"2955561",0,0,0,0,0,0,0,0,0,0,0,0,0,0,0,0,0,0,0,0,0,0,0,0
"2955562",0,0,0,0,0,0,0,0,0,0,0,0,0,0,0,0,0,0,0,0,0,0,0,0
"2955563",0,0,0,0,0,0,0,0,0,0,0,0,0,0,0,0,0,0,0,0,0,0,0,0
"2955569",0,0,0,0,0,0,0,0,0,0,0,0,0,0,0,0,0,0,0,0,0,0,0,0
"2955570",0,0,0,0,0,0,0,0,0,0,0,0,0,0,0,0,0,0,0,0,0,0,0,0
"2955571",0,0,0,0,0,0,0,0,0,0,0,0,0,0,0,0,0,0,0,0,0,0,0,0
"2955578",0,0,0,0,0,0,0,0,0,0,0,0,0,0,0,0,0,0,0,0,0,0,0,0
"2955584",0,0,0,0,0,0,0,0,0,0,0,0,0,0,0,0,0,0,0,0,0,0,0,0
"2955585",0,0,0,0,0,0,0,0,0,0,0,0,0,0,0,0,0,0,0,0,0,0,0,0
"2955586",0,0,0,0,0,0,0,0,0,0,0,0,0,0,0,0,0,0,0,0,0,0,0,0
"2955587",0,0,0,0,0,0,0,0,0,0,0,0,0,0,0,0,0,0,0,0,0,0,0,0
"2955588",0,0,0,0,0,0,0,0,0,0,0,0,0,0,0,0,0,0,0,0,0,0,0,0
"2955589",0,0,0,0,0,0,0,0,0,0,0,0,0,0,0,0,0,0,0,0,0,0,0,0
"2955590",0,0,0,0,0,0,0,0,0,0,0,0,0,0,0,0,0,0,0,0,0,0,0,0
"2955591",0,0,0,0,0,0,0,0,0,0,0,0,0,0,0,0,0,0,0,0,0,0,0,0
"2955594",0,0,0,0,0,0,0,0,0,0,0,0,0,0,0,0,0,0,0,0,0,0,0,0
"2955600",0,0,0,0,0,0,0,0,0,0,0,0,0,0,0,0,0,0,0,0,0,0,0,0
"2955606",0,0,0,0,0,0,0,0,0,0,0,0,0,0,0,0,0,0,0,0,0,0,0,0
"2955607",0,0,0,0,0,0,0,0,0,0,0,0,0,0,0,0,0,0,0,0,0,0,0,0
"2955616",0,0,0,0,0,0,0,0,0,0,0,0,0,0,0,0,0,0,0,0,0,0,0,0
"2955618",0,0,0,0,0,0,0,0,0,0,0,0,0,0,0,0,0,0,0,0,0,0,0,0
"2955621",0,0,0,0,0,0,0,0,0,0,0,0,0,0,0,0,0,0,0,0,0,0,0,0
"2955622",0,0,0,0,0,0,0,0,0,0,0,0,0,0,0,0,0,0,0,0,0,0,0,0
"2955625",0,0,0,0,0,0,0,0,0,0,0,0,0,0,0,0,0,0,0,0,0,0,0,0
"2955633",0,0,0,0,0,0,0,0,0,0,0,0,0,0,0,0,0,0,0,0,0,0,0,0
"2955639",0,0,0,0,0,0,0,0,0,0,0,0,0,0,0,0,0,0,0,0,0,0,0,0
"2955641",0,0,0,0,0,0,0,0,0,0,0,0,0,0,0,0,0,0,0,0,0,0,0,0
"2955648",0,0,0,0,0,0,0,0,0,0,0,0,0,0,0,0,0,0,0,0,0,0,0,0
"2955651",0,0,0,0,0,0,0,0,0,0,0,0,0,0,0,0,0,0,0,0,0,0,0,0
"2955653",0,0,0,0,0,0,0,0,0,0,0,0,0,0,0,0,0,0,0,0,0,0,0,0
"2955654",0,0,0,0,0,0,0,0,0,0,0,0,0,0,0,0,0,0,0,0,0,0,0,0
"2955655",0,0,0,0,0,0,0,0,0,0,0,0,0,0,0,0,0,0,0,0,0,0,0,0
"2955658",0,0,0,0,0,0,0,0,0,0,0,0,0,0,0,0,0,0,0,0,0,0,0,0
"2955660",0,0,0,0,0,0,0,0,0,0,0,0,0,0,0,0,0,0,0,0,0,0,0,0
"2955661",0,0,0,0,0,0,0,0,0,0,0,0,0,0,0,0,0,0,0,0,0,0,0,0
"2955663",0,0,0,0,0,0,0,0,0,0,0,0,0,0,0,0,0,0,0,0,0,0,0,0
"2955665",0,0,0,0,0,0,0,0,0,0,0,0,0,0,0,0,0,0,0,0,0,0,0,0
"2955667",0,0,0,0,0,0,0,0,0,0,0,0,0,0,0,0,0,0,0,0,0,0,0,0
"2955673",0,0,0,0,0,0,0,0,0,0,0,0,0,0,0,0,0,0,0,0,0,0,0,0
"2955674",0,0,0,0,0,0,0,0,0,0,0,0,0,0,0,0,0,0,0,0,0,0,0,0
"2955675",0,0,0,0,0,0,0,0,0,0,0,0,0,0,0,0,0,0,0,0,0,0,0,0
"2955677",0,0,0,0,0,0,0,0,0,0,0,0,0,0,0,0,0,0,0,0,0,0,0,0
"2955678",0,0,0,0,0,0,0,0,0,0,0,0,0,0,0,0,0,0,0,0,0,0,0,0
"2955679",0,0,0,0,0,0,0,0,0,0,0,0,0,0,0,0,0,0,0,0,0,0,0,0
"2955680",0,0,0,0,0,0,0,0,0,0,0,0,0,0,0,0,0,0,0,0,0,0,0,0
"2955681",0,0,0,0,0,0,0,0,0,0,0,0,0,0,0,0,0,0,0,0,0,0,0,0
"2955682",0,0,0,0,0,0,0,0,0,0,0,0,0,0,0,0,0,0,0,0,0,0,0,0
"2955684",0,0,0,0,0,0,0,0,0,0,0,0,0,0,0,0,0,0,0,0,0,0,0,0
"2955688",0,0,0,0,0,0,0,0,0,0,0,0,0,0,0,0,0,0,0,0,0,0,0,0
"2955689",0,0,0,0,0,0,0,0,0,0,0,0,0,0,0,0,0,0,0,0,0,0,0,0
"2955692",0,0,0,0,0,0,0,0,0,0,0,0,0,0,0,0,0,0,0,0,0,0,0,0
"2955694",0,0,0,0,0,0,0,0,0,0,0,0,0,0,0,0,0,0,0,0,0,0,0,0
"2955697",0,0,0,0,0,0,0,0,0,0,0,0,0,0,0,0,0,0,0,0,0,0,0,0
"2955698",0,0,0,0,0,0,0,0,0,0,0,0,0,0,0,0,0,0,0,0,0,0,0,0
"2955699",0,0,0,0,0,0,0,0,0,0,0,0,0,0,0,0,0,0,0,0,0,0,0,0
"2955702",0,0,0,0,0,0,0,0,0,0,0,0,0,0,0,0,0,0,0,0,0,0,0,0
"2955703",0,0,0,0,0,0,0,0,0,0,0,0,0,0,0,0,0,0,0,0,0,0,0,0
"2955707",0,0,0,0,0,0,0,0,0,0,0,0,0,0,0,0,0,0,0,0,0,0,0,0
"2955708",0,0,0,0,0,0,0,0,0,0,0,0,0,0,0,0,0,0,0,0,0,0,0,0
"2955720",0,0,0,0,0,0,0,0,0,0,0,0,0,0,0,0,0,0,0,0,0,0,0,0
"2955721",0,0,0,0,0,0,0,0,0,0,0,0,0,0,0,0,0,0,0,0,0,0,0,0
"2955722",0,0,0,0,0,0,0,0,0,0,0,0,0,0,0,0,0,0,0,0,0,0,0,0
"2955725",0,0,0,0,0,0,0,0,0,0,0,0,0,0,0,0,0,0,0,0,0,0,0,0
"2955727",0,0,0,0,0,0,0,0,0,0,0,0,0,0,0,0,0,0,0,0,0,0,0,0
"2955728",0,0,0,0,0,0,0,0,0,0,0,0,0,0,0,0,0,0,0,0,0,0,0,0
"2955729",0,0,0,0,0,0,0,0,0,0,0,0,0,0,0,0,0,0,0,0,0,0,0,0
"2955730",0,0,0,0,0,0,0,0,0,0,0,0,0,0,0,0,0,0,0,0,0,0,0,0
"2955732",0,0,0,0,0,0,0,0,0,0,0,0,0,0,0,0,0,0,0,0,0,0,0,0
"2955734",0,0,0,0,0,0,0,0,0,0,0,0,0,0,0,0,0,0,0,0,0,0,0,0
"2955742",0,0,0,0,0,0,0,0,0,0,0,0,0,0,0,0,0,0,0,0,0,0,0,0
"2955743",0,0,0,0,0,0,0,0,0,0,0,0,0,0,0,0,0,0,0,0,0,0,0,0
"2955746",0,0,0,0,0,0,0,0,0,0,0,0,0,0,0,0,0,0,0,0,0,0,0,0
"2955749",0,0,0,0,0,0,0,0,0,0,0,0,0,0,0,0,0,0,0,0,0,0,0,0
"2955756",0,0,0,0,0,0,0,0,0,0,0,0,0,0,0,0,0,0,0,0,0,0,0,0
"2955759",0,0,0,0,0,0,0,0,0,0,0,0,0,0,0,0,0,0,0,0,0,0,0,0
"2955766",0,0,0,0,0,0,0,0,0,0,0,0,0,0,0,0,0,0,0,0,0,0,0,0
"2955768",0,0,0,0,0,0,0,0,0,0,0,0,0,0,0,0,0,0,0,0,0,0,0,0
"2955770",0,0,0,0,0,0,0,0,0,0,0,0,0,0,0,0,0,0,0,0,0,0,0,0
"2955772",0,0,0,0,0,0,0,0,0,0,0,0,0,0,0,0,0,0,0,0,0,0,0,0
"2955774",0,0,0,0,0,0,0,0,0,0,0,0,0,0,0,0,0,0,0,0,0,0,0,0
"2955775",0,0,0,0,0,0,0,0,0,0,0,0,0,0,0,0,0,0,0,0,0,0,0,0
"2955776",0,0,0,0,0,0,0,0,0,0,0,0,0,0,0,0,0,0,0,0,0,0,0,0
"2955777",0,0,0,0,0,0,0,0,0,0,0,0,0,0,0,0,0,0,0,0,0,0,0,0
"2955778",0,0,0,0,0,0,0,0,0,0,0,0,0,0,0,0,0,0,0,0,0,0,0,0
"2955779",0,0,0,0,0,0,0,0,0,0,0,0,0,0,0,0,0,0,0,0,0,0,0,0
"2955781",0,0,0,0,0,0,0,0,0,0,0,0,0,0,0,0,0,0,0,0,0,0,0,0
"2955784",0,0,0,0,0,0,0,0,0,0,0,0,0,0,0,0,0,0,0,0,0,0,0,0
"2955785",0,0,0,0,0,0,0,0,0,0,0,0,0,0,0,0,0,0,0,0,0,0,0,0
"2955787",0,0,0,0,0,0,0,0,0,0,0,0,0,0,0,0,0,0,0,0,0,0,0,0
"2955788",0,0,0,0,0,0,0,0,0,0,0,0,0,0,0,0,0,0,0,0,0,0,0,0
"2955790",0,0,0,0,0,0,0,0,0,0,0,0,0,0,0,0,0,0,0,0,0,0,0,0
"2955792",0,0,0,0,0,0,0,0,0,0,0,0,0,0,0,0,0,0,0,0,0,0,0,0
"2955793",0,0,0,0,0,0,0,0,0,0,0,0,0,0,0,0,0,0,0,0,0,0,0,0
"2955794",0,0,0,0,0,0,0,0,0,0,0,0,0,0,0,0,0,0,0,0,0,0,0,0
"2955795",0,0,0,0,0,0,0,0,0,0,0,0,0,0,0,0,0,0,0,0,0,0,0,0
"2955796",0,0,0,0,0,0,0,0,0,0,0,0,0,0,0,0,0,0,0,0,0,0,0,0
"2955797",0,0,0,0,0,0,0,0,0,0,0,0,0,0,0,0,0,0,0,0,0,0,0,0
"2955798",0,0,0,0,0,0,0,0,0,0,0,0,0,0,0,0,0,0,0,0,0,0,0,0
"2955799",0,0,0,0,0,0,0,0,0,0,0,0,0,0,0,0,0,0,0,0,0,0,0,0
"2955800",0,0,0,0,0,0,0,0,0,0,0,0,0,0,0,0,0,0,0,0,0,0,0,0
"2955801",0,0,0,0,0,0,0,0,0,0,0,0,0,0,0,0,0,0,0,0,0,0,0,0
"2955802",0,0,0,0,0,0,0,0,0,0,0,0,0,0,0,0,0,0,0,0,0,0,0,0
"2955803",0,0,0,0,0,0,0,0,0,0,0,0,0,0,0,0,0,0,0,0,0,0,0,0
"2955804",0,0,0,0,0,0,0,0,0,0,0,0,0,0,0,0,0,0,0,0,0,0,0,0
"2955805",0,0,0,0,0,0,0,0,0,0,0,0,0,0,0,0,0,0,0,0,0,0,0,0
"2955806",0,0,0,0,0,0,0,0,0,0,0,0,0,0,0,0,0,0,0,0,0,0,0,0
"2955833",0,0,0,0,0,0,0,0,0,0,0,0,0,0,0,0,0,0,0,0,0,0,0,0
"2955835",0,0,0,0,0,0,0,0,0,0,0,0,0,0,0,0,0,0,0,0,0,0,0,0
"2955836",0,0,0,0,0,0,0,0,0,0,0,0,0,0,0,0,0,0,0,0,0,0,0,0
"2955837",0,0,0,0,0,0,0,0,0,0,0,0,0,0,0,0,0,0,0,0,0,0,0,0
"2955838",0,0,0,0,0,0,0,0,0,0,0,0,0,0,0,0,0,0,0,0,0,0,0,0
"2955839",0,0,0,0,0,0,0,0,0,0,0,0,0,0,0,0,0,0,0,0,0,0,0,0
"2955848",0,0,0,0,0,0,0,0,0,0,0,0,0,0,0,0,0,0,0,0,0,0,0,0
"2955849",0,0,0,0,0,0,0,0,0,0,0,0,0,0,0,0,0,0,0,0,0,0,0,0
"2955850",0,0,0,0,0,0,0,0,0,0,0,0,0,0,0,0,0,0,0,0,0,0,0,0
"2955851",0,0,0,0,0,0,0,0,0,0,0,0,0,0,0,0,0,0,0,0,0,0,0,0
"2955852",0,0,0,0,0,0,0,0,0,0,0,0,0,0,0,0,0,0,0,0,0,0,0,0
"2955853",0,0,0,0,0,0,0,0,0,0,0,0,0,0,0,0,0,0,0,0,0,0,0,0
"2955855",0,0,0,0,0,0,0,0,0,0,0,0,0,0,0,0,0,0,0,0,0,0,0,0
"2955856",0,0,0,0,0,0,0,0,0,0,0,0,0,0,0,0,0,0,0,0,0,0,0,0
"2955857",0,0,0,0,0,0,0,0,0,0,0,0,0,0,0,0,0,0,0,0,0,0,0,0
"2955868",0,0,0,0,0,0,0,0,0,0,0,0,0,0,0,0,0,0,0,0,0,0,0,0
"2955869",0,0,0,0,0,0,0,0,0,0,0,0,0,0,0,0,0,0,0,0,0,0,0,0
"2955870",0,0,0,0,0,0,0,0,0,0,0,0,0,0,0,0,0,0,0,0,0,0,0,0
"2955873",0,0,0,0,0,0,0,0,0,0,0,0,0,0,0,0,0,0,0,0,0,0,0,0
"2955881",0,0,0,0,0,0,0,0,0,0,0,0,0,0,0,0,0,0,0,0,0,0,0,0
"2955897",0,0,0,0,0,0,0,0,0,0,0,0,0,0,0,0,0,0,0,0,0,0,0,0
"2955898",0,0,0,0,0,0,0,0,0,0,0,0,0,0,0,0,0,0,0,0,0,0,0,0
"2955906",0,0,0,0,0,0,0,0,0,0,0,0,0,0,0,0,0,0,0,0,0,0,0,0
"2955909",0,0,0,0,0,0,0,0,0,0,0,0,0,0,0,0,0,0,0,0,0,0,0,0
"2955910",0,0,0,0,0,0,0,0,0,0,0,0,0,0,0,0,0,0,0,0,0,0,0,0
"2955911",0,0,0,0,0,0,0,0,0,0,0,0,0,0,0,0,0,0,0,0,0,0,0,0
"2955924",0,0,0,0,0,0,0,0,0,0,0,0,0,0,0,0,0,0,0,0,0,0,0,0
"2955926",0,0,0,0,0,0,0,0,0,0,0,0,0,0,0,0,0,0,0,0,0,0,0,0
"2955927",0,0,0,0,0,0,0,0,0,0,0,0,0,0,0,0,0,0,0,0,0,0,0,0
"2955929",0,0,0,0,0,0,0,0,0,0,0,0,0,0,0,0,0,0,0,0,0,0,0,0
"2955935",0,0,0,0,0,0,0,0,0,0,0,0,0,0,0,0,0,0,0,0,0,0,0,0
"2955938",0,0,0,0,0,0,0,0,0,0,0,0,0,0,0,0,0,0,0,0,0,0,0,0
"2955939",0,0,0,0,0,0,0,0,0,0,0,0,0,0,0,0,0,0,0,0,0,0,0,0
"2955941",0,0,0,0,0,0,0,0,0,0,0,0,0,0,0,0,0,0,0,0,0,0,0,0
"2955948",0,0,0,0,0,0,0,0,0,0,0,0,0,0,0,0,0,0,0,0,0,0,0,0
"2955959",0,0,0,0,0,0,0,0,0,0,0,0,0,0,0,0,0,0,0,0,0,0,0,0
"2955967",0,0,0,0,0,0,0,0,0,0,0,0,0,0,0,0,0,0,0,0,0,0,0,0
"2955970",0,0,0,0,0,0,0,0,0,0,0,0,0,0,0,0,0,0,0,0,0,0,0,0
"2955987",0,0,0,0,0,0,0,0,0,0,0,0,0,0,0,0,0,0,0,0,0,0,0,0
"2955988",0,0,0,0,0,0,0,0,0,0,0,0,0,0,0,0,0,0,0,0,0,0,0,0
"2955993",0,0,0,0,0,0,0,0,0,0,0,0,0,0,0,0,0,0,0,0,0,0,0,0
"2955999",0,0,0,0,0,0,0,0,0,0,0,0,0,0,0,0,0,0,0,0,0,0,0,0
"2956002",0,0,0,0,0,0,0,0,0,0,0,0,0,0,0,0,0,0,0,0,0,0,0,0
"2956003",0,0,0,0,0,0,0,0,0,0,0,0,0,0,0,0,0,0,0,0,0,0,0,0
"2956005",0,0,0,0,0,0,0,0,0,0,0,0,0,0,0,0,0,0,0,0,0,0,0,0
"2956011",0,0,0,0,0,0,0,0,0,0,0,0,0,0,0,0,0,0,0,0,0,0,0,0
"2956012",0,0,0,0,0,0,0,0,0,0,0,0,0,0,0,0,0,0,0,0,0,0,0,0
"2956013",0,0,0,0,0,0,0,0,0,0,0,0,0,0,0,0,0,0,0,0,0,0,0,0
"2956028",0,0,0,0,0,0,0,0,0,0,0,0,0,0,0,0,0,0,0,0,0,0,0,0
"2956038",0,0,0,0,0,0,0,0,0,0,0,0,0,0,0,0,0,0,0,0,0,0,0,0
"2956039",0,0,0,0,0,0,0,0,0,0,0,0,0,0,0,0,0,0,0,0,0,0,0,0
"2956040",0,0,0,0,0,0,0,0,0,0,0,0,0,0,0,0,0,0,0,0,0,0,0,0
"2956041",0,0,0,0,0,0,0,0,0,0,0,0,0,0,0,0,0,0,0,0,0,0,0,0
"2956053",0,0,0,0,0,0,0,0,0,0,0,0,0,0,0,0,0,0,0,0,0,0,0,0
"2956058",0,0,0,0,0,0,0,0,0,0,0,0,0,0,0,0,0,0,0,0,0,0,0,0
"2956063",0,0,0,0,0,0,0,0,0,0,0,0,0,0,0,0,0,0,0,0,0,0,0,0
"2956101",0,0,0,0,0,0,0,0,0,0,0,0,0,0,0,0,0,0,0,0,0,0,0,0
"2956104",0,0,0,0,0,0,0,0,0,0,0,0,0,0,0,0,0,0,0,0,0,0,0,0
"2956107",0,0,0,0,0,0,0,0,0,0,0,0,0,0,0,0,0,0,0,0,0,0,0,0
"2956111",0,0,0,0,0,0,0,0,0,0,0,0,0,0,0,0,0,0,0,0,0,0,0,0
"2956115",0,0,0,0,0,0,0,0,0,0,0,0,0,0,0,0,0,0,0,0,0,0,0,0
"2956124",0,0,0,0,0,0,0,0,0,0,0,0,0,0,0,0,0,0,0,0,0,0,0,0
"2956130",0,0,0,0,0,0,0,0,0,0,0,0,0,0,0,0,0,0,0,0,0,0,0,0
"2956137",0,0,0,0,0,0,0,0,0,0,0,0,0,0,0,0,0,0,0,0,0,0,0,0
"2956139",0,0,0,0,0,0,0,0,0,0,0,0,0,0,0,0,0,0,0,0,0,0,0,0
"2956140",0,0,0,0,0,0,0,0,0,0,0,0,0,0,0,0,0,0,0,0,0,0,0,0
"2956141",0,0,0,0,0,0,0,0,0,0,0,0,0,0,0,0,0,0,0,0,0,0,0,0
"2956142",0,0,0,0,0,0,0,0,0,0,0,0,0,0,0,0,0,0,0,0,0,0,0,0
"2956143",0,0,0,0,0,0,0,0,0,0,0,0,0,0,0,0,0,0,0,0,0,0,0,0
"2956146",0,0,0,0,0,0,0,0,0,0,0,0,0,0,0,0,0,0,0,0,0,0,0,0
"2956147",0,0,0,0,0,0,0,0,0,0,0,0,0,0,0,0,0,0,0,0,0,0,0,0
"2956148",0,0,0,0,0,0,0,0,0,0,0,0,0,0,0,0,0,0,0,0,0,0,0,0
"2956149",0,0,0,0,0,0,0,0,0,0,0,0,0,0,0,0,0,0,0,0,0,0,0,0
"2956151",0,0,0,0,0,0,0,0,0,0,0,0,0,0,0,0,0,0,0,0,0,0,0,0
"2956154",0,0,0,0,0,0,0,0,0,0,0,0,0,0,0,0,0,0,0,0,0,0,0,0
"2956157",0,0,0,0,0,0,0,0,0,0,0,0,0,0,0,0,0,0,0,0,0,0,0,0
"2956158",0,0,0,0,0,0,0,0,0,0,0,0,0,0,0,0,0,0,0,0,0,0,0,0
"2956160",0,0,0,0,0,0,0,0,0,0,0,0,0,0,0,0,0,0,0,0,0,0,0,0
"2956161",0,0,0,0,0,0,0,0,0,0,0,0,0,0,0,0,0,0,0,0,0,0,0,0
"2956163",0,0,0,0,0,0,0,0,0,0,0,0,0,0,0,0,0,0,0,0,0,0,0,0
"2956168",0,0,0,0,0,0,0,0,0,0,0,0,0,0,0,0,0,0,0,0,0,0,0,0
"2956169",0,0,0,0,0,0,0,0,0,0,0,0,0,0,0,0,0,0,0,0,0,0,0,0
"2956170",0,0,0,0,0,0,0,0,0,0,0,0,0,0,0,0,0,0,0,0,0,0,0,0
"2956171",0,0,0,0,0,0,0,0,0,0,0,0,0,0,0,0,0,0,0,0,0,0,0,0
"2956172",0,0,0,0,0,0,0,0,0,0,0,0,0,0,0,0,0,0,0,0,0,0,0,0
"2956173",0,0,0,0,0,0,0,0,0,0,0,0,0,0,0,0,0,0,0,0,0,0,0,0
"2956175",0,0,0,0,0,0,0,0,0,0,0,0,0,0,0,0,0,0,0,0,0,0,0,0
"2956176",0,0,0,0,0,0,0,0,0,0,0,0,0,0,0,0,0,0,0,0,0,0,0,0
"2956177",0,0,0,0,0,0,0,0,0,0,0,0,0,0,0,0,0,0,0,0,0,0,0,0
"2956178",0,0,0,0,0,0,0,0,0,0,0,0,0,0,0,0,0,0,0,0,0,0,0,0
"2956179",0,0,0,0,0,0,0,0,0,0,0,0,0,0,0,0,0,0,0,0,0,0,0,0
"2956183",0,0,0,0,0,0,0,0,0,0,0,0,0,0,0,0,0,0,0,0,0,0,0,0
"2956184",0,0,0,0,0,0,0,0,0,0,0,0,0,0,0,0,0,0,0,0,0,0,0,0
"2956187",0,0,0,0,0,0,0,0,0,0,0,0,0,0,0,0,0,0,0,0,0,0,0,0
"2956188",0,0,0,0,0,0,0,0,0,0,0,0,0,0,0,0,0,0,0,0,0,0,0,0
"2956190",0,0,0,0,0,0,0,0,0,0,0,0,0,0,0,0,0,0,0,0,0,0,0,0
"2956199",0,0,0,0,0,0,0,0,0,0,0,0,0,0,0,0,0,0,0,0,0,0,0,0
"2956201",0,0,0,0,0,0,0,0,0,0,0,0,0,0,0,0,0,0,0,0,0,0,0,0
"2956202",0,0,0,0,0,0,0,0,0,0,0,0,0,0,0,0,0,0,0,0,0,0,0,0
"2956203",0,0,0,0,0,0,0,0,0,0,0,0,0,0,0,0,0,0,0,0,0,0,0,0
"2956204",0,0,0,0,0,0,0,0,0,0,0,0,0,0,0,0,0,0,0,0,0,0,0,0
"2956207",0,0,0,0,0,0,0,0,0,0,0,0,0,0,0,0,0,0,0,0,0,0,0,0
"2956208",0,0,0,0,0,0,0,0,0,0,0,0,0,0,0,0,0,0,0,0,0,0,0,0
"2956213",0,0,0,0,0,0,0,0,0,0,0,0,0,0,0,0,0,0,0,0,0,0,0,0
"2956224",0,0,0,0,0,0,0,0,0,0,0,0,0,0,0,0,0,0,0,0,0,0,0,0
"2956230",0,0,0,0,0,0,0,0,0,0,0,0,0,0,0,0,0,0,0,0,0,0,0,0
"2956231",0,0,0,0,0,0,0,0,0,0,0,0,0,0,0,0,0,0,0,0,0,0,0,0
"2956232",0,0,0,0,0,0,0,0,0,0,0,0,0,0,0,0,0,0,0,0,0,0,0,0
"2956241",0,0,0,0,0,0,0,0,0,0,0,0,0,0,0,0,0,0,0,0,0,0,0,0
"2956243",0,0,0,0,0,0,0,0,0,0,0,0,0,0,0,0,0,0,0,0,0,0,0,0
"2956245",0,0,0,0,0,0,0,0,0,0,0,0,0,0,0,0,0,0,0,0,0,0,0,0
"2956246",0,0,0,0,0,0,0,0,0,0,0,0,0,0,0,0,0,0,0,0,0,0,0,0
"2956247",0,0,0,0,0,0,0,0,0,0,0,0,0,0,0,0,0,0,0,0,0,0,0,0
"2956248",0,0,0,0,0,0,0,0,0,0,0,0,0,0,0,0,0,0,0,0,0,0,0,0
"2956249",0,0,0,0,0,0,0,0,0,0,0,0,0,0,0,0,0,0,0,0,0,0,0,0
"2956250",0,0,0,0,0,0,0,0,0,0,0,0,0,0,0,0,0,0,0,0,0,0,0,0
"2956252",0,0,0,0,0,0,0,0,0,0,0,0,0,0,0,0,0,0,0,0,0,0,0,0
"2956265",0,0,0,0,0,0,0,0,0,0,0,0,0,0,0,0,0,0,0,0,0,0,0,0
"2956266",0,0,0,0,0,0,0,0,0,0,0,0,0,0,0,0,0,0,0,0,0,0,0,0
"2956268",0,0,0,0,0,0,0,0,0,0,0,0,0,0,0,0,0,0,0,0,0,0,0,0
"2956269",0,0,0,0,0,0,0,0,0,0,0,0,0,0,0,0,0,0,0,0,0,0,0,0
"2956270",0,0,0,0,0,0,0,0,0,0,0,0,0,0,0,0,0,0,0,0,0,0,0,0
"2956272",0,0,0,0,0,0,0,0,0,0,0,0,0,0,0,0,0,0,0,0,0,0,0,0
"2956274",0,0,0,0,0,0,0,0,0,0,0,0,0,0,0,0,0,0,0,0,0,0,0,0
"2956276",0,0,0,0,0,0,0,0,0,0,0,0,0,0,0,0,0,0,0,0,0,0,0,0
"2956277",0,0,0,0,0,0,0,0,0,0,0,0,0,0,0,0,0,0,0,0,0,0,0,0
"2956278",0,0,0,0,0,0,0,0,0,0,0,0,0,0,0,0,0,0,0,0,0,0,0,0
"2956282",0,0,0,0,0,0,0,0,0,0,0,0,0,0,0,0,0,0,0,0,0,0,0,0
"2956284",0,0,0,0,0,0,0,0,0,0,0,0,0,0,0,0,0,0,0,0,0,0,0,0
"2956287",0,0,0,0,0,0,0,0,0,0,0,0,0,0,0,0,0,0,0,0,0,0,0,0
"2956288",0,0,0,0,0,0,0,0,0,0,0,0,0,0,0,0,0,0,0,0,0,0,0,0
"2956290",0,0,0,0,0,0,0,0,0,0,0,0,0,0,0,0,0,0,0,0,0,0,0,0
"2956292",0,0,0,0,0,0,0,0,0,0,0,0,0,0,0,0,0,0,0,0,0,0,0,0
"2956293",0,0,0,0,0,0,0,0,0,0,0,0,0,0,0,0,0,0,0,0,0,0,0,0
"2956296",0,0,0,0,0,0,0,0,0,0,0,0,0,0,0,0,0,0,0,0,0,0,0,0
"2956299",0,0,0,0,0,0,0,0,0,0,0,0,0,0,0,0,0,0,0,0,0,0,0,0
"2956302",0,0,0,0,0,0,0,0,0,0,0,0,0,0,0,0,0,0,0,0,0,0,0,0
"2956303",0,0,0,0,0,0,0,0,0,0,0,0,0,0,0,0,0,0,0,0,0,0,0,0
"2956306",0,0,0,0,0,0,0,0,0,0,0,0,0,0,0,0,0,0,0,0,0,0,0,0
"2956307",0,0,0,0,0,0,0,0,0,0,0,0,0,0,0,0,0,0,0,0,0,0,0,0
"2956312",0,0,0,0,0,0,0,0,0,0,0,0,0,0,0,0,0,0,0,0,0,0,0,0
"2956313",0,0,0,0,0,0,0,0,0,0,0,0,0,0,0,0,0,0,0,0,0,0,0,0
"2956331",0,0,0,0,0,0,0,0,0,0,0,0,0,0,0,0,0,0,0,0,0,0,0,0
"2956332",0,0,0,0,0,0,0,0,0,0,0,0,0,0,0,0,0,0,0,0,0,0,0,0
"2956333",0,0,0,0,0,0,0,0,0,0,0,0,0,0,0,0,0,0,0,0,0,0,0,0
"2956334",0,0,0,0,0,0,0,0,0,0,0,0,0,0,0,0,0,0,0,0,0,0,0,0
"2956335",0,0,0,0,0,0,0,0,0,0,0,0,0,0,0,0,0,0,0,0,0,0,0,0
"2956337",0,0,0,0,0,0,0,0,0,0,0,0,0,0,0,0,0,0,0,0,0,0,0,0
"2956339",0,0,0,0,0,0,0,0,0,0,0,0,0,0,0,0,0,0,0,0,0,0,0,0
"2956345",0,0,0,0,0,0,0,0,0,0,0,0,0,0,0,0,0,0,0,0,0,0,0,0
"2956347",0,0,0,0,0,0,0,0,0,0,0,0,0,0,0,0,0,0,0,0,0,0,0,0
"2956349",0,0,0,0,0,0,0,0,0,0,0,0,0,0,0,0,0,0,0,0,0,0,0,0
"2956350",0,0,0,0,0,0,0,0,0,0,0,0,0,0,0,0,0,0,0,0,0,0,0,0
"2956351",0,0,0,0,0,0,0,0,0,0,0,0,0,0,0,0,0,0,0,0,0,0,0,0
"2956359",0,0,0,0,0,0,0,0,0,0,0,0,0,0,0,0,0,0,0,0,0,0,0,0
"2956360",0,0,0,0,0,0,0,0,0,0,0,0,0,0,0,0,0,0,0,0,0,0,0,0
"2956363",0,0,0,0,0,0,0,0,0,0,0,0,0,0,0,0,0,0,0,0,0,0,0,0
"2956368",0,0,0,0,0,0,0,0,0,0,0,0,0,0,0,0,0,0,0,0,0,0,0,0
"2956369",0,0,0,0,0,0,0,0,0,0,0,0,0,0,0,0,0,0,0,0,0,0,0,0
"2956371",0,0,0,0,0,0,0,0,0,0,0,0,0,0,0,0,0,0,0,0,0,0,0,0
"2956372",0,0,0,0,0,0,0,0,0,0,0,0,0,0,0,0,0,0,0,0,0,0,0,0
"2956374",0,0,0,0,0,0,0,0,0,0,0,0,0,0,0,0,0,0,0,0,0,0,0,0
"2956378",0,0,0,0,0,0,0,0,0,0,0,0,0,0,0,0,0,0,0,0,0,0,0,0
"2956379",0,0,0,0,0,0,0,0,0,0,0,0,0,0,0,0,0,0,0,0,0,0,0,0
"2956380",0,0,0,0,0,0,0,0,0,0,0,0,0,0,0,0,0,0,0,0,0,0,0,0
"2956399",0,0,0,0,0,0,0,0,0,0,0,0,0,0,0,0,0,0,0,0,0,0,0,0
"2956402",0,0,0,0,0,0,0,0,0,0,0,0,0,0,0,0,0,0,0,0,0,0,0,0
"2956403",0,0,0,0,0,0,0,0,0,0,0,0,0,0,0,0,0,0,0,0,0,0,0,0
"2956405",0,0,0,0,0,0,0,0,0,0,0,0,0,0,0,0,0,0,0,0,0,0,0,0
"2956406",0,0,0,0,0,0,0,0,0,0,0,0,0,0,0,0,0,0,0,0,0,0,0,0
"2956409",0,0,0,0,0,0,0,0,0,0,0,0,0,0,0,0,0,0,0,0,0,0,0,0
"2956410",0,0,0,0,0,0,0,0,0,0,0,0,0,0,0,0,0,0,0,0,0,0,0,0
"2956411",0,0,0,0,0,0,0,0,0,0,0,0,0,0,0,0,0,0,0,0,0,0,0,0
"2956412",0,0,0,0,0,0,0,0,0,0,0,0,0,0,0,0,0,0,0,0,0,0,0,0
"2956413",0,0,0,0,0,0,0,0,0,0,0,0,0,0,0,0,0,0,0,0,0,0,0,0
"2956414",0,0,0,0,0,0,0,0,0,0,0,0,0,0,0,0,0,0,0,0,0,0,0,0
"2956415",0,0,0,0,0,0,0,0,0,0,0,0,0,0,0,0,0,0,0,0,0,0,0,0
"2956416",0,0,0,0,0,0,0,0,0,0,0,0,0,0,0,0,0,0,0,0,0,0,0,0
"2956417",0,0,0,0,0,0,0,0,0,0,0,0,0,0,0,0,0,0,0,0,0,0,0,0
"2956419",0,0,0,0,0,0,0,0,0,0,0,0,0,0,0,0,0,0,0,0,0,0,0,0
"2956420",0,0,0,0,0,0,0,0,0,0,0,0,0,0,0,0,0,0,0,0,0,0,0,0
"2956421",0,0,0,0,0,0,0,0,0,0,0,0,0,0,0,0,0,0,0,0,0,0,0,0
"2956422",0,0,0,0,0,0,0,0,0,0,0,0,0,0,0,0,0,0,0,0,0,0,0,0
"2956425",0,0,0,0,0,0,0,0,0,0,0,0,0,0,0,0,0,0,0,0,0,0,0,0
"2956445",0,0,0,0,0,0,0,0,0,0,0,0,0,0,0,0,0,0,0,0,0,0,0,0
"2956447",0,0,0,0,0,0,0,0,0,0,0,0,0,0,0,0,0,0,0,0,0,0,0,0
"2956448",0,0,0,0,0,0,0,0,0,0,0,0,0,0,0,0,0,0,0,0,0,0,0,0
"2956449",0,0,0,0,0,0,0,0,0,0,0,0,0,0,0,0,0,0,0,0,0,0,0,0
"2956450",0,0,0,0,0,0,0,0,0,0,0,0,0,0,0,0,0,0,0,0,0,0,0,0
"2956451",0,0,0,0,0,0,0,0,0,0,0,0,0,0,0,0,0,0,0,0,0,0,0,0
"2956453",0,0,0,0,0,0,0,0,0,0,0,0,0,0,0,0,0,0,0,0,0,0,0,0
"2956454",0,0,0,0,0,0,0,0,0,0,0,0,0,0,0,0,0,0,0,0,0,0,0,0
"2956455",0,0,0,0,0,0,0,0,0,0,0,0,0,0,0,0,0,0,0,0,0,0,0,0
"2956456",0,0,0,0,0,0,0,0,0,0,0,0,0,0,0,0,0,0,0,0,0,0,0,0
"2956458",0,0,0,0,0,0,0,0,0,0,0,0,0,0,0,0,0,0,0,0,0,0,0,0
"2956460",0,0,0,0,0,0,0,0,0,0,0,0,0,0,0,0,0,0,0,0,0,0,0,0
"2956462",0,0,0,0,0,0,0,0,0,0,0,0,0,0,0,0,0,0,0,0,0,0,0,0
"2956468",0,0,0,0,0,0,0,0,0,0,0,0,0,0,0,0,0,0,0,0,0,0,0,0
"2956473",0,0,0,0,0,0,0,0,0,0,0,0,0,0,0,0,0,0,0,0,0,0,0,0
"2956478",0,0,0,0,0,0,0,0,0,0,0,0,0,0,0,0,0,0,0,0,0,0,0,0
"2956479",0,0,0,0,0,0,0,0,0,0,0,0,0,0,0,0,0,0,0,0,0,0,0,0
"2956481",0,0,0,0,0,0,0,0,0,0,0,0,0,0,0,0,0,0,0,0,0,0,0,0
"2956482",0,0,0,0,0,0,0,0,0,0,0,0,0,0,0,0,0,0,0,0,0,0,0,0
"2956483",0,0,0,0,0,0,0,0,0,0,0,0,0,0,0,0,0,0,0,0,0,0,0,0
"2956485",0,0,0,0,0,0,0,0,0,0,0,0,0,0,0,0,0,0,0,0,0,0,0,0
"2956487",0,0,0,0,0,0,0,0,0,0,0,0,0,0,0,0,0,0,0,0,0,0,0,0
"2956488",0,0,0,0,0,0,0,0,0,0,0,0,0,0,0,0,0,0,0,0,0,0,0,0
"2956489",0,0,0,0,0,0,0,0,0,0,0,0,0,0,0,0,0,0,0,0,0,0,0,0
"2956490",0,0,0,0,0,0,0,0,0,0,0,0,0,0,0,0,0,0,0,0,0,0,0,0
"2956492",0,0,0,0,0,0,0,0,0,0,0,0,0,0,0,0,0,0,0,0,0,0,0,0
"2956493",0,0,0,0,0,0,0,0,0,0,0,0,0,0,0,0,0,0,0,0,0,0,0,0
"2956494",0,0,0,0,0,0,0,0,0,0,0,0,0,0,0,0,0,0,0,0,0,0,0,0
"2956496",0,0,0,0,0,0,0,0,0,0,0,0,0,0,0,0,0,0,0,0,0,0,0,0
"2956497",0,0,0,0,0,0,0,0,0,0,0,0,0,0,0,0,0,0,0,0,0,0,0,0
"2956499",0,0,0,0,0,0,0,0,0,0,0,0,0,0,0,0,0,0,0,0,0,0,0,0
"2956500",0,0,0,0,0,0,0,0,0,0,0,0,0,0,0,0,0,0,0,0,0,0,0,0
"2956504",0,0,0,0,0,0,0,0,0,0,0,0,0,0,0,0,0,0,0,0,0,0,0,0
"2956506",0,0,0,0,0,0,0,0,0,0,0,0,0,0,0,0,0,0,0,0,0,0,0,0
"2956509",0,0,0,0,0,0,0,0,0,0,0,0,0,0,0,0,0,0,0,0,0,0,0,0
"2956510",0,0,0,0,0,0,0,0,0,0,0,0,0,0,0,0,0,0,0,0,0,0,0,0
"2956512",0,0,0,0,0,0,0,0,0,0,0,0,0,0,0,0,0,0,0,0,0,0,0,0
"2956514",0,0,0,0,0,0,0,0,0,0,0,0,0,0,0,0,0,0,0,0,0,0,0,0
"2956515",0,0,0,0,0,0,0,0,0,0,0,0,0,0,0,0,0,0,0,0,0,0,0,0
"2956520",0,0,0,0,0,0,0,0,0,0,0,0,0,0,0,0,0,0,0,0,0,0,0,0
"2956524",0,0,0,0,0,0,0,0,0,0,0,0,0,0,0,0,0,0,0,0,0,0,0,0
"2956525",0,0,0,0,0,0,0,0,0,0,0,0,0,0,0,0,0,0,0,0,0,0,0,0
"2956526",0,0,0,0,0,0,0,0,0,0,0,0,0,0,0,0,0,0,0,0,0,0,0,0
"2956527",0,0,0,0,0,0,0,0,0,0,0,0,0,0,0,0,0,0,0,0,0,0,0,0
"2956528",0,0,0,0,0,0,0,0,0,0,0,0,0,0,0,0,0,0,0,0,0,0,0,0
"2956530",0,0,0,0,0,0,0,0,0,0,0,0,0,0,0,0,0,0,0,0,0,0,0,0
"2956538",0,0,0,0,0,0,0,0,0,0,0,0,0,0,0,0,0,0,0,0,0,0,0,0
"2956540",0,0,0,0,0,0,0,0,0,0,0,0,0,0,0,0,0,0,0,0,0,0,0,0
"2956541",0,0,0,0,0,0,0,0,0,0,0,0,0,0,0,0,0,0,0,0,0,0,0,0
"2956542",0,0,0,0,0,0,0,0,0,0,0,0,0,0,0,0,0,0,0,0,0,0,0,0
"2956546",0,0,0,0,0,0,0,0,0,0,0,0,0,0,0,0,0,0,0,0,0,0,0,0
"2956548",0,0,0,0,0,0,0,0,0,0,0,0,0,0,0,0,0,0,0,0,0,0,0,0
"2956551",0,0,0,0,0,0,0,0,0,0,0,0,0,0,0,0,0,0,0,0,0,0,0,0
"2956554",0,0,0,0,0,0,0,0,0,0,0,0,0,0,0,0,0,0,0,0,0,0,0,0
"2956558",0,0,0,0,0,0,0,0,0,0,0,0,0,0,0,0,0,0,0,0,0,0,0,0
"2956562",0,0,0,0,0,0,0,0,0,0,0,0,0,0,0,0,0,0,0,0,0,0,0,0
"2956564",0,0,0,0,0,0,0,0,0,0,0,0,0,0,0,0,0,0,0,0,0,0,0,0
"2956576",0,0,0,0,0,0,0,0,0,0,0,0,0,0,0,0,0,0,0,0,0,0,0,0
"2956583",0,0,0,0,0,0,0,0,0,0,0,0,0,0,0,0,0,0,0,0,0,0,0,0
"2956584",0,0,0,0,0,0,0,0,0,0,0,0,0,0,0,0,0,0,0,0,0,0,0,0
"2956586",0,0,0,0,0,0,0,0,0,0,0,0,0,0,0,0,0,0,0,0,0,0,0,0
"2956588",0,0,0,0,0,0,0,0,0,0,0,0,0,0,0,0,0,0,0,0,0,0,0,0
"2956593",0,0,0,0,0,0,0,0,0,0,0,0,0,0,0,0,0,0,0,0,0,0,0,0
