"","vcXtM2TOMPOOB050180","iYASM2TOMPOOA050195","XR8LM2TOMPOOB051125","TECcM2TOMPOOA051310","FvY2M2TOMPOOB051329","abKIM2TOMPOOA051320","cuu6M2TOMPOOB051315","s9OmM2TOMPOOB051285","Nm8MM2TOMPOOA051300","IGpcM2TOMPOOB051290","a50wM2TOMPOOB051350","OeS0M2TOMPOOA051355","dSz8M2TOMPOOA051340","aFJgM2TOMPOOM090325","cSObM2TOMPOOM080315","wQqUM2TOMPOOA080335","X0n7bM2TOMPOOA100365","X1qGgM2TOMPOOM080340","X9JUZM2TOMPOOB100355","AYtCM2TOMPOOA100360","DYZgM2TOMPOOB100370","nG3jM2TOMPOOA051345","nodos","degrees","closeness","betweenness"
"Acidiphilium_cryptum",0.000150158652475242,0.000161047653673681,0.000120259792952241,0.000120584786129591,0.000131588993345465,0.000137678994045667,0.000124346055464617,0.000119506463217399,0.00014110475756601,0.000152553518571236,0.00012720289718741,0.000126926979630118,0.000138605684333525,7.16286496556141e-05,0.000124183615774075,9.39698325372544e-05,0.000134880391939435,7.093091965405e-05,9.67786201102121e-05,0.000119608870339224,0.000141780161784943,0.000123800212847408,"v_624",106,3.19887399635328e-05,1745.3941293561
"Burkholderia_territorii",0.000173808780680283,0.00016814683206742,0.0001123099268316,0.000116655186070415,0.000133295478849945,0.000137678994045667,0.000123430784814509,0.000126213132719177,0.000138435408500127,0.000166857406457362,0.000167367979717361,0.000148429568176283,0.000144107398461333,7.77630932029463e-05,0.000111916697630539,0.000108766892140406,0.000161896793314449,8.89389794067568e-05,0.000136741930901991,0.000112209045148194,0.000149558070346812,0.000146336299497475,"v_929",106,3.10935605236156e-05,643.832654556494
"Burkholderia_perseverans",0.000181841959619288,0.000185296532681506,0.000145048920946604,0.000146088661023453,0.000158323932915653,0.000145626379628292,0.000148208468842422,0.000142820123866437,0.000155044691576736,0.000178160032153097,0.00016017543978745,0.000159964069316941,0.000152922644961571,7.03656759841046e-05,0.000129938466261167,0.000114209488776048,0.00020277422151433,8.34919133989132e-05,0.000134815988213231,0.000131249531019851,0.000174225151785886,0.000159235243830079,"v_965",157,3.15596793536578e-05,2204.95453908614
"Cupriavidus_malaysiensis",0.000162573565380976,0.000166790809228166,0.000105010504302648,0.000123127468520821,0.000146188924883795,0.000100288437114079,0.000113035925288287,0.000117909637145547,0.000131762035835418,0.000175414196532099,8.64721092697131e-05,0.000138746283268076,0.00015942467074898,8.87690066261012e-05,0.000141902497536962,0.000107831445843655,0.000159981451425922,7.92056975238888e-05,0.000107371304898394,0.000110521365718661,0.000136298588131815,0.000120241883376345,"v_983",88,3.20574469449253e-05,1729.50394596235
"Paraburkholderia_sp._PGU16",0.000188526912722376,0.000168067066018052,0.000109635880954658,0.000131911280417801,0.000146378534384292,0.000145702069014794,0.000119246690414017,0.000126277005762051,0.000127683863651429,0.00013192782309258,0.000227413565873806,0.000170027090888214,0.000127664775556634,7.59588451007898e-05,0.000122820624869238,0.000108001526988519,0.000170616639280638,8.71530561254966e-05,0.000121334389391908,0.000112079223653615,0.000173114021991333,0.000165610584132401,"v_985",135,3.14248004525171e-05,2052.37748777616
"Paraburkholderia_dioscoreae",0.000126396172117207,0.000120127670347976,8.64367261844235e-05,0.000108179578099645,0.000113512887631342,0.00010354308073363,9.98952538117427e-05,0.000103218837284509,0.000104475356495275,0.000102553767612141,0.000162438261338433,0.000127733920039136,0.000105470360609227,6.63963301593602e-05,8.70042527587882e-05,8.81870736118849e-05,0.000120666538977207,7.73602434665866e-05,0.000108815761914965,8.42541499820803e-05,0.000128668830209219,0.000114311334257906,"v_1010",85,3.205230936889e-05,1782.86523924761
"Luteibacter_sp._335",0.000171786441926408,0.000158973736390117,9.76388102635084e-05,0.000122202856742192,0.000141322281037685,0.00012450904079446,0.000115062596013526,0.000119187098003028,0.000113521483885214,0.000150573962658424,0.000267255388182188,0.000182605867852306,0.000151859813823244,8.98515554873951e-05,0.000120018921342628,0.000112168515037682,0.000145061946188974,0.000131116534232518,9.6297134438022e-05,0.000101044396614359,0.000144076496693685,0.000222543855669412,"v_1589",92,3.05408789664967e-05,601.203466194601
"Luteibacter_sp._353",0.000161843276386521,0.000146530232688733,0.000101324657283078,0.000117810950793702,0.000135065167521258,0.000124887487726966,0.000102771818712081,0.000121805892760866,0.000123976434393258,0.000146806420759846,0.000275013633499845,0.000191814481931679,0.000139355918078226,9.18362283997672e-05,0.000123805007189398,0.000100517956614511,0.000125908527303703,0.000118376948159529,9.87045627989725e-05,9.55918938420213e-05,0.000131113315757235,0.000223878229221061,"v_1590",98,3.08080963677254e-05,1038.10366650502
"Pseudomonas_sp._MPC6",4.03905990010096e-05,3.93246623383481e-05,3.61357550938225e-05,3.69074201636255e-05,5.08153461334072e-05,3.239505742251e-05,3.64146965792805e-05,4.77770360698099e-05,3.6925995411389e-05,3.18006078896925e-05,5.71362441623245e-05,3.56952463282906e-05,3.40731159051742e-05,2.43573493791131e-05,3.46805463564186e-05,3.04445249306218e-05,4.42544783717578e-05,2.70269723230707e-05,3.41854827254978e-05,3.70423997866773e-05,4.15562543162763e-05,7.26492267008741e-05,"v_1634",92,3.53706847764573e-05,2280.63774015175
"Pseudomonas_sp._MM213",3.46044631218664e-05,3.45386993762774e-05,2.4427770443424e-05,2.52727219492049e-05,3.7858696932725e-05,2.43719824533837e-05,2.74581195032277e-05,4.57330986978394e-05,3.07716628428241e-05,2.60535100783023e-05,3.83871513113213e-05,2.71037043264015e-05,2.6320700543263e-05,1.93054546930748e-05,2.90014175862627e-05,2.24507111220228e-05,3.13511224911541e-05,2.64614299506716e-05,3.65929110864483e-05,2.50988222853655e-05,3.42227976722275e-05,4.95200851389631e-05,"v_1640",83,3.37416067753146e-05,1667.38155919646
"Pseudomonas_asturiensis",3.68515061817278e-05,3.56554240674272e-05,3.31003516659414e-05,3.26696161782405e-05,5.65036311483409e-05,3.62552161340707e-05,3.12499550536734e-05,4.82241473699285e-05,3.67035496558987e-05,2.63089366476974e-05,4.30744245240721e-05,3.49357730021568e-05,3.47608301711502e-05,2.45377741893288e-05,3.39990509039999e-05,3.39311884003299e-05,4.39520559683061e-05,3.10750650939271e-05,3.56299397420681e-05,2.99454914163326e-05,4.39266645446557e-05,5.88607000005041e-05,"v_1824",99,3.4778979584739e-05,1629.14640709938
"Pseudomonas_thivervalensis",3.4042702356901e-05,3.3661272833231e-05,3.18717359927515e-05,3.06662906578767e-05,4.63279212882929e-05,2.72481791404289e-05,3.09884491536427e-05,4.17090969967726e-05,3.522057795263e-05,2.68197897864877e-05,4.31552395794643e-05,3.09960051228375e-05,3.08221030114695e-05,2.34552253280349e-05,3.24846165652917e-05,2.72129831782094e-05,3.36696942509501e-05,2.68781453829656e-05,4.52596531858703e-05,2.88636456281703e-05,3.37042704347695e-05,4.80374478593535e-05,"v_1881",79,3.39731612026499e-05,1427.96483296863
"Pseudomonas_chengduensis",4.54464458856979e-05,4.1956941967487e-05,3.9098887011516e-05,4.54600791159479e-05,8.27329453838682e-05,3.62552161340707e-05,4.00104027047032e-05,6.07432637732476e-05,5.02727407408067e-05,3.76115623434315e-05,7.03899132466543e-05,4.00147508706768e-05,4.02000248202331e-05,2.68832967221323e-05,0.000174084227234512,3.12949306549408e-05,5.2974324337947e-05,4.23263817658662e-05,4.09262821361593e-05,2.55748344321569e-05,5.50379624901841e-05,9.14787201519169e-05,"v_1900",82,3.43878954607978e-05,2231.8873110487
"Enterobacter_cloacae_complex_sp.",9.16231807658507e-05,6.79606740614049e-05,7.35723973710226e-05,7.56640638845098e-05,7.83719268724191e-05,6.26708120229866e-05,6.55726044327081e-05,7.06435854187296e-05,7.2146573364019e-05,4.13791042420095e-05,6.59450852000803e-05,6.20869444114416e-05,5.97686216611863e-05,2.99505184957984e-05,5.20965412515634e-05,5.93583195574693e-05,6.12405366989587e-05,4.68209553570376e-05,0,4.9851453918519e-05,8.47421656645634e-05,6.50877765748647e-05,"v_1985",86,3.50483667461096e-05,1171.32741941889
"Citrobacter_amalonaticus",7.13436171506011e-05,7.67349394918679e-05,6.13585121493106e-05,7.22738206962019e-05,7.87511458734147e-05,7.68247272987094e-05,7.7405746409099e-05,6.74499332750258e-05,7.51866653557197e-05,5.47889991352534e-05,6.52985647569423e-05,6.50773706330936e-05,6.80211928528982e-05,4.83538491377949e-05,4.77804033862449e-05,7.10939185530721e-05,8.43254468291011e-05,5.42920677503094e-05,4.23707391527297e-05,5.97611613380857e-05,8.11124750023575e-05,6.53843040307867e-05,"v_2028",106,3.50877192982456e-05,2383.96618629562
"Aeromonas_sp._FDAARGOS_1402",1.81448727083812e-05,1.99415123419615e-05,1.31534148541514e-05,2.24988866133166e-05,2.64821269028577e-05,1.84682103062907e-05,2.05935896274208e-05,1.93535319908455e-05,1.09739906041879e-05,1.55810207331024e-05,1.24455185304073e-05,1.91292344019962e-05,9.31540233003845e-06,0,1.25698050112784e-05,1.08001526988519e-05,1.6330809786389e-05,7.67947010941876e-06,0,9.65006443040776e-06,1.25187290186287e-05,0,"v_2479",82,3.32104546511242e-05,1786.5269513904
"Streptomyces_sp._HNA39",0.000121452677385511,0.000130178192568325,0.000145048920946604,0.000160111939665999,0.000147326581886781,0.00015561737864645,0.000152588692667937,0.000141734282137578,0.000140956460395684,0.000126244581923538,0.000145063024429098,0.000157495781007006,0.000101156516577196,7.01852511738889e-05,0.00012047325164424,0.000134874347877,0.000120716942711116,5.98581953102369e-05,0.000128075188802569,0.000141678524417735,0.000127928077012851,0.00010274676347695,"v_3283",116,3.07380198567608e-05,1930.62779953939
"Streptomyces_sp._endophyte_N2",9.32522869842503e-05,9.61978555376224e-05,0.000109997238505596,0.000202567030501402,0.000110163119789215,0.000113534079751787,0.00013160284419047,0.000107242838985576,0.000110555540478677,0.000113728680023177,0.000121060952977598,0.000180232513708138,0.000103344698332574,4.29411048313254e-05,7.78419250096034e-05,7.0243512828753e-05,0.000100051411808587,3.98260891721019e-05,8.57044496498395e-05,0.000115368034849628,0.000101335037263219,8.37690062979466e-05,"v_3304",82,3.10144837639178e-05,767.967351510809
"Streptomyces_sp._604F",9.47128649731602e-05,0.000101701712944004,0.000120476607482804,0.000180992755666714,0.000104158818940118,0.000112852875273277,0.000128137891015063,0.000136879930879148,0.000149483547689478,9.54656803114263e-05,8.68761845466744e-05,0.000256132379238638,9.002804936413e-05,7.50567210497116e-05,7.0421196749933e-05,7.17742431325273e-05,0.000115172531981169,7.29549660394782e-05,0.000108334276242775,0.000141418881428577,0.000122298352720449,7.38353365245618e-05,"v_3318",221,3.11235605353252e-05,1560.26419259147
"Streptomyces_sp._FR-008",7.21862582980491e-05,8.40734160337098e-05,0.000101180114262703,8.88397817299795e-05,8.04576313778948e-05,0.000110279436132236,0.000103948595262219,9.88115973261978e-05,9.82468753415469e-05,0.000104724893451999,6.11769969319372e-05,0.000106231331492971,7.7586673097837e-05,5.91793377507341e-05,7.99621330837949e-05,6.70119710763407e-05,0.0001100817548564,5.31609830055112e-05,6.74079941066154e-05,0.000132115007650381,8.73348018518534e-05,7.2797490428835e-05,"v_3322",189,3.11351889905972e-05,2276.29361997591
"Streptomyces_sp._GBA_94-10",7.54444707348482e-05,9.14916586249195e-05,0.000107323192628653,0.000121124143000458,0.000111806402126862,9.90774069300597e-05,0.000126764985039901,0.000119761955388895,0.000109443311701225,6.36650724217338e-05,9.04320469839336e-05,0.000121942935927365,7.19599200125789e-05,6.92831271228107e-05,7.41315608797682e-05,7.97680569411263e-05,8.8962590348693e-05,5.13155289482091e-05,0.000121815875064098,0.00014803977765213,0.000107186987514531,5.9453754912348e-05,"v_3329",192,3.08613399993828e-05,1198.5806311731
"Streptomyces_sp._ICC1",0.000102689867835668,0.000106328143807339,0.000126330599808003,5.39356870867178e-05,0.000112122417961025,0.000121632844107415,0.000130491444115339,0.000152017842040304,0.000118563587676327,9.04848622082214e-05,7.6612672511858e-05,0.000140834834914944,4.94529076715464e-05,0,7.26928482579954e-05,9.15036559367291e-05,0.000149598282240748,3.69983773101066e-05,0,0.0001174451787629,9.15570950711542e-05,0,"v_3334",113,3.13774709758394e-05,182.922250895246
"Arthrobacter_sp._NtRootA1",5.29740401362337e-05,4.666313888019e-05,9.98069555691378e-05,5.12389027323819e-05,4.79712036259404e-05,5.7296865581402e-05,6.81222869580078e-05,4.68189404266988e-05,6.21365143669557e-05,4.21453839501949e-05,4.39633901333869e-05,4.06318229481606e-05,3.50109080860506e-05,2.94092440651514e-05,4.77046816693095e-05,3.87785010289484e-05,7.68656942106271e-05,3.94093737398079e-05,0.000323076886039564,0.000130297506726268,5.02971420334253e-05,3.55832947106322e-05,"v_3684",98,3.08461087633795e-05,474.732079676199
"Arthrobacter_sp._StoSoilB5",4.24691138313814e-05,4.32331987573726e-05,6.8007491086574e-05,5.96374597215994e-05,4.92984701294249e-05,5.87349639249246e-05,5.9361839306978e-05,5.90186916156475e-05,6.10242855895042e-05,4.20176706654973e-05,4.5902951462801e-05,4.45715908274799e-05,3.58861807882018e-05,3.35590147001114e-05,3.52105983749665e-05,3.6482405573287e-05,5.0655752578151e-05,2.86938340522468e-05,0.000155038386445215,0.000117142261942214,5.78528246363846e-05,3.82520418139296e-05,"v_3686",164,3.2499187520312e-05,2338.57090397315
"Arthrobacter_sp._StoSoilB20",3.7918851635162e-05,4.17176438193835e-05,7.28496822691462e-05,5.31651772711933e-05,5.06257366329094e-05,5.47991158268626e-05,6.21730277323084e-05,5.01403386561508e-05,5.33869813176708e-05,4.09321077455681e-05,4.51756159642707e-05,4.47614591590133e-05,3.54485444371262e-05,3.44611387511897e-05,3.19545645467438e-05,3.71627301527422e-05,5.76114678575389e-05,2.90510187084989e-05,0.000157927300478356,0.000117877917078165,5.06675186316096e-05,3.32110750632567e-05,"v_3687",154,3.21626141772803e-05,1464.11771197805
"Arthrobacter_sp._NicSoilB11",8.72976228756174e-05,7.35442975171541e-05,0.000142736232620599,8.99955464532663e-05,9.06333412379427e-05,0.000174993861590755,0.000113951195938395,9.79812477688348e-05,0.000105810031028217,7.91183798701386e-05,7.45114810716594e-05,5.18815215915181e-05,5.50171412780795e-05,6.76593038308698e-05,5.4973966495109e-05,5.79126298261269e-05,7.95874958416919e-05,3.0301165005381e-05,0.000236890950717534,0.000231991010813525,9.71127440439184e-05,6.68669413103963e-05,"v_3691",242,3.1104199066874e-05,1955.65486788872
"Arthrobacter_sp._AQ5-05",2.96609683901712e-05,5.07312073979501e-05,4.9072355417411e-05,3.30548710860028e-05,4.22197154441742e-05,5.80537594464139e-05,4.96207445308329e-05,4.54776065263431e-05,4.6046271386491e-05,3.94634049715461e-05,3.59626996495536e-05,3.81635346382256e-05,2.45076356602354e-05,0,3.41504943378708e-05,3.34209449657384e-05,3.99701609895261e-05,2.90510187084989e-05,0,5.95015183489268e-05,4.22970075126448e-05,0,"v_3698",105,3.25013000520021e-05,452.497201735016
"Pseudarthrobacter_sp._BIM_B-2242",7.31412515984903e-05,7.65754073931322e-05,0.000154950117842311,0.000103094213317183,8.45658372220135e-05,0.00011050650429174,0.000121665619989302,9.92587086263163e-05,9.72829437344223e-05,6.95398835178216e-05,7.3137625129991e-05,7.26721038944321e-05,6.52078163102692e-05,5.28644693931863e-05,6.34547987918752e-05,7.24545677119825e-05,8.51823103055474e-05,3.70281426981277e-05,0.0003505215693544,0.000271067280681947,0.000102520242377409,5.54506342574018e-05,"v_3717",276,3.11254980079681e-05,1446.22800799234
"Pseudarthrobacter_sp._NBSH8",3.55032803458109e-05,4.43499234485224e-05,8.00768332879107e-05,5.60160635886341e-05,5.29642538057155e-05,6.44873572990152e-05,6.08001217571471e-05,5.56972933861955e-05,5.28679412215268e-05,4.16345308114046e-05,4.64686568505468e-05,4.21982366833116e-05,3.60737392243771e-05,3.71675109044245e-05,3.71793630152872e-05,4.31155702229755e-05,4.91436405608928e-05,2.63721337866086e-05,0.000186816440809763,0.000144145132814746,5.34083054581733e-05,2.89114269523887e-05,"v_3720",143,3.15935801845065e-05,559.034127854413
"Pseudarthrobacter_sp._SSS035",4.66261434921251e-05,5.74315555448492e-05,0.000111587211729724,0.000102786009390974,0.00010226272393514,8.04578178507666e-05,0.000103948595262219,8.79531800376046e-05,8.27498210423897e-05,4.94250411779558e-05,9.25332384241323e-05,7.15803609881147e-05,4.17630117883603e-05,5.44882926851271e-05,5.25508715531758e-05,5.64669400947845e-05,6.01316545529693e-05,2.84557109480788e-05,0.00021811300950212,0.000162493237381978,6.45936787233385e-05,4.84822390432364e-05,"v_3721",153,3.05688869868248e-05,667.073338972862
"Pseudarthrobacter_sp._NIBRBAC000502770",8.06688458490261e-05,5.87078123347347e-05,0.000122789295808809,7.66657266446917e-05,7.00291088505164e-05,0.000144339660057772,9.76070771864737e-05,7.48592062484187e-05,7.13309389272212e-05,6.89013170943338e-05,6.1742702319683e-05,5.80047752834722e-05,6.30821540336161e-05,3.08526425468766e-05,5.11878806483384e-05,4.72825582721388e-05,7.04140162703253e-05,2.64614299506716e-05,0.000223409351896211,0.000174869553198555,8.72607265322165e-05,5.44127881616751e-05,"v_3722",197,3.06965036682322e-05,1267.97490004642
"Pseudarthrobacter_sp._NIBRBAC000502771",8.1286782690488e-05,7.49003203564075e-05,0.000149385211557862,0.000100320377981295,7.92567712080754e-05,0.00014100932705172,0.000118266043288902,8.5781496579886e-05,9.73570923195857e-05,9.50186838149848e-05,7.16021390775382e-05,6.60741793736443e-05,6.94591408635753e-05,5.25036197727549e-05,5.05821069128551e-05,6.09740904336755e-05,7.51015635238258e-05,3.15513113022631e-05,0.000273002376131792,0.000212344691300497,8.4445864386016e-05,6.4049930479138e-05,"v_3723",274,3.12989045383412e-05,1939.46948913336
"Pseudarthrobacter_equi",6.62877702659128e-05,6.74820777651978e-05,0.000181835119632115,0.000105405742763757,9.69536579212023e-05,0.000109446852880723,0.000126372726189855,9.19133086957974e-05,8.92748965367717e-05,7.19664359270752e-05,7.7259192954996e-05,6.59792452078776e-05,6.89589850337746e-05,5.1421070911461e-05,5.90629392096213e-05,6.65867682141811e-05,7.6361656871541e-05,3.64626003257286e-05,0.000432374133626719,0.000302008070223389,9.31126767835281e-05,5.57471617133238e-05,"v_3726",240,3.06946192332484e-05,464.739339064784
"Paenarthrobacter_sp._YJN-D",1.84819291673604e-05,2.86360117230567e-05,3.72920992568248e-05,3.01269337870095e-05,3.04007232464787e-05,2.98973076679706e-05,3.6741578954319e-05,2.93177266792015e-05,3.22546345460928e-05,2.04341255516096e-05,2.3759626285323e-05,2.44930147678164e-05,2.10690643303554e-05,1.2990586335527e-05,2.22621847790111e-05,1.93892505144742e-05,3.27120233066866e-05,1.68472096198877e-05,5.92227376793835e-05,4.99812754130985e-05,2.9852353813653e-05,1.64572738036674e-05,"v_3753",89,3.19070865639258e-05,677.286913770157
"Psychromicrobium_lacuslunae",1.96616267737877e-05,2.72002228344355e-05,3.49794109308202e-05,3.21302593073733e-05,3.04639264133113e-05,3.3606087606529e-05,3.53032965041499e-05,2.9700964936446e-05,3.72225897520427e-05,2.47125205889779e-05,2.47294069500301e-05,2.45879489335832e-05,2.01312721494791e-05,1.78620562113496e-05,1.95362029693363e-05,2.30459951290461e-05,3.07966814181595e-05,1.52696440547745e-05,3.37039970533077e-05,3.58307325039355e-05,3.0889408288569e-05,1.57159551638626e-05,"v_3758",112,3.22601458158591e-05,1577.54848835572
"Mycobacterium_sp._EPa45",0.000145833094585008,0.000121324161088494,0.000137749498417651,0.000125747201893605,0.000126279927331527,0.000138057440978173,0.000140494044791515,0.000131259103106229,0.000136952436796858,0.000123243319733146,0.000126879636965841,0.00011411086725161,0.000117974256354245,9.9774920049256e-05,9.90440057515187e-05,9.77116177242582e-05,0.000146422847004506,7.47111239327174e-05,0.000128556674474759,0.00014877543278808,0.000141409785186758,0.000100819335013458,"v_3867",188,3.05380809869908e-05,780.565684366387
"Mycobacterium_marseillense",0.000107015425725902,0.000114623812941595,0.000121488408625431,0.000101476142704582,0.000104032412606453,0.000144869485763281,0.000122450137689394,0.000112672047629873,0.000110036500382533,0.000111557554183319,0.000143850798598214,9.42221595234799e-05,0.000106533191747554,6.60354805389289e-05,7.85991421789575e-05,9.55856034134605e-05,0.000106956723354066,5.68518911201156e-05,0.000105926847881824,0.000114459284387572,0.000109927774341094,7.57627649880544e-05,"v_3888",151,3.05455434052172e-05,1673.09343913777
"Mycolicibacterium_sarraceniae",7.1231264997608e-05,8.54294388729632e-05,9.23629900198103e-05,8.08264796485242e-05,8.18481010482119e-05,9.67310359485227e-05,9.62341712113123e-05,8.19491140074413e-05,8.03770663171599e-05,8.66534636672946e-05,6.72381260863564e-05,7.48081226241835e-05,8.31509067043701e-05,6.38703828163411e-05,6.50449548475188e-05,7.14340808427997e-05,0.000101361908890211,5.49171408987504e-05,8.08895929279384e-05,0.000109482793762025,0.000100520208747214,5.55988979853628e-05,"v_3978",193,3.16997400621315e-05,1337.44019865395
"Rhodococcus_sp._DMU1",8.37023539798391e-05,0.000116458432077055,0.000126908771889505,0.000108102527118093,0.000104158818940118,0.000134878486745123,0.000114735713638487,0.000114013381530228,0.000106551516879851,0.000112962400314992,9.09169373162872e-05,9.49341657667303e-05,9.72803088962405e-05,5.57512663566367e-05,8.70042527587882e-05,8.74217084599977e-05,0.000118297563483503,4.0421396932522e-05,0.000118926961030957,0.000151285315016617,0.0001394838268762,6.43464579350599e-05,"v_4034",275,3.06616790335439e-05,1945.44480316753
"Rhodococcus_sp._21391",4.53902698092013e-05,5.76708536929527e-05,6.01298964761207e-05,5.04683929168574e-05,6.03590243251292e-05,7.73545530042177e-05,6.59648632827542e-05,5.33339907998546e-05,6.02086511527065e-05,4.98720376743973e-05,6.02072162672302e-05,6.12325369195411e-05,3.60737392243771e-05,2.39964997586818e-05,2.93800261709398e-05,5.61267778050569e-05,5.6048952106372e-05,2.57470606381675e-05,6.06671946959538e-05,6.91515827793345e-05,5.68898454811055e-05,4.47756458442122e-05,"v_4038",96,3.12256049960968e-05,440.603051565409
"Gordonia_sp._JH63",5.76366544854462e-05,6.32544771487019e-05,7.20546956570821e-05,6.6186793153558e-05,6.83226233460363e-05,6.46387360720175e-05,6.46573337826005e-05,5.99129142158846e-05,5.94671653010722e-05,5.07021740249314e-05,4.44482804657404e-05,4.78468195464321e-05,5.32665958737769e-05,3.8430484575934e-05,4.66445776322137e-05,5.96984818471969e-05,5.720823798627e-05,2.59256529662936e-05,6.83709654509956e-05,6.57762239202681e-05,5.22231003439836e-05,4.80374478593535e-05,"v_4169",86,3.15547000725758e-05,1947.7040102214
"Gordonia_sp._135",5.11764056883446e-05,5.24860604840427e-05,8.05104623490366e-05,6.17948872050681e-05,6.00430084909662e-05,6.80447584645712e-05,5.80543098068243e-05,7.63282862345225e-05,8.14892950946114e-05,5.3448009645929e-05,5.7944394716247e-05,5.32580669951357e-05,6.72709591081971e-05,5.21427701523236e-05,4.39943175394743e-05,5.21298709007574e-05,7.71681166140788e-05,4.25942702580552e-05,5.72967949906231e-05,6.48674734582118e-05,6.15565906182274e-05,5.20405685142996e-05,"v_4170",123,3.19631784184619e-05,1441.01350819617
"Bifidobacterium_animalis",7.5837703270324e-05,9.61180894882545e-05,0.00012091023654393,8.97643935086089e-05,9.00013095696168e-05,7.58407652741939e-05,0.000101856548061973,0.000107434458114198,0.000120120707964759,6.69217611815216e-05,6.32781883721359e-05,7.26721038944321e-05,8.31509067043701e-05,2.11097027952314e-05,6.99668664483206e-05,8.24893552589473e-05,8.01419369146866e-05,2.43480874011804e-05,7.60747362060374e-05,7.60321219920468e-05,7.90383660525255e-05,6.04916010080747e-05,"v_4501",84,3.26829427721672e-05,725.773548017018
"Oscillatoria_nigro-viridis",1.67404707959678e-05,1.98617462925937e-05,1.66224473431584e-05,2.0033255203638e-05,2.45860318978799e-05,1.9376482944305e-05,2.47776840279126e-05,2.13974693628159e-05,2.06874552605974e-05,1.66027270106828e-05,1.5193230413744e-05,1.6898281506478e-05,1.70052982132246e-05,1.08254886129392e-05,1.59015605564365e-05,1.23308830026261e-05,0.000172834403572617,1.0239293479225e-05,1.10741704603725e-05,1.43236382352689e-05,1.61484196808346e-05,1.30472080605651e-05,"v_5628",97,3.29424166556859e-05,1435.44726659966
"Hymenobacter_sedentarius",6.48271922770029e-05,7.90481549235355e-05,5.75281221093654e-05,7.15803618622298e-05,8.01416155437318e-05,7.8262825642232e-05,6.51803455826619e-05,7.14100619332186e-05,6.94772242981354e-05,6.69856178238703e-05,7.08748035790079e-05,6.37957593952428e-05,6.40199462144925e-05,4.96168228093045e-05,6.20918078870377e-05,6.44607539033835e-05,6.41639532656579e-05,4.97081979950749e-05,5.87412520071934e-05,5.57799688376484e-05,6.28899463716908e-05,6.87943697738889e-05,"v_5868",91,3.42794460441519e-05,661.797701625312
"Chloracidobacterium_thermophilum",2.65712841828617e-05,7.99255814665818e-05,2.38495983619229e-05,3.32860240306601e-05,3.16647865831306e-05,3.5952458588066e-05,5.86426980818935e-05,2.89344884219571e-05,3.58879152191009e-05,1.70497235071243e-05,3.20027619353331e-05,3.03789330453537e-05,4.60768558203915e-05,9.9233645618609e-06,1.62044474241781e-05,1.41167350236961e-05,6.12909404328673e-05,1.08048358516241e-05,0,2.71326923671106e-05,3.58524547042384e-05,2.2684350378028e-05,"v_6477",103,3.57155612700454e-05,1899.63718782937
